Date/Time,EAST:Surface Outside Face Temperature [C](TimeStep),NORTH:Surface Outside Face Temperature [C](TimeStep),SOUTH:Surface Outside Face Temperature [C](TimeStep),WEST:Surface Outside Face Temperature [C](TimeStep),FLOOR:Surface Outside Face Temperature [C](TimeStep),ROOF:Surface Outside Face Temperature [C](TimeStep),THERMAL ZONE 1 INTERNAL MASS:Surface Outside Face Temperature [C](TimeStep),EAST_WINDOW:Surface Outside Face Temperature [C](TimeStep),NORTH_WINDOW:Surface Outside Face Temperature [C](TimeStep),SOUTH_WINDOW:Surface Outside Face Temperature [C](TimeStep),WEST_WINDOW:Surface Outside Face Temperature [C](TimeStep) 
 06/01  00:05:00,12.302091552337632,12.363739226157493,12.298645424038606,12.43944222928921,18.0,10.450962408580564,24.00339935651443,15.259237321804903,15.261311083824808,15.279135657163124,15.276204158200471 
 06/01  00:10:00,12.56618522457256,12.620653884388144,12.559813053893992,12.691517615666656,18.0,10.768945111529655,23.987326995900254,15.59822276087425,15.600422255201238,15.615110170923629,15.612287888721937 
 06/01  00:15:00,12.873704199541388,12.922689971578912,12.866180560574989,12.989486134595992,18.0,11.087676963642288,23.972988310615342,15.939128253464332,15.941286370887724,15.953060167076103,15.950338825585732 
 06/01  00:20:00,13.21225669508321,13.256776817725866,13.204741703784347,13.320267539386217,18.0,11.483993104571814,23.960166679700233,16.281322168951988,16.283414248673353,16.29245059523572,16.289829289773422 
 06/01  00:25:00,13.573671200975191,13.614442268469643,13.567018165217874,13.675321067544152,18.0,11.880345257478313,23.948864422744908,16.624681314717577,16.626705816354615,16.63317742672234,16.630654955638306 
 06/01  00:30:00,13.952299893546948,13.989854514524518,13.947143982615806,14.048727399670526,18.0,12.326347852180234,23.938880296348163,16.969036016556856,16.97099209722404,16.97506949478168,16.97264516445955 
 06/01  00:35:00,14.344120314126393,14.378868064136933,14.340929921248813,14.436251406498846,18.0,12.77179388560102,23.93023506593656,17.314360456663564,17.316247814982432,17.31810013874258,17.315772786680327 
 06/01  00:40:00,14.746200069758794,14.778464675734078,14.745313074792174,14.834790425651954,18.0,13.24965011510687,23.92273115026856,17.660522740029023,17.662340520614464,17.662135203948196,17.659904240631136 
 06/01  00:45:00,15.156359484377822,15.186402894801285,15.158010372886986,15.242026683423187,18.0,13.726556751150248,23.91644848088102,18.007537608499092,18.009285457844612,18.00718835384754,18.005052706794288 
 06/01  00:50:00,15.572950860689145,15.60417652578134,15.574055013765697,15.656199381963106,18.0,14.22441106314754,23.9111351670791,18.355271719772986,18.353042676705684,18.357031593346676,18.351083333700785 
 06/01  00:55:00,15.994709841163093,16.02676039235116,15.995904821069454,16.075950777009986,18.0,14.721061955991805,23.90686436121703,18.70374241626041,18.699859251710336,18.705448677714116,18.69801167178406 
 06/01  01:00:00,16.420652970661454,16.45371190779359,16.421945740129573,16.500219747713142,18.0,15.230891278093777,23.903499309727763,19.052863498354498,19.04750734837262,19.05449489850224,19.045750044904707 
 06/01  01:05:00,16.67008501494603,16.702435522738732,16.671446051579466,16.746539992124568,18.0,15.507844380726304,23.901100809516414,19.064831469294518,19.05931548276476,19.066376108722125,19.057652823716296 
 06/01  01:10:00,16.851306013729403,16.88254668852592,16.85270717036447,16.924393885347072,18.0,15.742693724384868,23.89621870128033,19.074723959402036,19.069043565017182,19.076269442553553,19.06738840643692 
 06/01  01:15:00,16.99042789801245,17.020423635501654,16.991847220742628,17.060133908589577,18.0,15.976784665235575,23.890158491167455,19.083251490137854,19.077387525343113,19.08479195306984,19.075744374730675 
 06/01  01:20:00,17.1006112531955,17.129334899584492,17.1020322174294,17.167016342369124,18.0,16.136700455645677,23.88334150307968,19.09104439772534,19.08498834740942,19.092576925064122,19.083359503592305 
 06/01  01:25:00,17.190106229108228,17.21758371985917,17.19151658290632,17.25333654412525,18.0,16.29592185000641,23.875942462981968,19.098417599906156,19.09216648621708,19.099940891732274,19.09055278203084 
 06/01  01:30:00,17.264421371494986,17.290704697306047,17.26581213358486,17.324623290827752,18.0,16.40951382984716,23.868019507972917,19.105485540756604,19.099038915720428,19.106998590310127,19.097440958592358 
 06/01  01:35:00,17.3273605664342,17.352513317607706,17.32872523726707,17.38468730202733,18.0,16.52268707747244,23.859699431854622,19.11235522460163,19.105713204258336,19.113857438966477,19.104131234975853 
 06/01  01:40:00,17.381617165302952,17.4057066772673,17.382951125654994,17.436221481802676,18.0,16.60632623109748,23.851023308780377,19.119058853638307,19.112222060652698,19.120549554742297,19.110656433374913 
 06/01  01:45:00,17.429137950291373,17.452231078644015,17.430438008026766,17.481168273687317,18.0,16.689697798803206,23.84209277930426,19.125657505074628,19.1186263803761,19.12713625838296,19.11707723456084 
 06/01  01:50:00,17.47135525088495,17.493516183229932,17.472619299992832,17.520953694979802,18.0,16.75348928096541,23.83292816462403,19.13215829840732,19.124933535656623,19.1336245460775,19.123401153005716 
 06/01  01:55:00,17.509339510575764,17.530628729722075,17.51056627385971,17.556640996964283,18.0,16.817102690350495,23.823617208153806,19.138608576408785,19.131190572716264,19.14006201921336,19.129674999879 
 06/01  02:00:00,17.543902049405478,17.56437594448952,17.5482932179521,17.589034048315288,18.0,16.86748586797593,23.814160523110186,19.14500166211519,19.13739111283809,19.13891501553769,19.135892544591968 
 06/01  02:05:00,17.570963520133503,17.59059476658286,17.573388302391756,17.61397551233669,18.0,16.910679872663877,23.804602837877763,19.14429857226162,19.13670775383241,19.144812154451984,19.135225696443854 
 06/01  02:10:00,17.593851154592766,17.612669517715602,17.59576536478391,17.634839975930596,18.0,16.943295299222992,23.794918458226398,19.142671446331292,19.13508787307154,19.14375617253188,19.133619724459436 
 06/01  02:15:00,17.613642231399947,17.6316869286339,17.6152785419292,17.65270960342553,18.0,16.97585590315264,23.785160739074165,19.14070595466751,19.13313118187341,19.14197925715723,19.13167720361696 
 06/01  02:20:00,17.63099282626981,17.648305205576428,17.63244062548497,17.668238943834453,18.0,16.999705620856915,23.77533365906364,19.13858783228892,19.131022756395396,19.13992881375134,19.129583076772747 
 06/01  02:25:00,17.646368101599922,17.662989156791653,17.647678021497594,17.68188957782545,18.0,17.02351310120913,23.765502159199098,19.136425512772803,19.12887019857334,19.137786630092705,19.127444588448384 
 06/01  02:30:00,17.660113527694982,17.676082776382476,17.661317635564966,17.694002561143662,18.0,17.041375039095815,23.755638019513615,19.134226599138856,19.126681282587583,19.135588799243294,19.125269653517307 
 06/01  02:35:00,17.672492739674563,17.687847722399567,17.673612437110776,17.704836831683473,18.0,17.059208992358066,23.745796794762654,19.132033495577105,19.124498016608868,19.133389412104123,19.123100020977233 
 06/01  02:40:00,17.683711146580773,17.698487245151934,17.684761279153474,17.714593095738596,18.0,17.072870757049856,23.735948221988227,19.129828870626,19.122303402284615,19.131175526437232,19.120918861794507 
 06/01  02:45:00,17.69393157894026,17.708162001867063,17.694922793232987,17.723429615887785,18.0,17.08651335472946,23.72613997753415,19.127641332410803,19.12012574259927,19.12897780054368,19.118754258268268 
 06/01  02:50:00,17.703285055016007,17.717000908622104,17.704225221989716,17.731473044875013,18.0,17.09716957269687,23.716342066236642,19.12545057729028,19.11794505653768,19.126776495844524,19.116586393239913 
 06/01  02:55:00,17.711878398542755,17.72510879915155,17.712773505138788,17.738826071575346,18.0,17.107812335692586,23.706594294443647,19.123279569376223,19.11578404253919,19.124595064401092,19.11443777738407 
 06/01  03:00:00,17.71979975064396,17.73257195325323,17.720654474639613,17.745572939781113,18.0,17.11627862803348,23.69686870765533,19.121109338386646,19.11362401360134,19.122414505166375,19.11228987316713 
 06/01  03:05:00,17.7317819872438,17.744186631559238,17.732599849942623,17.756503191467466,18.0,17.131677846972227,23.687197638918143,19.12603748843253,19.118354720081015,19.127332326707574,19.117032766751777 
 06/01  03:10:00,17.74508018455241,17.757157156255463,17.745864199872646,17.76882285954724,18.0,17.146948006277203,23.677661729443557,19.131898312608712,19.124031608278187,19.133180546001086,19.122723944695053 
 06/01  03:15:00,17.759056764045198,17.770833912043756,17.759809484020575,17.78188140427173,18.0,17.162208697041436,23.668218622642502,19.13810394987604,19.130052637771826,19.13937424958442,19.128758562776284 
 06/01  03:20:00,17.773405010008045,17.784904262862092,17.77412862813969,17.79536492332986,18.0,17.178597921418504,23.658839209695735,19.14445085351508,19.136215003673954,19.145709611952157,19.134934049327853 
 06/01  03:25:00,17.787941518976474,17.799181179209228,17.78863794963182,17.80908503150974,18.0,17.19498137958314,23.649544206288155,19.150877621695145,19.142457620372227,19.152125234348773,19.14118931599944 
 06/01  03:30:00,17.802550580424434,17.813546536135945,17.803221517170094,17.822922229662673,18.0,17.211874623350827,23.640312865568955,19.157341470488916,19.14873808369191,19.15857819326311,19.14748209871982 
 06/01  03:35:00,17.817157796011063,17.827924222221107,17.8178047546717,17.83679904746064,18.0,17.228758887539712,23.631160272951043,19.163839722914076,19.155053610762934,19.16506588278827,19.15380954924342 
 06/01  03:40:00,17.831715080055886,17.84226486298103,17.83233943084398,17.850664784984776,18.0,17.245850104159278,23.6220693072141,19.170356977830522,19.161388974392707,19.17157281513414,19.160156528785365 
 06/01  03:45:00,17.84619155466281,17.85653655776294,17.846794546462615,17.86448625954378,18.0,17.26293083971592,23.613050634760608,19.176898056746438,19.167748861733912,19.178103870565337,19.16652767093683 
 06/01  03:50:00,17.860567808920443,17.870719045776443,17.86115058790156,17.87824197692637,18.0,17.28005619545694,23.604090950459884,19.183454155464574,19.17412458767228,19.184650179291452,19.17291435802815 
 06/01  03:55:00,17.874832177745166,17.884799928772946,17.87539580184199,17.89191835651426,18.0,17.297170368086476,23.595197343701166,19.190029665863108,19.180520433590402,19.191216172556892,19.17932083648475 
 06/01  04:00:00,17.888978277053614,17.898772171673357,17.88952372740001,17.905507232649526,18.0,17.31424204873228,23.586359990291736,19.1966187210611,19.18693061632132,19.197795933826058,19.185741374657596 
 06/01  04:05:00,17.88098901719721,17.89021454715823,17.881518092348735,17.896601244429366,18.0,17.301520819289795,23.57758310507544,19.167751721317416,19.15891585035115,19.168923645867153,19.157731606835398 
 06/01  04:10:00,17.86419829887471,17.872786843477478,17.864712123169046,17.878848238896147,18.0,17.282493606536633,23.568380608804354,19.1353090205979,19.127341953509926,19.13648464635412,19.126153969916004 
 06/01  04:15:00,17.84186677254141,17.84981204454026,17.84236627711999,17.85556763859497,18.0,17.2635666191783,23.55905597718707,19.102316712209586,19.095235940641828,19.10349447320465,19.094045670922128 
 06/01  04:20:00,17.81564748999465,17.822965672126188,17.816133489228164,17.828432777216012,18.0,17.234612583304507,23.549627471123898,19.069218515364355,19.063041577300282,19.070398435412812,19.06184896266251 
 06/01  04:25:00,18.084462908833245,18.026458868937077,17.933027137813323,17.94392632360165,18.0,17.389001031981067,23.54008846268305,19.185935690157635,19.1484509444241,19.11326065828314,19.105695562945243 
 06/01  04:30:00,18.128193912788454,18.067535532581655,17.976827920582423,17.98654359927145,18.0,17.410863876734503,23.540010967920754,19.133352265943472,19.109102677490057,19.094345648510227,19.087695026909444 
 06/01  04:35:00,18.218516416088182,18.139204891700146,18.03234815172417,18.040988461742025,18.0,17.470717790561352,23.53255161807454,19.136285841036056,19.107467978240663,19.084984315353722,19.079121707304466 
 06/01  04:40:00,18.308868324692995,18.21176491229971,18.09176104553151,18.099460065405392,18.0,17.52749481235429,23.527354305916102,19.13409224240172,19.102650043524136,19.07630631046368,19.071289251287112 
 06/01  04:45:00,18.395450278360325,18.282964378520226,18.15389337057097,18.16083369854151,18.0,17.58475555506644,23.522129659641926,19.12895903243566,19.09605915048496,19.06762700641292,19.06346916452037 
 06/01  04:50:00,18.478777877803637,18.353136900313775,18.218247661913104,18.224637112706752,18.0,17.649382982852114,23.517039461400472,19.122471406550176,19.08878351690521,19.05908263823642,19.055903889464958 
 06/01  04:55:00,18.55836794887086,18.42214615949326,18.284463566226346,18.290529513718763,18.0,17.714412786261963,23.512124531570766,19.114732530270658,19.08101435032654,19.05078225033401,19.04876308539076 
 06/01  05:00:00,18.624396598450755,18.48566922428818,18.352264710532456,18.358249498106826,18.0,17.784230664586364,23.507372227643884,19.101153024870086,19.070749452497694,19.042696059134528,19.04190921731748 
 06/01  05:05:00,18.642243438493875,18.500859771580206,18.377497215339268,18.380647435466326,18.0,17.810578023976248,23.50263159027964,18.998670210369482,18.962598458858224,18.945023637203917,18.936925057398753 
 06/01  05:10:00,18.640304624244614,18.49474735678798,18.383949832566934,18.382196918066192,18.0,17.82574041229951,23.506220970712157,18.893951873086053,18.850551627595678,18.843606936433105,18.827185579899265 
 06/01  05:15:00,18.625980383989944,18.47410154572029,18.377428821105678,18.368860895986927,18.0,17.835943845997292,23.502892006317662,18.788852658698374,18.73706272143886,18.74071616205947,18.71546080556118 
 06/01  05:20:00,18.603023837777936,18.44241748663039,18.360982381715452,18.34381734440874,18.0,17.826058029407,23.499739761860933,18.6838086413303,18.622779645825517,18.637045698199245,18.60254343011991 
 06/01  05:25:00,18.57372278777591,18.401928312547614,18.33662027358295,18.30920775242986,18.0,17.811964577723035,23.49624173755833,18.57857319036418,18.507578263380765,18.532533636721325,18.488424615012832 
 06/01  05:30:00,18.539547007785355,18.354159965180248,18.305759374000264,18.266579457360805,18.0,17.7814257594368,23.492420219575756,18.473088672732047,18.391489750070377,18.427259564436554,18.373218481675224 
 06/01  05:35:00,18.54204396604835,18.327840591547346,18.291443095624153,18.238571140418937,18.0,17.774689285577416,23.48829296968185,18.386995825098893,18.287544863856624,18.331935321710375,18.26718346193195 
 06/01  05:40:00,18.55376238687715,18.304427464265547,18.280401095484464,18.212009422034086,18.0,17.758907711213958,23.485193814131126,18.29952928351088,18.182211242391418,18.23610875140787,18.160304748340764 
 06/01  05:45:00,18.568265413753114,18.279800791749636,18.269753574598862,18.1840988089391,18.0,17.739331972122947,23.482191981858303,18.210473940300176,18.075253995822607,18.13949575430513,18.052285269335698 
 06/01  05:50:00,18.582542033801573,18.252167670499563,18.258201025855723,18.15363429109221,18.0,17.71521406673279,23.479169947538654,18.119948082638643,17.966791252134612,18.04211918687679,17.94317055810825 
 06/01  05:55:00,18.603717551687712,18.222278233426916,18.243945455652245,18.118960953731058,18.0,17.687690342169297,23.476103894192452,18.03221828519463,17.857702179596913,17.94351921741179,17.832560649722154 
 06/01  06:00:00,18.615589828332833,18.18664815863674,18.228378680285108,18.081525469475704,18.0,17.65351018442306,23.473068538711253,17.938775888465784,17.746471743953293,17.844758306033214,17.72146325468725 
 06/01  06:05:00,18.678361696561876,18.208942287660523,18.264593889931472,18.10257030034557,18.0,17.690160692722642,23.469906159400292,17.937339721091973,17.735033133972877,17.838268509365548,17.710088141955225 
 06/01  06:10:00,18.758397184854672,18.25023878104966,18.31930585976313,18.143434668350814,18.0,17.735918749160984,23.470810427160774,17.9391288755819,17.730372979083427,17.838877543464207,17.70570381028233 
 06/01  06:15:00,18.848052097588816,18.301877768391215,18.38479904936451,18.195442520328147,18.0,17.78134302661226,23.47896137629258,17.944294040957857,17.726410140685743,17.840128411808962,17.702193164417622 
 06/01  06:20:00,18.943617828938702,18.359754086678258,18.45728685858235,18.25445042718849,18.0,17.843769127329665,23.486365450546344,17.948915790521653,17.721368111402626,17.84031079291333,17.697766506417793 
 06/01  06:25:00,19.04285059752272,18.42143172246438,18.534454811695426,18.317981273415747,18.0,17.90585780698172,23.49311735636877,17.95549910945857,17.715402726665047,17.839699156037113,17.692562395785103 
 06/01  06:30:00,19.144307772517458,18.485370418675174,18.614795428079024,18.384454418965188,18.0,17.97672784811435,23.50121219199675,17.960313400483187,17.708762410131726,17.83857414292089,17.6868147152058 
 06/01  06:35:00,19.803813075975885,18.729505925667294,18.80556455993448,18.55622836103204,18.0,18.254073587627893,23.510052140518372,18.21680755851304,17.772142388146335,17.883657031932955,17.72163412833106 
 06/01  06:40:00,21.102373763710194,19.097680006300966,19.04669164087704,18.774246760867516,18.0,18.580974990236243,23.529857635110222,18.68825943056504,17.870278484264816,17.940696177829523,17.7688526365543 
 06/01  06:45:00,22.265237385788826,19.43220157710353,19.301098507324248,19.00295343685641,18.0,18.913893640380188,23.55800411736233,18.967813297429757,17.929509005238742,17.992753938799865,17.811804761927533 
 06/01  06:50:00,23.440848800542234,19.755723895181106,19.567381318412657,19.241389496121418,18.0,19.315940180376835,23.583193761902844,19.24423111893998,17.97911616342884,18.042978850636928,17.853020856622607 
 06/01  06:55:00,24.628037653877403,20.064600965394863,19.841649199284962,19.48606564306726,18.0,19.723719454240996,23.60997844797931,19.51758582149887,18.021475345888916,18.092772215914238,17.893768803407568 
 06/01  07:00:00,25.817398335323464,20.35508206772554,20.121111003739255,19.734508161944916,18.0,20.17600211166784,23.637973164452514,19.78802250395529,18.057224609010177,18.142042339020236,17.933964057593414 
 06/01  07:05:00,27.736839242715803,20.780543825714062,20.48843346404092,20.083939351300852,18.0,20.718999526157592,23.66720715352419,20.493553398688846,18.24293626669703,18.30785064732129,18.104392752230638 
 06/01  07:10:00,29.256335522621598,21.149924429993167,20.858420547516804,20.441507712758455,18.0,21.32090256038293,23.78599866524284,20.83441777935934,18.341509859982807,18.417799761248205,18.21834349543974 
 06/01  07:15:00,30.694610404330614,21.499382885925748,21.238902946482003,20.813176015894292,18.0,21.939388912041647,23.77831771497495,21.153505798881383,18.42795832693156,18.515468646947625,18.3246913477754 
 06/01  07:20:00,32.090399689259144,21.830732211788625,21.6283362798252,21.19681195566027,18.0,22.626095288077888,23.749968168543994,21.472495814024626,18.51912127446451,18.621317255992437,18.438984672642732 
 06/01  07:25:00,33.45535819436265,22.143339669267746,22.025214296306963,21.590669195728378,18.0,23.33083598731489,23.723027681610944,21.79199825946148,18.614743984740016,18.733869976788128,18.559725911334738 
 06/01  07:30:00,34.79460222048509,22.436431645044216,22.428466862030586,21.99358775517952,18.0,24.097628262591293,23.703100483422933,22.111799836348894,18.716024075961798,18.853666268553184,18.686652148380233 
 06/01  07:35:00,36.2199481887154,22.55389512366245,22.671415677375755,22.24392590788442,18.0,24.80477752677135,23.68999773414176,22.4788270967249,18.73627987053817,18.89248011224265,18.740191214344918 
 06/01  07:40:00,38.36385126443815,22.64171246888749,22.92517552103184,22.441592957876658,18.0,25.56861572494554,23.676516035425454,23.175047151715262,18.789960347799592,18.95002148639736,18.791276209994805 
 06/01  07:45:00,40.042145323042895,22.747193407667982,23.239759613632337,22.600822917482063,18.0,26.36363358962824,23.674940756147155,23.541049167845983,18.838745492882992,19.012850255083833,18.839056169801893 
 06/01  07:50:00,41.620144790514765,22.85080932207707,23.59666899099799,22.73900724544756,18.0,27.21414308865969,23.671221052473665,23.90837456106533,18.88554958414727,19.08462388701423,18.88554438377298 
 06/01  07:55:00,43.87862410169327,22.972178110349333,24.06073097185172,22.884133698281243,18.0,28.09659375625889,23.670506939249677,24.620872924203354,18.943558263276657,19.20209966480752,18.94323841872557 
 06/01  08:00:00,45.588710493649415,23.075904336719436,24.5387536111059,23.004766569853462,18.0,29.052678530755525,23.681512217808603,24.979264639567646,18.992340726032978,19.309503976559597,18.991595580043622 
 06/01  08:05:00,47.0708438278551,23.167315711374567,25.059124191617414,23.108953582725086,18.0,29.9216808825389,23.68768733570526,25.421480568133518,19.180129778167043,19.580866465557733,19.17888770522677 
 06/01  08:10:00,48.42266768886751,23.254434593632404,25.621518472904988,23.2057661554584,18.0,30.8320020042518,23.945553649239297,25.831362357557964,19.33285203858668,19.833986558106858,19.330905759668042 
 06/01  08:15:00,50.016179657488514,23.394240299641172,26.317714296151536,23.353058017900317,18.0,31.7542129558897,24.062053424558407,26.357658800295553,19.480765645717042,20.115667889422298,19.47820499114971 
 06/01  08:20:00,51.29698829818358,23.487338404025827,26.99224033298689,23.452031648155447,18.0,32.69653977753853,24.174881990613233,26.709007272333736,19.596146264167146,20.36544343319963,19.592874169258153 
 06/01  08:25:00,52.45020972732438,23.5706219450293,27.69267865572716,23.53999558027196,18.0,33.649584351531985,24.27141538298326,27.04001778781526,19.70827595875477,20.62658399409736,19.70427924154103 
 06/01  08:30:00,53.500630910922226,23.650953474203476,28.424698679443377,23.624110206014002,18.0,34.62869130351647,24.35985497835444,27.351085597792576,19.819882741802076,20.900859872766546,19.815138868119107 
 06/01  08:35:00,53.955845130396916,23.779576960663896,29.1343679035051,23.755835058254434,18.0,35.33586119733113,24.44190799154642,27.405726601905485,19.954750355705016,21.17636491397542,19.949618667990194 
 06/01  08:40:00,54.207141105819254,23.924146698382774,29.839225851578455,23.902978995822256,18.0,36.00625649132758,24.517198876500608,27.460538446344742,20.087260797501358,21.45199190705671,20.08184995428627 
 06/01  08:45:00,54.32982319690404,24.077778492127504,30.540720530335104,24.05876955887223,18.0,36.67421073968031,24.58787378561019,27.510677607827915,20.218630791916553,21.728224866664675,20.213037076548517 
 06/01  08:50:00,54.36126889922079,24.237215746921343,31.23877242554616,24.220033989732354,18.0,37.26554649642016,24.65491769435633,27.55649613914744,20.349191588521194,22.004569141921934,20.343451807460212 
 06/01  08:55:00,54.154622489017264,24.52013825376019,31.97404265077447,24.504520040214086,18.0,37.85525967602544,24.718702961000464,27.520980648756222,20.536480643264213,22.300015331360612,20.53076773794112 
 06/01  09:00:00,54.018309112820326,24.726122851298637,32.67193702827014,24.711850344552023,18.0,38.39812223742002,24.78206970445054,27.562342086234366,20.665506961524954,22.572604477633092,20.65988224763663 
 06/01  09:05:00,53.95290602368921,24.93749677342968,33.394500299558736,24.92431021608171,18.0,39.14351152068532,24.841402299862313,27.617391769178028,20.77686224857473,22.835767901207134,20.771318606692603 
 06/01  09:10:00,53.88488685447643,25.149851524294224,34.12419618710633,25.13758384912697,18.0,39.90463730182095,24.873769759980636,27.67096116698457,20.8912523426107,23.101653862847684,20.88589848319282 
 06/01  09:15:00,53.80164606339688,25.363484598703813,34.858055433926744,25.352005878972793,18.0,40.67271317935735,24.9173703627266,27.7236930118072,21.008245316354078,23.3706854428699,21.0031532423385 
 06/01  09:20:00,53.69762496023531,25.578701372881945,35.59457104199589,25.567906694478683,18.0,41.496757741318056,24.96074424567699,27.772424317538025,21.125360201673516,23.63979278580223,21.120618808233132 
 06/01  09:25:00,53.56982326942166,25.79566406808094,36.33264838865499,25.78546723146181,18.0,42.32702477124055,25.003911399615973,27.816526460942328,21.24262333088018,23.908569231226693,21.238316371248743 
 06/01  09:30:00,53.41649638651134,26.01445077620844,37.071397732014965,26.004780163757527,18.0,43.198581754030116,25.04687573438109,27.85529528470272,21.360049484047977,24.17666966432239,21.3562571274706 
 06/01  09:35:00,53.1230469886084,26.20494264849099,37.740490825403505,26.195737632273033,18.0,43.968958048859434,25.089513060506587,27.832240754442466,21.46253849023634,24.409749727113194,21.45935468692096 
 06/01  09:40:00,52.77306230429111,26.386208709928514,38.38288773128622,26.377417936916007,18.0,44.75089877823448,25.12927725739838,27.803283587412352,21.56405312536151,24.63912406908787,21.561532204634716 
 06/01  09:45:00,52.381512870143375,26.562400353838623,39.00670230047383,26.55398075640777,18.0,45.53641135032616,25.168099893126787,27.767490269992436,21.665277982034354,24.865070425045587,21.66346884659424 
 06/01  09:50:00,51.95562687403948,26.73550945608629,39.61560762734509,26.727424892160013,18.0,46.312065703848425,25.205971375994753,27.721229293324654,21.764508615251145,25.085056692811293,21.763449904524123 
 06/01  09:55:00,51.49964804802935,26.906730678593398,40.2116586993507,26.89895089908784,18.0,47.091148069858086,25.237666113847354,27.665266842838832,21.86239402958347,25.30058217129499,21.862111954122042 
 06/01  10:00:00,51.0162057017606,27.076828317810246,40.79604442303645,27.06932814051804,18.0,47.868515717329934,25.267585291805606,27.599156590974474,21.9598657499144,25.512405903894035,21.960370099949728 
 06/01  10:05:00,50.33283428432766,27.163791249886508,41.2352721947688,27.156614680485056,18.0,48.19504120684017,25.29590889112152,27.420244682299995,21.996943203234878,25.634590001381127,21.998205789501753 
 06/01  10:10:00,49.57757708731898,27.220063703345435,41.616420641970855,27.213210423838838,18.0,48.434355440720665,25.316313343389538,27.230656613735107,22.033084305142893,25.749870608450692,22.035050044226637 
 06/01  10:15:00,48.775296548713946,27.257866147789397,41.95713023262457,27.25132879557806,18.0,48.669439165165734,25.340082160409672,27.032183185810595,22.070331741074654,25.860538445757697,22.072941669152442 
 06/01  10:20:00,47.938611089422935,27.283454958937206,42.2661629097375,27.277224040038515,18.0,48.751171872939224,25.36281397510085,26.823942445069747,22.108128497241808,25.966327576109393,22.11131500912444 
 06/01  10:25:00,47.075307540542035,27.300773247543706,42.54887708378911,27.29483882586754,18.0,48.83305412943706,25.384574062774377,26.605623629300794,22.1465945987311,26.06748382666177,22.150277742737615 
 06/01  10:30:00,46.19052251062951,27.3124603576087,42.808752873718035,27.30681283260246,18.0,48.81870786968011,25.40547587083781,26.377078042575363,22.185795422160368,26.164180098029306,22.18988558214437 
 06/01  10:35:00,45.29469527405766,27.353074591416533,43.05491336803368,27.3477054638465,18.0,48.79020013317285,25.425143103800547,26.13958853932752,22.241492965700104,26.257488846298884,22.24587333237855 
 06/01  10:40:00,44.38788643006838,27.401426241573674,43.28255748197223,27.396327906433157,18.0,48.69608455593492,25.44638827453554,25.894712421446002,22.297725802528305,26.34601935134475,22.302288141814415 
 06/01  10:45:00,43.471967061743996,27.45326562928651,43.49149964616897,27.448430975189353,18.0,48.60066466812528,25.466404008417143,25.642998985983695,22.35389856455697,26.429426158728802,22.358534672579708 
 06/01  10:50:00,42.54862102180137,27.506746895521268,43.68201533720108,27.502169321057416,18.0,48.45842477808883,25.48632266939539,25.3862605142333,22.410303716840872,26.508159240833493,22.414907510124976 
 06/01  10:55:00,41.619326325370295,27.560900058440243,43.8545026637943,27.556573402961433,18.0,48.315146551679604,25.505832516388196,25.126481067298243,22.46692332838029,26.58234421012503,22.471395600310984 
 06/01  11:00:00,40.68541164861852,27.615225711669712,44.00940637650749,27.6111441542541,18.0,48.13999993189779,25.524963455115664,24.86624667977685,22.523821495798074,26.652176510491813,22.528072748507384 
 06/01  11:05:00,39.85711371275568,27.741842390086674,44.276942536142364,27.737965699907573,18.0,48.38052993971153,25.543757434722483,24.66185646535837,22.623676020978905,26.789922338311328,22.627688519175308 
 06/01  11:10:00,39.05331942610501,27.89372999202665,44.56980251432004,27.89004515694106,18.0,48.66800185992726,25.568919745562418,24.459981093735962,22.725140862290857,26.92624832612404,22.728852543696803 
 06/01  11:15:00,38.25776701941167,28.06083787665674,44.87137297656174,28.057337787527086,18.0,48.95149081770563,25.588889327033257,24.262573440904475,22.826111216151048,27.058443600248097,22.829469804066093 
 06/01  11:20:00,37.462783823782466,28.23849849282758,45.17382295464342,28.23517878714868,18.0,49.34196678428503,25.608611267353556,24.075430048409544,22.927305423384098,27.187030807778342,22.930273542877842 
 06/01  11:25:00,36.6639548071872,28.424042643944126,45.47259131067668,28.420900424291077,18.0,49.72782761799356,25.628079695607507,23.904488575386836,23.02868388008028,27.311940518668735,23.03124975644357 
 06/01  11:30:00,35.85861968888146,28.615879389067384,45.764871816131254,28.61291248097313,18.0,50.174039356407924,25.647406895143785,23.756662939516502,23.13033233035219,27.433246256488644,23.13251250256826 
 06/01  11:35:00,34.9611610609294,28.754296273570326,45.85009798522845,28.75150233666971,18.0,50.33462729643471,25.666635109695168,23.6047783185723,23.203724912787266,27.45003899279061,23.20554274203323 
 06/01  11:40:00,34.04226347951803,28.876111011910453,45.86169814419238,28.873487476134063,18.0,50.478294260678155,25.681237588778483,23.496270780551697,23.275688906880646,27.46160311928901,23.277229860390207 
 06/01  11:45:00,33.06948557463176,28.929439286778802,45.97613491347185,28.926983094240818,18.0,50.617402045043,25.695456180680665,23.414710136435474,23.309478881948166,27.540353380530348,23.310858595562877 
 06/01  11:50:00,32.16135106820667,29.015851930735618,45.9545453787326,29.055489394131964,18.0,50.68247932686307,25.70967726691465,23.4160588518788,23.389520752976352,27.544443531754837,23.398548623259444 
 06/01  11:55:00,31.70378228700083,29.107588720935656,45.885003775864334,29.629236617033936,18.0,50.744432697228525,25.723434094020657,23.483185435900737,23.46282515537996,27.545075496162895,23.551532492203307 
 06/01  12:00:00,31.40563662409005,29.20172936213585,45.78202203378085,30.35172018914228,18.0,50.75546470737838,25.73858476257649,23.551254619588747,23.535728106236093,27.542043826232373,23.754645634372537 
 06/01  12:05:00,31.115321252663207,29.192107638779355,45.45630574922537,31.021914179336953,18.0,50.13110347100607,25.753884167644667,23.574698133115533,23.552875321260387,27.43695162595384,23.93623146280453 
 06/01  12:10:00,30.863393114556555,29.147935963709728,45.051893518090615,31.67145894721778,18.0,49.37830847577006,25.752765505511945,23.614403131525023,23.578478889805297,27.334016859394637,24.141233430864702 
 06/01  12:15:00,30.64432703629498,29.08559600939912,44.6002431997774,32.29174310600394,18.0,48.643747083676494,25.76465277851101,23.653976197919064,23.61709362035532,27.234697002530652,24.359718458456314 
 06/01  12:20:00,30.45225701705879,29.01354044830537,44.11787177795567,32.87530706996915,18.0,47.71865233364212,25.776998270222567,23.694703115080074,23.65273896535217,27.13726481770891,24.58128926764283 
 06/01  12:25:00,30.282681528840644,28.93706633188046,43.61525830546952,33.41740851787325,18.0,46.819380351167275,25.789690185587947,23.737169484367712,23.690089509690097,27.04204571270128,24.799771100934777 
 06/01  12:30:00,30.132193942103353,28.85964975943922,43.09949147913739,33.91534596886549,18.0,45.83417116536919,25.80257769565856,23.781342524624733,23.72966418079443,26.949132832886505,25.010350127167612 
 06/01  12:35:00,30.067669781901007,28.851251106652878,42.88254407566768,34.5676392618985,18.0,45.30616018189047,25.815562320678392,23.860791461614895,23.803018738166656,27.013346683137343,25.302899114227216 
 06/01  12:40:00,30.040745773285366,28.867342689108938,42.75239994448063,35.26423012775652,18.0,44.813032164725335,25.83502683990873,23.94303488188973,23.87947318619456,27.07703126824299,25.592970068970658 
 06/01  12:45:00,30.039164821379142,28.89821300316391,42.66714113855719,35.982823032845275,18.0,44.32944934742529,25.85532094626921,24.02589328059787,23.956784564530494,27.138214857218372,25.88129706001473 
 06/01  12:50:00,29.781764728184214,28.939149725965237,42.60659297244458,37.24895839212586,18.0,43.95486059628194,25.876481853606805,24.04242558269266,24.03488365102504,27.196648555617912,26.383798540877308 
 06/01  12:55:00,29.700258340322932,28.98728009120385,42.55873817056554,38.233919798521626,18.0,43.58606172823416,25.898762582578343,24.11684868675468,24.113828176827724,27.25230867350058,26.699006119343835 
 06/01  13:00:00,29.663041819889816,29.04072582841718,42.515969416540486,39.171763178769304,18.0,43.281782950415845,25.921427245052026,24.195562658601148,24.193275772921425,27.304781544745936,27.00674190733048 
 06/01  13:05:00,29.726919113770773,29.16566487619092,42.62250463517541,40.21931613787602,18.0,43.49381259157425,25.94466090023717,24.25639320087805,24.254246991884315,27.376606075975246,27.331206214135307 
 06/01  13:10:00,30.102948522394033,29.318173906282897,42.77311562597371,40.64554100574482,18.0,43.8320768844427,25.989097196519676,24.385960712020733,24.310539133939187,27.441867604791355,27.37853634419963 
 06/01  13:15:00,30.31140236478329,29.489112905708318,42.94553373202219,41.5922237176228,18.0,44.17267250038385,26.015974369036396,24.442197704916452,24.36514089435684,27.50089271085801,27.693157257273185 
 06/01  13:20:00,30.495416638750857,29.674331209680503,43.12863371138491,42.67639535622174,18.0,44.688200040733406,26.043224702142247,24.49581377828315,24.421784462556275,27.55672380893236,28.024049856198985 
 06/01  13:25:00,30.67305124903475,29.871477590844872,43.315540429577524,43.84603408273808,18.0,45.208967854840914,26.070165016527806,24.549791247346604,24.480148672932387,27.608627813893804,28.360258907818206 
 06/01  13:30:00,30.850016524208662,30.079143753789815,43.50168257299017,45.08131172851023,18.0,45.842174176337004,26.0970423035438,24.604772603735114,24.54034990746925,27.656405411038236,28.701157192907885 
 06/01  13:35:00,30.947865705149255,30.216892968095237,43.5955426989419,46.28090403367242,18.0,46.38596983471139,26.123774181309525,24.619073304586095,24.560925684464394,27.655252665777994,29.007075107598155 
 06/01  13:40:00,31.017652654108286,30.332411459888572,43.65205819780372,47.49565015804249,18.0,46.99121799647628,26.14589594788025,24.63328994369624,24.582761372283187,27.65396665628265,29.31524486382176 
 06/01  13:45:00,31.07041308403562,30.43489590133777,43.68017016660144,48.73122331714583,18.0,47.60211190277901,26.16703217765761,24.647088842477842,24.60477946320634,27.64300750556606,29.61849476267321 
 06/01  13:50:00,31.1113020401383,30.528259699851773,43.68331750758545,49.988559103955275,18.0,48.24222776727239,26.187462866457558,24.660276042793896,24.626593465012547,27.62433476522574,29.93200387588479 
 06/01  13:55:00,31.14327284836733,30.614560335388926,43.66302034316757,51.26699795642531,18.0,48.887399346660764,26.207035974788923,24.67258260218341,24.647842167771216,27.597897844678243,30.249785581804076 
 06/01  14:00:00,31.168094119854498,30.694871645787693,43.61979987860325,52.56492843116248,18.0,49.55989278894291,26.225986466576988,24.684030302927965,24.668470825523002,27.56348346923835,30.571606467611446 
 06/01  14:05:00,31.123353953786502,30.67817992162783,43.40548736378644,53.562386568083355,18.0,49.69151709304,26.244181678506628,24.674475503656026,24.659250418302804,27.460319318293102,30.744165620596846 
 06/01  14:10:00,31.164320823141612,30.736611415138604,43.109736127458504,54.294532192758076,18.0,49.738900959521466,26.25077813594654,24.722427461560642,24.70528021083885,27.344978906080428,30.831507145560238 
 06/01  14:15:00,31.113579297672956,30.697682167826922,42.78193612351911,55.09303394653949,18.0,49.78108237813128,26.266021397903632,24.712752709598306,24.694756750671218,27.234363124424476,30.99883513936186 
 06/01  14:20:00,31.03166562563645,30.623671742058047,42.417095105826476,55.87192116120019,18.0,49.652732533936955,26.280432293709257,24.701763951308806,24.682801998134664,27.115628937369024,31.16137901725699 
 06/01  14:25:00,30.92943960348764,30.526715682099457,42.018266173192,56.62831297397169,18.0,49.52334042980386,26.294355100258574,24.68938287988493,24.669592927278472,26.989227824997215,31.32079033446314 
 06/01  14:30:00,30.8117563521413,30.41253131115826,41.58775668926511,57.362912388782604,18.0,49.28598406399464,26.307799585512708,24.675635776915442,24.655212189752433,26.855365875415373,31.477337023328005 
 06/01  14:35:00,30.71250185459989,30.315218178499947,41.08301517617482,57.86517156827916,18.0,48.896457829861625,26.320678092658078,24.67470120953385,24.65310874126351,26.69593400114354,31.53175609246773 
 06/01  14:40:00,30.616484901029626,30.22007297716239,40.54536822146683,58.27988973109718,18.0,48.41626585614958,26.332615379965652,24.673785915716053,24.651311673434975,26.536112904226343,31.58283334175735 
 06/01  14:45:00,30.521523245051117,30.12521341872169,39.98528513450804,58.63322725404581,18.0,47.941407946705276,26.343962722983203,24.672973198638147,24.649751183588705,26.376804528565344,31.630401528805578 
 06/01  14:50:00,30.426889600930906,30.030141482700262,39.40855008514368,58.93811213224858,18.0,47.38216145409666,26.354836974050876,24.67222191908195,24.648381781319927,26.218662358823963,31.67463126165751 
 06/01  14:55:00,30.332255249534914,29.934708335625313,38.81896996632298,59.202372249309775,18.0,46.82886723095116,26.36522200874979,24.67148513983068,24.647159536855384,26.062367498454705,31.71552139799178 
 06/01  15:00:00,30.237469548024254,29.838907238233336,38.21921874612411,59.43107098762754,18.0,46.22836254184267,26.37518474576897,24.670783867010528,24.646106854097468,25.908723014737802,31.753041518256964 
 06/01  15:05:00,30.19987513325937,29.819240781335893,37.708800379766934,59.93520543492229,18.0,45.9884550604751,26.384717324955396,24.712969604330965,24.692056368793942,25.81061426438646,31.93589680831701 
 06/01  15:10:00,30.18143864619412,29.824417388049632,37.218905472871604,60.50081412000732,18.0,45.774050173836635,26.394657449035467,24.755354815407145,24.738460542940857,25.716337533294904,32.12401379484328 
 06/01  15:15:00,30.173657544584948,29.843119254343797,36.735458486740484,61.09219012036898,18.0,45.55160890576839,26.40432472136673,24.796765498690206,24.783544550721047,25.624149602587977,32.310748544143394 
 06/01  15:20:00,30.172374678009515,29.869886440071202,36.25175764598305,61.69253434920974,18.0,45.40989068985323,26.41372090759355,24.837101722090097,24.82713077154085,25.53487115772026,32.494775457166725 
 06/01  15:25:00,30.175065937306893,29.901428582937076,35.76381509946842,62.29201173999986,18.0,45.260062718101295,26.42284139567168,24.876314672587228,24.86915418641121,25.44978853060752,32.675584046078484 
 06/01  15:30:00,30.180097161100218,29.935620407880702,35.269079612494565,62.88441921127515,18.0,45.15056770474118,26.431705563635276,24.914375065204126,24.909583243103043,25.370415397025454,32.85278731475057 
 06/01  15:35:00,30.170349975815,29.955064868837958,34.74995997296186,63.45076900777531,18.0,45.019887026103596,26.44030266754608,24.9374601548148,24.934294462595062,25.290149743587506,33.01896512183811 
 06/01  15:40:00,30.154622305701576,29.968212337993357,34.21486855954852,63.99819676753364,18.0,44.904691052472025,26.447916662563987,24.96246165449844,24.960794319599472,25.21862125189091,33.18041342225962 
 06/01  15:45:00,30.13439260079648,29.97629373160853,33.66476530433685,64.52607360524125,18.0,44.78303553602559,26.455117052474375,24.987145434415993,24.98659665386424,25.15806532825843,33.33678094810841 
 06/01  15:50:00,30.11020516224331,29.979648432248172,33.099724620862354,65.03333963381479,18.0,44.66131895736031,26.46198646019636,25.010615892149588,25.010755060567874,25.110837399102707,33.48773133305542 
 06/01  15:55:00,30.08230473205716,29.978342351489555,32.519514342905886,65.51886695892,18.0,44.533271802946004,26.46809819434133,25.032308092120047,25.032703125053388,25.07937845745596,33.63282140708134 
 06/01  16:00:00,30.05078624925339,29.972306943605297,31.92371047769253,65.98150775735736,18.0,44.397916222667945,26.47471802437696,25.0523393636617,25.05259187663512,25.06680392561816,33.77198334442471 
 06/01  16:05:00,29.926188877783087,30.07368050274142,31.42334640616212,66.15916690765744,18.0,43.99893540338342,26.480351560309874,24.966951395136675,24.982257875287246,24.965430564126848,33.70094537442333 
 06/01  16:10:00,29.765050057032493,30.276915980026914,31.01721250355899,66.24151838196843,18.0,43.54595392133245,26.493199732449817,24.86703060084244,24.928895089281013,24.864750351882947,33.6176123820274 
 06/01  16:15:00,29.580475678997836,30.525361175526847,30.65182954314697,66.25973809376111,18.0,43.095175774161575,26.498864392605046,24.763558233729555,24.89908767356394,24.761797662020683,33.526038246350936 
 06/01  16:20:00,29.379095108670427,30.801030282945682,30.31162369973961,66.22928918308227,18.0,42.549690456767536,26.504356218810262,24.659562227795732,24.884975805069757,24.658791865495687,33.428536121757475 
 06/01  16:25:00,29.165051138104253,31.09355923788118,29.988079302257187,66.15930536820082,18.0,42.007793665794594,26.5094221954964,24.555135015538667,24.876954498505654,24.555684702159056,33.32515933867285 
 06/01  16:30:00,28.941094956085287,31.396081726276172,29.67579421711051,66.05549258241156,18.0,41.405739692287796,26.514197024016006,24.45038885944018,24.889906362617126,24.452555764364888,33.216111263993184 
 06/01  16:35:00,28.74728166634435,31.713998961069553,29.383454835719522,65.74815517951677,18.0,40.80993574196681,26.51861415777697,24.351849201120046,24.922201305576095,24.355745397852957,33.02005974494091 
 06/01  16:40:00,28.53521130142767,32.03719920350916,29.10133623265116,65.53041253370361,18.0,40.176097499610215,26.523011644537767,24.253062703187652,24.9648546542673,24.25916808994998,32.89527416557411 
 06/01  16:45:00,28.316909874023885,32.36157815679977,28.826105195436494,65.3054457843353,18.0,39.54467667157998,26.527296432767965,24.154328283769473,25.0157803308295,24.162866748615443,32.76681818366637 
 06/01  16:50:00,27.98161463091891,32.60817418260854,28.443990086374704,65.20409543062031,18.0,38.889313538274166,26.531417425029318,23.996749616382772,25.033660121573575,24.00872479130976,32.70113077925305 
 06/01  16:55:00,27.713695550505363,32.90506157675674,28.13616034611782,64.98702856127723,18.0,38.2360418715168,26.533249456423725,23.89770575498835,25.097714552340676,23.912564795552953,32.56281516966976 
 06/01  17:00:00,27.459592741377502,33.20988774183282,27.847532216682676,64.73560767202481,18.0,37.56739118512398,26.536536827061354,23.79993444470631,25.16496953219189,23.81772387650301,32.42248498723154 
 06/01  17:05:00,27.244124948393807,33.60248696391242,27.594921445759717,64.6610465472643,18.0,37.1079883598682,26.539792679225695,23.674823129100616,25.237771014640543,23.69694371306946,32.353775668435674 
 06/01  17:10:00,27.042084079062615,34.0299867703442,27.35752826630891,64.62136645113507,18.0,36.666554302492266,26.498539785376995,23.558352583008116,25.32753250110909,23.585081419741243,32.294383091506575 
 06/01  17:15:00,26.846428559283538,34.479289023821444,27.129187921081183,64.59460523828315,18.0,36.21106817361475,26.495333376953052,23.450527426766598,25.431174030446073,23.48196100557459,32.241330714456865 
 06/01  17:20:00,26.653247491784043,34.94248684790922,26.90647682376807,64.56991295855437,18.0,35.80282233725215,26.492015480927265,23.341908063768642,25.53817351109126,23.37833313578858,32.186793720516334 
 06/01  17:25:00,26.459867873645116,35.413228260559144,26.687161198388168,64.54059443602792,18.0,35.37838057847709,26.489543926176825,23.233285740224574,25.647704959431053,23.274821417667567,32.13172732422902 
 06/01  17:30:00,26.264247681543424,35.885660057834144,26.469683836561956,64.50199956498555,18.0,34.965788485586266,26.487545885384133,23.118451166430418,25.757809934155716,23.171380571502766,32.07605958348813 
 06/01  17:35:00,26.05019600003565,36.201829587162564,26.23871525975507,63.95746016205254,18.0,34.41396254126949,26.485854877616497,22.997716426914053,25.77924783564572,23.056773183505697,31.772280702722924 
 06/01  17:40:00,25.826098532092633,36.437499379804414,26.003228321793532,63.25112066394694,18.0,33.830125114815075,26.479272224411986,22.874424259929583,25.786201646813538,22.932465712565318,31.469050058144603 
 06/01  17:45:00,25.59291174281691,36.60143425199411,25.76492636537102,62.43367014306799,18.0,33.234815012022956,26.471841753300694,22.750689677002185,25.767322346071865,22.81230921865307,31.156320906213182 
 06/01  17:50:00,25.351012376833776,36.699247926987816,25.524980648806256,61.54196070004572,18.0,32.56360108293958,26.46323304084934,22.6273447675772,25.731280153931266,22.69037838989334,30.841837696663447 
 06/01  17:55:00,25.098275907881423,36.72012522989796,25.281808670432348,60.560826244702056,18.0,31.87713076584489,26.454233884762402,22.512408302519702,25.665382869643622,22.564863011791772,30.50564767450851 
 06/01  18:00:00,24.833130236665895,36.65959756492234,25.031671628144483,59.48239610163018,18.0,31.10799352017002,26.444276648940672,22.396757832650223,25.567650220012183,22.446005509091606,30.13943078957641 
 06/01  18:05:00,24.52994683374897,36.476927312645984,24.7162325260847,58.07733208386832,18.0,30.295228778347955,26.433391795945823,22.161564202017075,25.309402781390816,22.227151216260722,29.498759557621668 
 06/01  18:10:00,24.204747201498222,36.194861926083625,24.372329898494062,56.51775195538983,18.0,29.399896575587118,26.29749627160122,21.98584399490278,25.064855543659576,22.04554248052949,28.88196150977319 
 06/01  18:15:00,23.864305607850635,35.82284977192421,24.013687681934652,54.8577932645921,18.0,28.509413754249262,26.264912285858266,21.832733115334918,24.819001387481478,21.88930025501145,28.284731827037376 
 06/01  18:20:00,23.51396868366982,35.368552646899936,23.6482002973859,53.12833317154453,18.0,27.55999751148326,26.232410817376586,21.675666844624402,24.55139808971245,21.734152067977902,27.690902756873584 
 06/01  18:25:00,23.158278661041958,34.83915703090046,23.281080649359797,51.35065811338257,18.0,26.631829189832253,26.20177535323152,21.525050103403373,24.26802424935346,21.57722319121865,27.104936226027235 
 06/01  18:30:00,22.801008766136732,34.24156792925512,22.91584777912252,49.540424010780164,18.0,25.68955917215873,26.171726129596333,21.375280279734966,23.97127565642313,21.419371473338174,26.527560710734747 
 06/01  18:35:00,22.43752970742285,33.58870549463576,22.547349548280074,47.73150599390465,18.0,24.773062954079126,26.141315478692608,21.223022187062043,23.668233830466477,21.259722592342314,25.970726728072577 
 06/01  18:40:00,22.074653166074057,32.885259789367666,22.181533328183995,45.92175166261664,18.0,23.88420693545046,26.11167953733757,21.07287065844065,23.358189783824855,21.107999797160574,25.43419644473579 
 06/01  18:45:00,21.715340867658334,32.09832668704974,21.820517044859116,44.038782221076225,18.0,23.03040118464065,26.083378097196164,20.931102502015676,23.02920854505544,20.95306139223942,24.85092571512223 
 06/01  18:50:00,21.361553710195647,31.019910982688977,21.472159368349086,41.871570810962986,18.0,22.237337969605782,26.05494980727368,20.786724635971723,22.569785110114196,20.797643781450915,24.14666897792017 
 06/01  18:55:00,20.972611509412413,29.904250295348067,21.081485297901196,39.6103906889512,18.0,21.47983743546699,26.02271448041153,20.64245308695979,22.15349728736919,20.625429131926126,23.45471507673875 
 06/01  19:00:00,20.62037032845446,28.79497756212191,20.725533691352897,37.39343560909941,18.0,20.80534162465309,25.989812921592318,20.51104347175044,21.760235940614564,20.46807051871434,22.831644077069427 
 06/01  19:05:00,20.263816102976307,27.67564043208929,20.365154223959962,35.24091058201959,18.0,20.15539838903893,25.95825482585566,20.313161466531255,21.327175792918524,20.257312205024846,22.179919343761583 
 06/01  19:10:00,19.909597212114978,26.52475645493175,20.00684951149326,33.112718144510715,18.0,19.58364581839867,25.917562362891136,20.092198893986847,20.8799598856574,20.034333913503133,21.542449188765602 
 06/01  19:15:00,19.362813734120632,23.691742901879216,19.45590937278975,28.388123133433414,18.0,18.813561523279283,25.881690129878873,19.502345533972857,19.51278196050714,19.50252397098177,19.510074419709667 
 06/01  19:20:00,18.98251919589421,22.301620880127913,19.071199234956246,26.137948878072155,18.0,18.336164514936367,25.80069599375793,19.308923278070438,19.312607514440288,19.309641936643175,19.308684519741746 
 06/01  19:25:00,18.652291008952307,21.302038803122787,18.73635143721497,24.548037722975607,18.0,17.86140083038764,25.761344028573372,19.128908009463885,19.13044711509997,19.129750521968617,19.126474381756793 
 06/01  19:30:00,18.350324735691025,20.51669914892525,18.429837192523298,23.322967312596383,18.0,17.47674943527161,25.722245550185015,18.94700818768115,18.947493201190184,18.94791611120837,18.943561079156552 
 06/01  19:35:00,18.067126707575042,19.871691167517383,18.142181932898605,22.337311175830155,18.0,17.092440966445174,25.68455899982593,18.76437817165953,18.764199491275917,18.765346739880215,18.76031697429687 
 06/01  19:40:00,17.796979792603686,19.323718935891915,17.867698739976717,21.51754029723331,18.0,16.76579915359395,25.647812010646913,18.581082227512184,18.580504019586897,18.58211032719919,18.576672287605334 
 06/01  19:45:00,17.5361232394723,18.84501112896083,17.602655488935838,20.81665449201478,18.0,16.439243257993045,25.611841255982597,18.397167078525456,18.396425303599756,18.39825425778872,18.392644027677704 
 06/01  19:50:00,17.28198409200402,18.41696156609701,17.3445026820861,20.203266652506475,18.0,16.15103999818151,25.576441135751615,18.212603789970217,18.211923334844528,18.21374927763793,18.20819213926478 
 06/01  19:55:00,17.03275641146421,18.026713657350445,17.091451990699927,19.65573379979817,18.0,15.862741835133518,25.541485431136593,18.02738978433848,18.0269885827625,18.028592771959893,18.023306820277185 
 06/01  20:00:00,16.78714880951929,17.665162076178362,16.84222446783246,19.15873886223567,18.0,15.600349265900807,25.50685102848243,17.841511603898653,17.841601939918462,17.842771179507054,17.837968762220385 
 06/01  20:05:00,16.53049086557562,17.31443066277305,16.582338759904168,18.693282858920032,18.0,15.300303750058935,25.472429999181262,17.609258901382304,17.608717952710663,17.61058177820189,17.60511661176929 
 06/01  20:10:00,16.270468974586073,16.97616215218554,16.319345334213146,18.255256040868474,18.0,15.009783310696818,25.374945140311986,17.384082765575613,17.38274409479334,17.385443581714526,17.379194072781274 
 06/01  20:15:00,16.008651811948074,16.6483603307612,16.05477906236065,17.839537960167796,18.0,14.71904747305486,25.314721306149156,17.16934651118754,17.16712679169541,17.170790561693593,17.163584185595596 
 06/01  20:20:00,15.745730902154186,16.32915611375745,15.789313899339607,17.44204005240998,18.0,14.427339765703588,25.257310375184503,16.956195514753915,16.952971219914957,16.957711601657252,16.94944633266607 
 06/01  20:25:00,15.482103296501386,16.017029745763395,15.523344932269831,17.059575542824437,18.0,14.135402370617127,25.202351952241617,16.744530096948893,16.74018384721711,16.746117244697814,16.73667589446677 
 06/01  20:30:00,15.218014668801327,15.710763877355195,15.257096781637108,16.68964497794722,18.0,13.84368806625102,25.149487943577086,16.534144539361705,16.528557088177934,16.535801985602234,16.525064681754657 
 06/01  20:35:00,14.953623121568864,15.409382629246805,14.990569598151458,16.330268993436913,18.0,13.55174298993822,25.098259446482714,16.324824494573647,16.317875345443156,16.326551380553155,16.314396949456295 
 06/01  20:40:00,14.68903541166887,15.112100273412176,14.723983828310104,15.979864570456353,18.0,13.260315165773239,25.048265378267853,16.116382243697558,16.10795032784506,16.11817750750049,16.10448444861231 
 06/01  20:45:00,14.42433684720807,14.818280776293076,14.45739371256769,15.637153669424322,18.0,12.968657268332914,24.999306490804848,15.9087434715359,15.898707579239499,15.910606388686631,15.89525228812954 
 06/01  20:50:00,14.15955153350009,14.527406431556056,14.190833315578455,15.301095288843817,18.0,12.677531897897042,24.95111679145204,15.70178816914148,15.69002736967434,15.70371775588626,15.686580936969051 
 06/01  20:55:00,13.894607349801465,14.239053574636493,13.924323881322536,14.970834432196654,18.0,12.386177187243954,24.903609510182118,15.495497656474072,15.481891479247565,15.497493311328185,15.47845177078591 
 06/01  21:00:00,13.629635140928348,13.952873694721802,13.657878474604258,14.645663354928427,18.0,12.0952624518667,24.856605906270516,15.289792549576191,15.27422145164553,15.291853436403358,15.270786564242144 
 06/01  21:05:00,13.399173849872259,13.703880955600297,13.425982152137792,14.36089423707571,18.0,11.83058341274991,24.810070748630334,15.151184027081854,15.134130175236976,15.153311552343155,15.130694211062178 
 06/01  21:10:00,13.182829762238713,13.4707202183288,13.208274951633596,14.094381886918828,18.0,11.571586064326159,24.76099445948925,15.067993377152675,15.04889396330259,15.070156450196123,15.045495548285999 
 06/01  21:15:00,12.975430491365579,13.24799150963327,12.999592396533387,13.8403956851053,18.0,11.311666552690214,24.82410969865916,15.000241622604108,14.978874770589073,15.002490215238595,14.975448280803562 
 06/01  21:20:00,12.774294643696063,13.032868948141488,12.797247906871082,13.595844959728858,18.0,11.060838160102051,24.87970115685624,14.919761697516606,14.896168068080897,14.922046982920904,14.892754406054053 
 06/01  21:25:00,12.577700565765715,12.823562315998673,12.599514978936316,13.358679136473192,18.0,10.809151033486467,24.92384316927925,14.768151140550003,14.743325895408418,14.770482344450897,14.739903236715236 
 06/01  21:30:00,12.384473075848634,12.618772653345252,12.405213800618215,13.127449462781447,18.0,10.562664530827261,24.852193477494275,14.602142514290449,14.576270104432979,14.604475432646495,14.572897870964425 
 06/01  21:35:00,12.193785282870447,12.417558234719785,12.213513121396929,12.901096143326319,18.0,10.315352399641872,24.773223266252383,14.44634749816197,14.419341761631358,14.448720630522303,14.41598322801724 
 06/01  21:40:00,12.005043064511272,12.219227838069486,12.023814776731898,12.678824080628846,18.0,10.070876696877807,24.700905259710982,14.298271687021952,14.270052518136708,14.300696126892262,14.266695152540478 
 06/01  21:45:00,11.817811453777145,12.023263016228405,11.835680074289845,12.460027082620758,18.0,9.825590000697764,24.63370305228912,14.154530901484236,14.125044392928316,14.157005711254271,14.121686963049115 
 06/01  21:50:00,11.63176503980933,11.829265853400306,11.648780165400282,12.244315812035069,18.0,9.58156079725346,24.57175599916592,14.014302110461017,13.983499904664825,14.016830432468169,13.980137005145025 
 06/01  21:55:00,11.446653901787318,11.636922933516656,11.4628619438054,12.03126232743571,18.0,9.336723111399706,24.51388832989796,13.876371277443582,13.844218039114708,13.878952638727128,13.84084780408216 
 06/01  22:00:00,11.262280490973852,11.445980709190867,11.277724899962948,11.82072077002433,18.0,9.092035280955242,24.458832487106445,13.740073859979589,13.706543132286697,13.742708065411591,13.703163506804458 
 06/01  22:05:00,11.186168583280407,11.36549510488259,11.200902651165574,11.721798453112056,18.0,8.996156551695435,24.406142895915018,13.803016843131786,13.765399894486222,13.80571464476509,13.761997957953668 
 06/01  22:10:00,11.155408191739385,11.331230852818713,11.16948115605663,11.670325796048921,18.0,8.934434132300433,24.303240990010003,13.875471018920052,13.834271934199194,13.878143322176243,13.830931066410812 
 06/01  22:15:00,11.154375513124336,11.327182011159685,11.167830582556057,11.65016692487975,18.0,8.87090756948694,24.219627741327127,13.96047986523024,13.915576564309617,13.963171306299841,13.912253452810035 
 06/01  22:20:00,11.174945871281473,11.345015686640544,11.187821709634445,11.652886601788751,18.0,8.86601909956243,24.14346193676449,14.05069778763334,14.002001634358919,14.053404225574297,13.998698480675216 
 06/01  22:25:00,11.211890148899986,11.379365184865067,11.224221684790843,11.673031430142055,18.0,8.860192865400956,24.07347147017789,14.19453238893459,14.140662638209108,14.197237653002276,14.137397587935993 
 06/01  22:30:00,11.261631249115576,11.426555786866588,11.273450260994345,11.706851826552091,18.0,8.894610013773992,24.11065072815209,14.34974604312265,14.290384513351967,14.352496053655273,14.287103569426108 
 06/01  22:35:00,11.321642188508486,11.483987819840367,11.332977768561156,11.751683150237069,18.0,8.928738505302388,24.137850870691068,14.493828829151767,14.429238737691662,14.49657740112741,14.425983131917405 
 06/01  22:40:00,11.390096422841399,11.549778413564791,11.400975353294132,11.805585900488003,18.0,8.992538453257584,24.155929693641777,14.631086585508342,14.561520516460007,14.63382610395945,14.558295341230291 
 06/01  22:45:00,11.465651250853016,11.622539754840053,11.476098315797362,11.867122696207423,18.0,9.056538001878906,24.168776962844582,14.764699100598193,14.6904118862426,14.767431445837985,14.687213513335962 
 06/01  22:50:00,11.54730822661796,11.701236328357341,11.557346476088341,11.935214497210719,18.0,9.143674672497047,24.176657899925782,14.895214554489826,14.816516172985246,14.897936520775147,14.813346208836492 
 06/01  22:55:00,11.634319802761118,11.78508959654343,11.643970779090537,12.009044456146965,18.0,9.231410130410174,24.18073527609675,15.023704562545163,14.94095244178527,15.026416203886015,14.93780949924934 
 06/01  23:00:00,11.726124558683992,11.873512048894302,11.735408490801738,12.07293115513957,18.0,9.338217304589925,24.182193792813013,15.150735357655435,15.064351529977671,15.15343609632157,15.148391757961463 
 06/01  23:05:00,11.784547711905729,11.92702422009697,11.79340102754472,12.109439024012755,18.0,9.411479493336627,24.18146954362398,15.132785945002524,15.05130670645741,15.135440434274642,15.132558642767492 
 06/01  23:10:00,11.830067264116158,11.967076680873653,11.838475526646016,12.13460457832974,18.0,9.490311189831749,24.16763079212847,15.115759961730873,15.038596643911319,15.118414852342994,15.114608635196532 
 06/01  23:15:00,11.867733073345871,11.998970265230138,11.87569608176852,12.153035865111777,18.0,9.568356849851256,24.159009059276052,15.097293221448695,15.025193932577054,15.099944536116595,15.09646442356268 
 06/01  23:20:00,11.900203329722283,12.025477203801463,11.907728730053671,12.167308781997281,18.0,9.642174367033265,24.1472656670575,15.078096303903635,15.011476774237167,15.080736979935637,15.077358576442407 
 06/01  23:25:00,11.929214309820399,12.04839374173816,11.936314799955339,12.179127452980822,18.0,9.715252811995965,24.13430821316116,15.059163660269633,14.998301493502538,15.06179237205896,15.058486225032198 
 06/01  23:30:00,11.955963120259426,12.068948381290372,11.962654667016649,12.189665045048951,18.0,9.785471025316975,24.12036628903876,15.040735743873825,14.985820205869231,15.04335114762813,15.04010140183999 
 06/01  23:35:00,11.981293493256521,12.088000411204131,11.987594083292016,12.199739601778274,18.0,9.855003118562502,24.10552215221658,15.022917763037526,14.974052537678006,15.02551843194857,15.022319477403244 
 06/01  23:40:00,12.005806755668596,12.106158128112355,12.01173549635829,12.209922400985318,18.0,9.922323397682746,24.089947397342435,15.005853273749608,14.963065748120357,15.008438250583197,15.005287692328466 
 06/01  23:45:00,12.029933382968512,12.1238546346812,12.035509851369923,12.220609419164331,18.0,9.989014405770767,24.073710636894617,14.989587471621462,14.952845361282698,14.992155651737335,14.989052723964846 
 06/01  23:50:00,12.053981211695364,12.141398528495316,12.059224986052175,12.232070364895206,18.0,10.053882904685558,24.056928815276855,14.974194942976112,14.943414049279,14.976745495327236,14.97368977613354 
 06/01  23:55:00,12.078168931988253,12.159008803788419,12.08309925988287,12.24448324711331,18.0,10.118178301155034,24.03926102757654,14.959591350067399,14.934648915471257,14.962123024536254,14.959114846295279 
 06/01  24:00:00,12.1026498815255,12.176839402099304,12.107285450816212,12.25795922254549,18.0,10.18091589048822,24.021506174154013,14.946013826002456,14.926747172007936,14.948526475551773,14.945565498900862 
 06/02  00:05:00,12.125230309309071,12.187290156857047,12.12089103422681,12.262895127389786,18.0,10.20681259916193,24.00340819047564,14.936924671397833,14.935748501698924,14.959741734434203,14.95678851333929 
 06/02  00:10:00,12.13953543619792,12.194871031270427,12.130338536338309,12.26471896652838,18.0,10.223588190132476,23.98354813319259,14.945707827023966,14.946673439722701,14.97353178506171,14.97059229704439 
 06/02  00:15:00,12.150403578332828,12.200701594376959,12.137212664867924,12.264731922208536,18.0,10.240532223006168,23.96382459568218,14.95695160050741,14.95875397576259,14.988787128786555,14.985856011132057 
 06/02  00:20:00,12.159108806965847,12.205359387646576,12.142330113060474,12.263590532055767,18.0,10.243219802874764,23.94394503964782,14.969230042409322,14.971373606224063,15.004696596506392,15.00177241686822 
 06/02  00:25:00,12.166325055785068,12.209211463276048,12.146211976105418,12.261707297547392,18.0,10.24588543532747,23.923972408902802,14.982067423124818,14.98435491135399,15.021007485578366,15.018089404494617 
 06/02  00:30:00,12.172484473601784,12.212504712115448,12.149211654514502,12.259357450953143,18.0,10.239100685508758,23.90391290511555,14.99525813424441,14.997610755780386,15.037596561323426,15.03468417405179 
 06/02  00:35:00,12.17787977611796,12.215409770856361,12.151576691465696,12.256730137436069,18.0,10.23217795562328,23.883820361045117,15.00874967735416,15.011135957908266,15.054440308093888,15.051533175591203 
 06/02  00:40:00,12.182714906271682,12.218046638302532,12.153484704281093,12.253958031438955,18.0,10.218521847509423,23.863679722167422,15.022495238417264,15.024902279302069,15.07149525165255,15.0685931871231 
 06/02  00:45:00,12.187134745981815,12.220500663658628,12.15506574216522,12.251135707594353,18.0,10.204640346264702,23.843546732532722,15.036516303573535,15.038938874513178,15.088779810048607,15.08588244307714 
 06/02  00:50:00,12.191243696640232,12.222832934691237,12.156416786578708,12.248331519835524,18.0,10.185683882302813,23.823395055751686,15.05078881211449,15.053224436890105,15.106257840817136,15.103365070401878 
 06/02  00:55:00,12.19511776030008,12.225087229224565,12.157611455155049,12.24559552619411,18.0,10.166433773713605,23.803281485820644,15.065350143351338,15.067797781198806,15.123956516344322,15.121068007852728 
 06/02  01:00:00,12.198812625597055,12.227294775563685,12.158706665817546,12.242964913000183,18.0,10.143137495244313,23.78317321772102,15.080178307469737,15.082637154341796,15.141835922393398,15.138951641496533 
 06/02  01:05:00,12.20568660002913,12.232715918166651,12.163953764397933,12.244391965683972,18.0,10.141916378604721,23.763535699142892,15.085984525596757,15.088443493282739,15.147739689066384,15.144874488564824 
 06/02  01:10:00,12.213870921676433,12.239519802478632,12.170961659230851,12.247659975592587,18.0,10.143289958807067,23.743019262289383,15.090955484190431,15.093415783529167,15.152967815827651,15.150117844437318 
 06/02  01:15:00,12.222915260203951,12.247257781099528,12.179140513360231,12.252216273127846,18.0,10.144665856961662,23.72288358256238,15.095767989582441,15.0982289174284,15.157955945715969,15.155121856305072 
 06/02  01:20:00,12.23258900392137,12.255696579541414,12.188182196282593,12.25776794055911,18.0,10.153188899346883,23.70275613276669,15.100459408029792,15.102919975070904,15.162792528950149,15.159974570725979 
 06/02  01:25:00,12.242744126824975,12.264684540023557,12.19788611865976,12.264121142607287,18.0,10.161718941538059,23.683099039217407,15.105260817003568,15.10772110130921,15.167738588978068,15.16493589203094 
 06/02  01:30:00,12.253279128394043,12.274116299584783,12.208113098685603,12.27113875709989,18.0,10.175154429617441,23.662726994045826,15.109827820806913,15.112286267357945,15.172427220576537,15.169640704192545 
 06/02  01:35:00,12.26412185096062,12.283915885656937,12.218763164521478,12.27872002806036,18.0,10.188594833581451,23.6431565094537,15.114659064592786,15.117116704504383,15.177402702373115,15.174630499062403 
 06/02  01:40:00,12.275219555887096,12.294026912280076,12.229762604478127,12.286788695935336,18.0,10.20558514016663,23.623297720380002,15.119392264534895,15.121847885048965,15.182264049181413,15.17950681064218 
 06/02  01:45:00,12.28653277523281,12.304406479972352,12.2410558603771,12.295285560700066,18.0,10.222578876530221,23.603537555946783,15.124178902521066,15.12663263091082,15.187185474330363,15.184442366526298 
 06/02  01:50:00,12.298031342858941,12.315021220011456,12.252600238612217,12.304163622527891,18.0,10.242215038504357,23.583817607514597,15.128971970820771,15.13142342588253,15.192111468525468,15.189382286824753 
 06/02  01:55:00,12.309691753302571,12.325844649337224,12.264362352656091,12.313384806171566,18.0,10.261853481082275,23.564182561346012,15.13380558193137,15.136254678727937,15.197080275360236,15.19436450671509 
 06/02  02:00:00,12.32149535978487,12.336855356558381,12.276315670152382,12.322917695845176,18.0,10.283504202343234,23.54459690760701,15.138650962733436,15.141097373831144,15.20206002093073,15.199357451731544 
 06/02  02:05:00,12.33108663950716,12.345652335902537,12.286868786832784,12.331007388372257,18.0,10.314734222603633,23.5251005755853,15.124737827504191,15.127170881642428,15.186172015671389,15.18349360877744 
 06/02  02:10:00,12.339720915602786,12.353517960617678,12.296836665002882,12.33857012031944,18.0,10.349422845442206,23.504963393053472,15.109682868496861,15.11210848983302,15.16732806883499,15.16467002452714 
 06/02  02:15:00,12.347700384307764,12.360760187158315,12.306406281814764,12.345817315357506,18.0,10.383615802223204,23.48559457677264,15.09446109260989,15.096878109798922,15.148335165950584,15.145698539295324 
 06/02  02:20:00,12.35518135016479,12.367537423571285,12.315669825338901,12.352852203958193,18.0,10.422060647574025,23.465911961416932,15.079119208338739,15.081526125613891,15.129791995315315,15.127176230767986 
 06/02  02:25:00,12.362265553279991,12.373952038977825,12.324684709340708,12.359737609487775,18.0,10.459962364382216,23.44628415108701,15.063945296350823,15.066342141153996,15.111328945719606,15.10873426940077 
 06/02  02:30:00,12.36902377624293,12.380074610330965,12.33348896032394,12.366513616826193,18.0,10.500163929616667,23.42667744807981,15.048965049478966,15.051351613689747,15.093018676484746,15.090444903287903 
 06/02  02:35:00,12.375507069485147,12.385955474148586,12.342108498720489,12.373206037293896,18.0,10.539799622690127,23.40712177205462,15.034215888572248,15.0365921764095,15.074911843769883,15.072358633107456 
 06/02  02:40:00,12.381753276080609,12.391631447877197,12.350561353599335,12.379831354336487,18.0,10.580446859956181,23.38759791730589,15.01968562693969,15.02205152666022,15.057005254175806,15.054472403466434 
 06/02  02:45:00,12.387791110980634,12.397130034429008,12.358860281907317,12.386399823550779,18.0,10.62052580993387,23.36813371417515,15.005389515723664,15.007745063988182,15.039323591362177,15.03681075576469 
 06/02  02:50:00,12.393642821930285,12.40247216534964,12.36701446179706,12.392917493654151,18.0,10.660741136827749,23.348709687954408,14.991308085614321,14.993653198386198,15.021853752991149,15.019360728243953 
 06/02  02:55:00,12.399325980122482,12.407674046401274,12.375030617797892,12.399387560273292,18.0,10.70039913893144,23.329351917153613,14.977452407369185,14.97978713604897,15.004613955685386,15.002140408361754 
 06/02  03:00:00,12.404854715382639,12.412748429753197,12.382913783735313,12.405811290966005,18.0,10.739607812376336,23.31004080873277,14.963802639020457,14.966126919408225,14.987589258072603,14.985134987224114 
 06/02  03:05:00,12.383456484764423,12.390951980064605,12.362552617429357,12.38419383938104,18.0,10.720783215998217,23.290801063191847,14.917200567710097,14.919527586551169,14.941861083052515,14.939405892520881 
 06/02  03:10:00,12.351003238474574,12.358133349826193,12.3305535951427,12.35105120969141,18.0,10.688351424017249,23.270849783288742,14.869350806234252,14.871690543877435,14.89542647132032,14.892961751343591 
 06/02  03:15:00,12.31142528516703,12.31821616778291,12.291029611162873,12.310470790619998,18.0,10.655932653312604,23.251509263690323,14.82138054571601,14.823732898562412,14.848952588269754,14.846477830182494 
 06/02  03:20:00,12.266751337623548,12.273225231812154,12.246104787169111,12.264562067795515,18.0,10.601371843456416,23.231330807969936,14.77311404508896,14.775477977573132,14.80217304472626,14.799689066473263 
 06/02  03:25:00,12.218279238227451,12.22445562552687,12.19713916798976,12.214674969565323,18.0,10.546658512210307,23.211802823863557,14.724964258766136,14.72734080079158,14.755495326537016,14.753000882293009 
 06/02  03:30:00,12.166892426380048,12.172788714608375,12.145059409314563,12.161728698294455,18.0,10.47712636781508,23.191455440502914,14.676567686204692,14.67895586535542,14.708544871859772,14.706040770000527 
 06/02  03:35:00,12.1132125402898,12.118844510656634,12.090518195416719,12.10637021185821,18.0,10.407359501385324,23.17178316513095,14.628309319452626,14.630710195983056,14.661714625328557,14.659199612043096 
 06/02  03:40:00,12.057687888924406,12.063070002616595,12.03398669806753,12.049066129677504,18.0,10.326997703834046,23.15130771733168,14.579815391908028,14.582228007019182,14.614621004236028,14.612095896479616 
 06/02  03:45:00,12.000648355033963,12.005793971523122,11.975811990334373,11.990159799528863,18.0,10.24633555844878,23.131116551794364,14.531369405625355,14.53379449454917,14.567554103821749,14.565017997576717 
 06/02  03:50:00,11.94234088063175,11.947262418220383,11.9162541839363,11.92990820846102,18.0,10.157732871747799,23.11087690988037,14.482878873039681,14.485316372331908,14.520417903330326,14.51787072021773 
 06/02  03:55:00,11.88295310821797,11.887662165540494,11.855511193254493,11.868506594440746,18.0,10.068776467638394,23.0906088508633,14.43435697462212,14.436807007206141,14.47322546110263,14.470666939260582 
 06/02  04:00:00,11.822629521590224,11.8271369719856,11.79373565972087,11.806105265527423,18.0,9.973593139507416,23.070304221052886,14.385799159602868,14.388261809783216,14.425971351586384,14.423401276492314 
 06/02  04:05:00,11.76981684460848,11.774127408469214,11.740061377995918,11.75181623275289,18.0,9.905661848417438,23.049976775501687,14.346340659333748,14.34880978642883,14.386833958604143,14.384260377240366 
 06/02  04:10:00,11.719801643741327,11.72392325653326,11.68943872503804,11.700601900899667,18.0,9.839701216885208,23.03013019583033,14.307336364344735,14.309809683502863,14.348088166801404,14.345513006853821 
 06/02  04:15:00,11.671467771848919,11.675408762823283,11.640667752617205,11.651264121391012,18.0,9.773736508594892,23.009542598491535,14.268200630006163,14.270677643356407,14.309195751677123,14.306619445440788 
 06/02  04:20:00,11.624256734029817,11.628025409323778,11.593144609034463,11.60319928915427,18.0,9.715202550138175,22.989666144420344,14.229248941197625,14.231730707388408,14.27049075689547,14.267912100373564 
 06/02  04:25:00,13.137047333586793,12.586498920530607,11.777428366830595,11.78697604368874,18.0,9.96026386639827,22.969042085437895,14.994808488440071,14.727869387317696,14.413790980946601,14.427634514346892 
 06/02  04:30:00,13.78214837579949,12.972602802908757,11.859569050881174,11.86864000677537,18.0,10.014464470629798,22.97907192333597,14.97490887351114,14.698420106857839,14.399725055327508,14.412106264173985 
 06/02  04:35:00,14.799985178777163,13.561103478940213,11.973300844193268,11.981920048818113,18.0,10.152475045499306,22.96637304270648,15.25708509190764,14.852754226986917,14.416265324319738,14.429766772992878 
 06/02  04:40:00,15.938640203826667,14.195526410052619,12.102171274234486,12.110364649381236,18.0,10.312128095195112,22.962840135159954,15.537703972544705,14.997869854270505,14.433347291434302,14.44353725250238 
 06/02  04:45:00,17.150701434593785,14.844847781001647,12.24297298166793,12.250765862583922,18.0,10.477903049100098,22.961007928375253,15.819157400219979,15.135023641046075,14.446584930142762,14.451028459095596 
 06/02  04:50:00,18.41521789334023,15.494878144108908,12.393954295767559,12.40136369665684,18.0,10.686308027233537,22.961088980046412,16.103167523541345,15.265282517967478,14.456770124053776,14.454650640478121 
 06/02  04:55:00,19.66323385285189,16.110023111081496,12.553113920902346,12.560123585750729,18.0,10.900749429122483,22.962710700977254,16.361637409945274,15.375231436695003,14.468046894880104,14.464589676801381 
 06/02  05:00:00,20.67728903205935,16.590046628161403,12.718652435551633,12.725276399038334,18.0,11.15207242411983,22.96557521951611,16.49712983483323,15.421333946718278,14.480165988538033,14.471078413134592 
 06/02  05:05:00,21.715542589068924,17.09714598312541,12.955515983300117,12.961811845298904,18.0,11.469643174093877,22.96642771403574,16.80089924365086,15.618960609803935,14.641308981052362,14.63007270221442 
 06/02  05:10:00,22.757891475634644,17.6019244879374,13.226055896980082,13.2320590161738,18.0,11.838389843033605,22.97987723000747,17.11569117418867,15.819336536501055,14.807110463080221,14.794356514915421 
 06/02  05:15:00,23.807235552942398,18.101220784473146,13.520690594860511,13.526437915988916,18.0,12.216525642502255,22.987454695335426,17.437545084158387,16.018315413766686,14.9744983328751,14.960477542827789 
 06/02  05:20:00,25.447288311833635,18.850790970704562,13.877877257165283,13.88340815271962,18.0,12.656926701206933,22.997962011173065,18.085493192838612,16.35162471849287,15.167453675117315,15.152339771239895 
 06/02  05:25:00,26.74171061162061,19.433755736568735,14.226945779563586,14.232304274832197,18.0,13.106400643081354,23.019643983559803,18.429922508644324,16.544392075020028,15.340743370063478,15.324651179915577 
 06/02  05:30:00,27.966491154506684,19.96903483893924,14.583276315996988,14.58850832641757,18.0,13.618844164932023,23.034099054891723,18.774567587617184,16.732865716826268,15.512153068702673,15.495247874498318 
 06/02  05:35:00,29.11337628215671,20.430768632779447,14.9044731274262,14.909622770052708,18.0,14.099181364845352,23.049471373884007,19.087066379239104,16.895659211196516,15.662110939162972,15.644160703029854 
 06/02  05:40:00,30.237016428910483,20.855255524821,15.215116760478717,15.220221536307015,18.0,14.62960726982964,23.062953000166914,19.413454995683992,17.054557019180493,15.811908883545016,15.793110003167385 
 06/02  05:45:00,31.35219979490703,21.25190299742734,15.520988998332916,15.526075932397047,18.0,15.17402104746356,23.076916457292157,19.746251143512154,17.208492891524656,15.961836253309116,15.942399109832309 
 06/02  05:50:00,32.4653683815275,21.62503837998821,15.824980368571987,15.83006477792133,18.0,15.7626839155497,23.09134366576913,20.083786900888526,17.356474507188864,16.111877964720065,16.092021417999604 
 06/02  05:55:00,33.58233932693849,21.976325904361996,16.12676102485441,16.13184666808663,18.0,16.364709442399025,23.1063074082931,20.42675789631221,17.497514828956128,16.260939185395046,16.240886138230053 
 06/02  06:00:00,34.69776210358144,22.30750478603846,16.431086376194443,16.436166388860748,18.0,17.018078666381736,23.121759542055145,20.770525489608872,17.631533180768884,16.41146350881968,16.39144049014743 
 06/02  06:05:00,35.751065748600666,22.61305779241608,16.760540122352882,16.76556823817475,18.0,17.652090515234843,23.137800963636682,21.129270063900663,17.805084704204546,16.61758961456968,16.598049981963754 
 06/02  06:10:00,36.77663506503834,22.896450886171092,17.10125854806974,17.106199357315262,18.0,18.32239786193167,23.15859718447868,21.49637557179517,17.981308337784526,16.835372323068782,16.816566074201205 
 06/02  06:15:00,38.60921407288807,23.399757745263905,17.50898113277978,17.513798097829834,18.0,18.993698536234273,23.191190228010598,22.30895589566535,18.284801833480174,17.08884385845147,17.070965897288715 
 06/02  06:20:00,39.87166701176627,23.722155149483562,17.886818789489016,17.891477432552502,18.0,19.688055422459946,23.23630050554048,22.652451352195328,18.445243233201097,17.312063067397276,17.295260961529607 
 06/02  06:25:00,41.00222514037591,23.98511619594219,18.260141263053086,18.264609896517573,18.0,20.382951221165737,23.27055022523363,23.013548427309843,18.599699810113407,17.533267202373622,17.517681128991967 
 06/02  06:30:00,42.05499997816567,24.2070297488955,18.632188642736853,18.636437908881387,18.0,21.096113790245834,23.303768145717388,23.372014980130757,18.74949192664502,17.755897174719053,17.741635481542744 
 06/02  06:35:00,43.30835499425286,24.45700549342681,19.02111728855642,19.025120562861506,18.0,21.89215284577524,23.336206283899866,23.856028200552828,18.925703900659187,17.99015592434023,17.97697511791239 
 06/02  06:40:00,44.59526839518578,24.694367097052794,19.417711380859654,19.42144562649158,18.0,22.724595482936834,23.370021637390554,24.33051070998374,19.094513328998516,18.227172987839253,18.215235474444512 
 06/02  06:45:00,45.88632454226363,24.910897897139474,19.819826933676936,19.823273314742384,18.0,23.559619872114226,23.405796928511755,24.798892022237,19.25742718486663,18.466584561604805,18.456002781856 
 06/02  06:50:00,47.16702959850632,25.102842406167852,20.226287348015198,20.229431364733383,18.0,24.442146331366096,23.44282287708095,25.26070022301201,19.415917390986237,18.708286309096536,18.699132043679867 
 06/02  06:55:00,48.4284162774479,25.26813451071176,20.63626543260415,20.639096908597338,18.0,25.325707676225438,23.480937925968238,25.715737301615036,19.571882675220877,18.952372786774504,18.944675133524697 
 06/02  07:00:00,49.664577732724865,25.405672319135473,21.049135938233675,21.051648873042556,18.0,26.24320193506617,23.51986507486008,26.163673478338296,19.727297278637195,19.19879550759549,19.1925424322568 
 06/02  07:05:00,51.323603914547654,25.625349248918585,21.540510054491193,21.54271099196452,18.0,27.20687130929822,23.55964010999438,26.803596417127892,19.917066234348397,19.46781716032774,19.462945363614665 
 06/02  07:10:00,52.6827199223101,25.71971505171164,21.959854362236673,21.961745916844148,18.0,28.214309958093665,23.686078516887406,27.16394612141761,19.984250815408984,19.626041950596402,19.622368543172456 
 06/02  07:15:00,53.965591867144326,25.75735240076286,22.359574005831583,22.361160141957573,18.0,29.230526743027948,23.68753354051192,27.511101190482577,20.04057754593407,19.770179683554147,19.76766713639961 
 06/02  07:20:00,55.1938515150935,25.749222743800832,22.7490615383979,22.750347654517025,18.0,30.29675455690146,23.670218513309376,27.859682345337262,20.11168582005388,19.926777704828737,19.925214928780065 
 06/02  07:25:00,56.37475922132991,25.699945334340523,23.132408516859496,23.133401787135156,18.0,31.37064193368332,23.65193393710615,28.206487064515557,20.192751458039766,20.0878287627271,20.087181714046892 
 06/02  07:30:00,57.51174021707498,25.61229940475193,23.512032202619,23.512741686190534,18.0,32.48883352557838,23.63797113173256,28.55014921203548,20.291073579846568,20.249935512046818,20.249884018991224 
 06/02  07:35:00,58.1432374269419,25.498655609228152,23.905409000059397,23.90584562351573,18.0,33.42801324135029,23.62967661011921,28.664894394691032,20.41783022528034,20.423367872806296,20.423632675295153 
 06/02  07:40:00,58.60786681398827,25.502352802165653,24.402538480193904,24.301015630486695,18.0,34.357602637542925,23.62464013663405,28.781724687824067,20.595736097526355,20.614233277066774,20.597334984912095 
 06/02  07:45:00,58.96571068097003,25.661302555301663,25.06028378834058,24.695521554893514,18.0,35.28356983797769,23.624237072091834,28.89479929540704,20.77093663288747,20.81342539594391,20.771875450516973 
 06/02  07:50:00,59.24686691857844,25.88473223437043,25.815060437674227,25.08797407030402,18.0,36.15996173786626,23.62842490086898,29.003787034015545,20.94625881771185,21.047564195038603,20.94688577186571 
 06/02  07:55:00,59.46929627742645,26.147460908565048,26.62035301697847,25.47749577337407,18.0,37.03400474857478,23.635650102010747,29.10830523873159,21.121671862661515,21.298528218400065,21.121926572448388 
 06/02  08:00:00,59.644296149111284,26.43582314524198,27.45617493706522,25.86349763295966,18.0,37.87306366402678,23.64553310834941,29.20820456417414,21.296935872547238,21.563288665074936,21.296737039784603 
 06/02  08:05:00,59.79794892479538,26.73945441790828,28.306910721980188,26.243317284092832,18.0,38.74809504663166,23.65823771182208,29.391202748403543,21.567918554083462,21.93201978278921,21.567213826154102 
 06/02  08:10:00,59.921874838547396,27.053925484833975,29.167327269570233,26.618632538780872,18.0,39.60654985211487,23.922237510054163,29.548183464234967,21.80073644348829,22.274254938037075,21.799380035296224 
 06/02  08:15:00,60.01722659584288,27.37558975427443,30.032389782357416,26.98975115493371,18.0,40.464291803159504,24.04439522540417,29.66464889782776,21.993886672059375,22.58591589407382,21.992056815210617 
 06/02  08:20:00,60.08529744299066,27.70180461302082,30.89831356756644,27.356789804512772,18.0,41.31801602855017,24.156450395225544,29.771487871326485,22.181726158761762,22.899131506731976,22.179411270357832 
 06/02  08:25:00,60.12716967550355,28.030646597614858,31.762263915311273,27.719802351324457,18.0,42.17032866951461,24.257510245239416,29.868739988551056,22.363940291039512,23.212114671540633,22.361187739162347 
 06/02  08:30:00,60.143719486188665,28.360697966803926,32.62208920553087,28.07881539207193,18.0,43.01788079862826,24.35055201572984,29.958037573194133,22.541726991395876,23.524794425009986,22.538595287847556 
 06/02  08:35:00,60.157977232965735,28.625953729924078,33.42810943494,28.368834759534234,18.0,43.838865312989235,24.437429474464434,30.051653328426823,22.681642455965402,23.808870768355803,22.67811571054176 
 06/02  08:40:00,60.15242135463067,28.86797699588608,34.21426066261638,28.632225374961664,18.0,44.65283054955746,24.516838218108813,30.137661786045555,22.819112933461156,24.094559259708717,22.81524290270221 
 06/02  08:45:00,60.124219989161126,29.096047623971298,34.98778276612416,28.878917137512843,18.0,45.46796879592778,24.59197226131699,30.217547999030103,22.95478541230102,24.381525499538498,22.950650222392994 
 06/02  08:50:00,60.07205701856571,29.314790663695316,35.75207819567644,29.114032200257025,18.0,46.27295666420801,24.66373946850558,30.29187704425499,23.089058866944413,24.66937312673133,23.08474149216954 
 06/02  08:55:00,59.995198198489746,29.5270572303126,36.509043790958,29.340808440697824,18.0,47.078845459998206,24.732443078879214,30.360894432345276,23.221995436762427,24.957458318394913,23.217584551169978 
 06/02  09:00:00,59.893203662543506,29.734709341022715,37.40115295072029,29.56141234019937,18.0,47.87861768503446,24.798752445485043,30.4249647638008,23.35388921853837,25.317531890466284,23.349475547038367 
 06/02  09:05:00,59.619474371873316,29.873577498383405,38.09980793078282,29.71274392138048,18.0,48.421873197405255,24.863090136976442,30.37799881294802,23.421739130028982,25.525752884884696,23.417464306348677 
 06/02  09:10:00,59.27954634243231,29.984800878371274,38.73474354610911,29.835475003702495,18.0,48.90651574940124,24.899319581642132,30.327788784006714,23.490403506532175,25.729913085088754,23.486358558968163 
 06/02  09:15:00,58.89163070743002,30.078260183579264,39.327493477252546,29.939510991887,18.0,49.38549422053108,24.946846406350332,30.277810735599473,23.562330430877864,25.933380756283896,23.55858330675744 
 06/02  09:20:00,58.46488701416146,30.1592247798341,39.88781281816934,30.03019004112561,18.0,49.76003451461231,24.994006190918867,30.22531375423864,23.634572211685054,26.133344832892476,23.631205344777015 
 06/02  09:25:00,58.004837961637605,30.23111671273519,40.42152932032937,30.11100934488441,18.0,50.13246471991362,25.040813992842235,30.169913374379348,23.707101255528755,26.329586195271986,23.70418629131251 
 06/02  09:30:00,57.515015464785954,30.296286120325053,40.932365099239405,30.18439196468462,18.0,50.43143126986976,25.08730104398948,30.109863054672246,23.778945042219448,26.520755057778786,23.776546227645667 
 06/02  09:35:00,56.926126992219004,30.40152803661279,41.41350370096054,30.29721510054061,18.0,50.66433474534084,25.131086215290807,30.003950785778954,23.871930168113295,26.699829643306316,23.870183904515443 
 06/02  09:40:00,56.295794096077664,30.516965364371895,41.867470313889605,30.419664869810248,18.0,50.82987622154853,25.17178944250524,29.89551980939183,23.96283672414529,26.870668110887607,23.961775357385818 
 06/02  09:45:00,55.63579536039468,30.636108483611604,42.29523055930679,30.545297704230418,18.0,50.99056747624659,25.210803622495945,29.783349906687704,24.052281626440617,27.03377335041739,24.05191144927386 
 06/02  09:50:00,54.95250309723492,30.75585100163588,42.697607699930764,30.671051044144892,18.0,51.08619618550095,25.248441864909378,29.666854659495243,24.14038336700287,27.18942256670846,24.14070044033747 
 06/02  09:55:00,54.250038693600935,30.874384665832846,43.07537150859687,30.795157083695578,18.0,51.17798740785568,25.28471346556276,29.545341258041276,24.22718242936952,27.337824443098157,24.228171784484346 
 06/02  10:00:00,53.53126435620967,30.99062783475788,43.429253495753734,30.91657120630515,18.0,51.22130684369648,25.319812235691735,29.418231018778272,24.3128279617909,27.479298052335196,24.314463812436486 
 06/02  10:05:00,52.93886137930829,31.21989312595024,43.91706907140905,31.111521473889628,18.0,51.60876868151704,25.353726531294807,29.361203934288824,24.45521179319553,27.699053057597723,24.44371081663502 
 06/02  10:10:00,52.37153392829898,31.441664781780553,44.43690441274051,31.331208283522134,18.0,52.020905796713215,25.381846821934573,29.298485704868426,24.584282639521234,27.918720050112768,24.57575364969466 
 06/02  10:15:00,51.81135018588916,31.669328337471885,44.968957876885746,31.564836749598626,18.0,52.42862471898983,25.413647093880247,29.226253867249568,24.71281133882934,28.134677364303627,24.707820032209725 
 06/02  10:20:00,51.24988280498937,31.901392944181733,45.503689159450836,31.807123450800276,18.0,52.92160808061451,25.444725569857862,29.142775997356466,24.840188433147034,28.345652283247773,24.8387729128375 
 06/02  10:25:00,50.68232358478123,32.13621288338547,46.03538056536921,32.05488553476099,18.0,53.40799110442715,25.47509139670646,29.04770968047444,24.966568295836964,28.551673146575013,24.96864968823985 
 06/02  10:30:00,50.105810024396995,32.372652621619636,46.5603858531632,32.30610910750818,18.0,53.94192861486818,25.50478961840547,28.940952917748973,25.092049600546034,28.75281100343568,25.097518309347834 
 06/02  10:35:00,49.46441990023018,32.60057131770703,47.02047837467949,32.55008853766382,18.0,54.381937795020406,25.533782175284532,28.79366436770539,25.21183937630667,28.91937568436265,25.22052644181531 
 06/02  10:40:00,48.7992302861913,32.8251654977654,47.44997244662423,32.79163828724282,18.0,54.83138041650817,25.561076405158836,28.638481750713595,25.33033376204844,29.080086949095175,25.34207132700294 
 06/02  10:45:00,48.11825674412505,33.047401979489216,47.85464107116024,33.03146035431576,18.0,55.27589765788318,25.58754834742729,28.476334978510636,25.447954723128305,29.234956474911428,25.462572526711654 
 06/02  10:50:00,47.42566480915286,33.267788541652806,48.23709337884472,33.26986953980804,18.0,55.701981938023046,25.613339963163714,28.3087089358188,25.564826803668666,29.384162402279628,25.582151064982213 
 06/02  10:55:00,46.83397194074642,33.668685009876256,48.67692294515093,33.68991655087279,18.0,56.124460658136954,25.638421105582967,28.192819614397536,25.77356070979556,29.566902837470707,25.794394823976972 
 06/02  11:00:00,46.180678817958636,33.96068930898391,49.0592607165405,34.00111437193758,18.0,56.53074865139257,25.669663102978795,28.03098798699955,25.894830135526774,29.71373735456848,25.918208343955996 
 06/02  11:05:00,45.3487108263473,34.12388768971992,49.18208645097511,34.15900222925303,18.0,56.45948691521746,25.69525836573953,27.76069589259822,25.928382160077263,29.70219139284461,25.945912774802594 
 06/02  11:10:00,44.46285869352813,34.23627428800515,49.20710765594681,34.255890945044094,18.0,56.29085643706477,25.724487164301646,27.495468645616597,25.955840657424744,29.680399446907245,25.96700117975763 
 06/02  11:15:00,43.55018164075267,34.317296859320244,49.16701848838082,34.31452549997148,18.0,56.12063223362237,25.748337457989376,27.242442283884884,25.98125521343826,29.651198086448176,25.985727240635242 
 06/02  11:20:00,42.62481035107107,34.377169570305824,49.07866208900043,34.346921491831715,18.0,55.780536188660115,25.771563516626458,27.006469836012684,26.006229147017052,29.610063772021476,26.003764724193445 
 06/02  11:25:00,41.69575076005506,34.42235060030525,48.95266678251772,34.36075542161273,18.0,55.44584072731014,25.79412332032275,26.79096421353927,26.030816534116013,29.571208240350074,26.021213399461146 
 06/02  11:30:00,40.769179280502335,34.45717702586585,48.79621559537385,34.361240473806774,18.0,55.00674289145365,25.81620425052471,26.599511921514136,26.055163103638733,29.529923043572467,26.03825571192317 
 06/02  11:35:00,39.82715907294304,34.434456677603094,48.71370599427243,34.30223716697386,18.0,54.74038806413691,25.83780195473449,26.41333311191312,26.05462889385285,29.544119597518886,26.031653993929808 
 06/02  11:40:00,38.87005832103158,34.389648883093294,48.640682746945124,34.21976168838235,18.0,54.43693119059595,25.85743392306333,26.253837174232558,26.054462846498723,29.554421659093066,26.02484008158433 
 06/02  11:45:00,37.8974304328875,34.331635023328815,48.56620227145762,34.12317515867582,18.0,54.134725373904935,25.876546885439904,26.129105985114734,26.05462820540015,29.561405438693555,26.018252405835256 
 06/02  11:50:00,36.94713105828353,34.26510745914215,48.48540535847573,34.055282884002565,18.0,53.84273576228503,25.89534492623824,26.056054258449876,26.055220445209216,29.568191155300838,26.019525534056925 
 06/02  11:55:00,36.39091137156003,34.19299506089965,48.39557693059861,34.38664487074699,18.0,53.55027895395505,25.914155355414888,26.057041184571517,26.056397530989386,29.57045464876694,26.09563695022507 
 06/02  12:00:00,35.972550377530624,34.117190207717265,48.295109568115585,34.860990960410874,18.0,53.26088872320568,25.935002020881374,26.05901735261972,26.05845690236106,29.568989392057688,26.212225097331498 
 06/02  12:05:00,35.502798313177514,33.89541370108194,48.30822544221383,35.349441868005904,18.0,53.39056657636652,25.9560081133276,25.984482236000417,25.98384444750093,29.604779708557885,26.316450114336533 
 06/02  12:10:00,35.249959365587316,33.83240438590347,48.44754818833973,36.07605468122278,18.0,53.588714433414346,25.9533123346219,26.0102368505257,26.009298061212007,29.694101084072827,26.55090517182964 
 06/02  12:15:00,35.078725660993406,33.81165584184448,48.62687871714146,36.90981411341212,18.0,53.781630304229246,25.971829292703333,26.050280136721994,26.048911528295775,29.785351665733003,26.82176404333495 
 06/02  12:20:00,34.95818608091643,33.813474817917836,48.824424183831276,37.81897746171003,18.0,54.09651593785473,25.991068897522705,26.086845296273054,26.085021414748155,29.872811191823416,27.119544363265845 
 06/02  12:25:00,34.872417269469594,33.82938818560321,49.028551424576605,38.786595520044614,18.0,54.40479375321705,26.011148184593658,26.123155988785584,26.120866944729528,29.9562827859977,27.44012640201072 
 06/02  12:30:00,34.81133791243874,33.85440097901235,49.231939499760685,39.801574759600605,18.0,54.78158508107352,26.031757075759405,26.15938372003268,26.156642386475824,30.0354147065363,27.779317947512823 
 06/02  12:35:00,34.75653653481366,33.87363769017703,49.145903061186,40.68883249925082,18.0,54.71572892418545,26.052755659874563,26.189428760101578,26.1864166428943,29.961670125941225,28.059917336621993 
 06/02  12:40:00,34.71256417873889,33.894201331390356,48.966597595122515,41.52187194333015,18.0,54.61413665082703,26.070479957029484,26.218613711760327,26.211406592962362,29.884117964452685,28.327804746744448 
 06/02  12:45:00,34.67841105968216,33.91697252924872,48.73062516717615,42.309256640995756,18.0,54.51081141754001,26.08817175673866,26.248253562369314,26.244406902567903,29.803448232119308,28.580914737196224 
 06/02  12:50:00,34.65291545121462,33.94219778113778,48.45541348966979,43.05307379951899,18.0,54.29181975095625,26.105531312870955,26.278214177825248,26.274781749962358,29.719893854622853,28.816819159260262 
 06/02  12:55:00,34.792852659117045,34.12800414641591,48.18678542735033,43.80941559849535,18.0,54.073612198872524,26.122483249945976,26.38611002135741,26.382753603301353,29.650902163105343,29.060705813443406 
 06/02  13:00:00,34.83133008419125,34.2081266552018,47.87316715118925,44.476813112506115,18.0,53.782770962381434,26.14442878118275,26.41104674195168,26.407770769020715,29.563988507750423,29.255242050483616 
 06/02  13:05:00,34.81242373359835,34.22824476362582,47.45417318221865,45.01295466701552,18.0,53.33099133818415,26.160869032479972,26.416103698016855,26.413024821829254,29.42745381628623,29.382507764222225 
 06/02  13:10:00,34.772629377996296,34.22446018502426,46.99438711653876,45.47280848234941,18.0,52.8063215555342,26.197478085200796,26.412321420498984,26.40951531912299,29.283304229526266,29.48182164719651 
 06/02  13:15:00,34.72161994024707,34.206706406182114,46.508952582894665,45.86835840390023,18.0,52.285148846041096,26.215411993786145,26.403615552388942,26.40109878836597,29.135419005760525,29.557501830517538 
 06/02  13:20:00,34.664314356865,34.1801778493338,46.00616636181559,46.205643819610216,18.0,51.68418107681801,26.232809578483877,26.395112288503924,26.39291270580202,28.987977709671497,29.614334726380775 
 06/02  13:25:00,34.603642637132246,34.148054650138846,45.491537201958494,46.48839235448676,18.0,51.08744544910268,26.24905189786824,26.38664676077758,26.384773107084186,28.840927704818682,29.65304864794109 
 06/02  13:30:00,34.541440547322914,34.112393214051394,44.96901724113102,46.71908181409309,18.0,50.44250752645506,26.26447667541887,26.378358133615734,26.376807586971267,28.69471390799697,29.67493695571204 
 06/02  13:35:00,34.441017380832406,34.03665414820271,44.320869596826164,46.73663908165531,18.0,49.60856841373847,26.27901809550696,26.350386980954056,26.34918339749646,28.48824313629001,29.59765410019827 
 06/02  13:40:00,34.45606261979769,34.07481546473678,43.45079316318561,46.27625011261278,18.0,48.713397940669154,26.28962743022434,26.384966697366963,26.38400230934201,28.196377995927037,29.326541526789015 
 06/02  13:45:00,34.37715194494197,34.017531144395264,42.69003654938737,45.951001901320375,18.0,47.82495974113817,26.295606727931986,26.354263614973206,26.35348715502448,27.999311308508823,29.202211882880192 
 06/02  13:50:00,34.27476389222244,33.93531380113746,41.94764663177255,45.585826792035114,18.0,46.86119744979734,26.302951077648544,26.32468493681978,26.324078463249805,27.807513942051514,29.061027343191824 
 06/02  13:55:00,34.16065528199688,33.84006798621666,41.21738840026359,45.16427508912586,18.0,45.905255244732466,26.30916854451741,26.295258860485546,26.29475317958827,27.621376172780742,28.90470634508347 
 06/02  14:00:00,34.039914661068295,33.73700058300207,40.49940663710009,44.682109425683066,18.0,44.90834937316044,26.31449214021503,26.266216429545466,26.265744916070616,27.44160031047511,28.734252133267432 
 06/02  14:05:00,34.08883221433412,33.80321000667211,39.670847300339766,43.68428296812813,18.0,43.875109700939106,26.318817728438624,26.359505339515522,26.358952102510557,27.24932567905853,28.37212766988023 
 06/02  14:10:00,34.02555134069136,33.75640768668043,38.92792738383776,42.8789791501492,18.0,42.82383347721575,26.311112425085717,26.367934076508618,26.367225222259435,27.12309442187444,28.195760806787803 
 06/02  14:15:00,33.9380026836235,33.68439566690086,38.21907576426376,42.060316619862824,18.0,41.79023250595763,26.311859663459582,26.382300858139047,26.381447442561353,27.008651551267917,28.01096957648474 
 06/02  14:20:00,33.92742663919506,33.68851467872304,37.40658687555423,40.705880819670966,18.0,40.75320393757851,26.312117436407576,26.446856663843164,26.44577694096847,26.840007052214105,27.575509310342227 
 06/02  14:25:00,33.850991456790986,33.625939844633585,36.718258136582264,39.62381775982359,18.0,39.73475385377987,26.307000972853853,26.456094830649704,26.454753474585573,26.748390135333864,27.367434234607174 
 06/02  14:30:00,33.917714950340496,33.70577776294039,36.01641457550687,38.035369244070516,18.0,38.734609019384095,26.305270423164355,26.552673667634565,26.551013881356198,26.63767181478096,26.89643874417675 
 06/02  14:35:00,33.87139838281802,33.67182872999305,35.56468935947754,37.28068458095332,18.0,38.11425076342936,26.300712172332094,26.562268584520325,26.56057051621849,26.638575598633622,26.915616349696677 
 06/02  14:40:00,33.796243939586525,33.608272565314074,35.20123356927412,36.76558568147029,18.0,37.58055565091691,26.30197741597012,26.576895500139244,26.575221447590593,26.643479004561982,26.93781691349045 
 06/02  14:45:00,33.705936393405125,33.52885616267873,34.890437919578524,36.38334709515789,18.0,37.05031158503573,26.303663492241178,26.592142619631375,26.59049025758725,26.648990816608546,26.961166789326967 
 06/02  14:50:00,33.606173908919146,33.439327889395,34.614710449610435,36.086224364331194,18.0,36.65019702335849,26.305550671924223,26.60746328163168,26.605831990497563,26.65437455696258,26.98484377672935 
 06/02  14:55:00,33.50022957450943,33.34300552019439,34.363327727050624,35.846365473202184,18.0,36.25234759627031,26.30749221081153,26.62264591976799,26.62103485921824,26.659342242108323,27.008500329349772 
 06/02  15:00:00,33.22730734974913,33.241971981223756,34.129347241530574,35.6463389096035,18.0,35.93410719441531,26.30944135724511,26.587533152277615,26.636041954022858,26.663814379282314,27.032026897519188 
 06/02  15:05:00,33.21048893010964,33.12801397600152,33.92377756269714,35.49992569009983,18.0,35.649152337738236,26.311157103124238,26.59002630557552,26.593462330433,26.618744802700235,27.01266837779673 
 06/02  15:10:00,33.10564778745608,33.007356975629115,33.730728418986914,35.38146519366082,18.0,35.41649306929124,26.312351550704026,26.541949769980306,26.54121590644644,26.565004529909174,26.984226662964602 
 06/02  15:15:00,32.98441646480349,32.88165195256624,33.54497683307925,35.2819636465256,18.0,35.180397404999766,26.313089241041123,26.488291580571854,26.486864833906964,26.508752117134406,26.954143945463784 
 06/02  15:20:00,32.85503336543796,32.75178672924405,33.36340823030292,35.196032866418676,18.0,34.98148936492924,26.313572286946723,26.433188314493748,26.431661136731634,26.45113078643419,26.923536636938934 
 06/02  15:25:00,32.7200249005926,32.618324349920634,33.183902202823454,35.1200717497848,18.0,34.7794901229567,26.313704606494902,26.377247854380016,26.37570868494879,26.39227059822838,26.892490722783293 
 06/02  15:30:00,32.58068676295032,32.481637854492384,33.004939748958876,35.051576226585375,18.0,34.59843287431124,26.31356262150125,26.320615615291672,26.31907622374331,26.332295554409825,26.861064114081387 
 06/02  15:35:00,32.416813950418366,32.321009883210515,32.79869822809659,34.892757110301645,18.0,34.35620362325991,26.31305580181306,26.25293406191537,26.251390709447037,26.25968111807134,26.78342956049312 
 06/02  15:40:00,32.242307262296535,32.15004446245113,32.58362965904236,34.70167596362516,18.0,34.1140672209501,26.310339097018048,26.183939530001908,26.182399485010365,26.18623391737924,26.703006551449107 
 06/02  15:45:00,32.060420076921396,31.971821191673566,32.36361316132743,34.48964032475696,18.0,33.869791496600406,26.30715053647424,26.114129749059543,26.112598040618423,26.112455503983142,26.620340196609675 
 06/02  15:50:00,31.87277798049992,31.78785980566784,32.14045089457359,34.26167564802522,18.0,33.61210443575931,26.303475142796323,26.04350493769971,26.04198707203676,26.03832487341265,26.53545697292043 
 06/02  15:55:00,31.680368421893398,31.599082895066516,31.915195354307073,34.02060142052428,18.0,33.352179118106214,26.29920804806889,25.971977405124335,25.970478630250284,25.963714131687766,26.448262821106823 
 06/02  16:00:00,31.48382159178512,31.406081079300723,31.688506071054274,33.76808402010668,18.0,33.08215213668885,26.294509232582485,25.899603077102483,25.898129189429255,25.8886197324681,26.358797864075996 
 06/02  16:05:00,31.25210255076737,31.186566864586183,31.422182949030155,33.445443595794735,18.0,32.73257124769697,26.289278969344373,25.81985348222912,25.821536210632644,25.805452619716107,26.250906471879887 
 06/02  16:10:00,31.007097053542257,30.96023131625731,31.147395104443437,33.09505377378339,18.0,32.364691833450344,26.291993748057532,25.737558227704312,25.74441752992152,25.721866959318845,26.13960058922237 
 06/02  16:15:00,30.75415821087558,30.7272499064748,30.86711083785016,32.72716379926652,18.0,32.00085777189438,26.2873231268289,25.653903745533285,25.665601297391788,25.637049940380166,26.026503917129617 
 06/02  16:20:00,30.496073225152898,30.48861927626029,30.58377148220506,32.34711879810299,18.0,31.613680992687378,26.282236677552074,25.570468476034875,25.586524937154763,25.552590668446783,25.91325428244693 
 06/02  16:25:00,30.234607286738,30.24504493475412,30.298996568124366,31.95830794376333,18.0,31.230813117319347,26.276511120541556,25.48708650672961,25.506884411353212,25.468324867533852,25.799726294198308 
 06/02  16:30:00,29.97094451155138,29.99699739601691,30.013874443737635,31.563012603534357,18.0,30.83897493871088,26.270316786639306,25.403814907443575,25.426617051667506,25.384307307869676,25.686000432527976 
 06/02  16:35:00,29.73889172925331,29.814421505878467,29.76167538156858,31.568806140423185,18.0,30.59776199905237,26.263600466310614,25.337068417173043,25.372251343662924,25.316604467040065,25.763254310392085 
 06/02  16:40:00,29.515555628581442,29.71869043787187,29.519547583379218,32.235750646463025,18.0,30.376184301539247,26.261069917462127,25.271444604467547,25.35523264600954,25.250187772356696,26.08768319447256 
 06/02  16:45:00,29.301156491260024,29.621244917524027,29.287615833638732,32.64036044178919,18.0,30.149507062962623,26.264549286886396,25.208282492198578,25.313779618077774,25.186316842204747,26.16211568149822 
 06/02  16:50:00,29.090679118945232,29.54046514258545,29.06085936776623,33.020505251698594,18.0,29.958811161959982,26.26426592022779,25.143448774029025,25.278984793827362,25.120985104811666,26.23286232813831 
 06/02  16:55:00,28.88212175578799,29.477377142266914,28.83726724516125,33.397598123161316,18.0,29.762667995153503,26.263758653933134,25.078162636386708,25.25456214517635,25.05539037556082,26.301583799740797 
 06/02  17:00:00,28.71215415083501,29.56509144908208,28.65274179320387,34.38178892892228,18.0,29.581060348188167,26.263282911000893,25.031588598069447,25.291863930538966,25.007922706253908,26.653248237981757 
 06/02  17:05:00,28.51571855896438,29.59136553927149,28.44855799253896,34.97981109514643,18.0,29.396384998245473,26.27159406356833,24.932145150045756,25.24494972317791,24.911489633511223,26.69214958120284 
 06/02  17:10:00,28.311450492719796,29.61722964334767,28.23940600872202,35.49641472635202,18.0,29.213447805288915,26.227183036571308,24.83706356615886,25.209150254059978,24.819262354149146,26.736538771221888 
 06/02  17:15:00,28.101777651251318,29.651261608861596,28.026774002581114,35.97373186040694,18.0,29.023438169806603,26.22080323270091,24.74884954444002,25.192101942441354,24.733831014511736,26.78651421673544 
 06/02  17:20:00,27.8874477744339,29.69647237314948,27.810933832081883,36.42648506274969,18.0,28.82749738689676,26.214695549285775,24.659598955496904,25.176637230665563,24.647543978726276,26.83468989080444 
 06/02  17:25:00,27.66880416220344,29.754413933087573,27.591931416650002,36.86195641266382,18.0,28.62444054099873,26.20954094017651,24.56993723878827,25.165336889582818,24.560993346585406,26.881459015797304 
 06/02  17:30:00,27.473456191527255,30.003533478035866,27.396621955954522,37.89941356284621,18.0,28.409934099890165,26.204922899363236,24.49414235729398,25.23778748426446,24.487859438071325,27.21342642979613 
 06/02  17:35:00,27.255209212848218,30.043795852120027,27.17943293493325,38.08683590720369,18.0,28.112778798579072,26.210160487478635,24.404212943634548,25.18235434022006,24.40034543124284,27.066993607302095 
 06/02  17:40:00,27.029793644641362,30.02224484779026,26.955867187968437,38.036652202747916,18.0,27.794978050847572,26.20399042663879,24.31034896878623,25.12039998225862,24.308926288091698,26.915944496834754 
 06/02  17:45:00,26.799976200928516,29.963805425023562,26.728576878878442,37.85455722292145,18.0,27.47941271062258,26.196933981877464,24.216418905686623,25.055124268521297,24.217378489842247,26.763170614660908 
 06/02  17:50:00,26.568865367521298,29.879053083668627,26.50054740117151,37.583254336780946,18.0,27.13798367710587,26.189226213444627,24.123277049811634,24.986489981946875,24.126520525885326,26.607499509533795 
 06/02  17:55:00,26.334138418604592,29.773187451434385,26.269439656182545,37.254369228042144,18.0,26.79888113929644,26.180917034789047,24.029107400053192,24.91407917037509,24.034609285631973,26.451858958561502 
 06/02  18:00:00,26.0971049156604,29.64996316597882,26.036506262883584,36.882902011351504,18.0,26.44728359754943,26.172088315892655,23.934831771742154,24.83809706329089,23.942517179308027,26.29499740381732 
 06/02  18:05:00,25.81033403794661,29.47720481047836,25.75735156044757,36.49551670252765,18.0,26.061486902882194,26.162745454743362,23.690301612012036,24.616795735084395,23.701257289607213,26.016265749049808 
 06/02  18:10:00,25.50325905231137,29.278490920261515,25.459198196447833,36.08598520615059,18.0,25.658432722407905,26.027097159950458,23.466525272081583,24.41347320792147,23.478705968269765,25.755364584209474 
 06/02  18:15:00,25.182504668873182,29.05950522747606,25.14792542679278,35.655710476139106,18.0,25.25285221163022,25.99611499961357,23.26285612838433,24.226378604823253,23.275303688524787,25.510205247452063 
 06/02  18:20:00,24.85121326177459,28.822985845587517,24.82620254027841,35.206055706948604,18.0,24.826402223745447,25.965782790963857,23.057426413979556,24.034152267157992,23.069831351479934,25.260864568740203 
 06/02  18:25:00,24.51121964815819,28.57042460948314,24.495514210806032,34.73791300395955,18.0,24.3968710976875,25.937901823040878,22.852040578915194,23.838565638278624,22.864064897158926,25.008912658416193 
 06/02  18:30:00,24.163636244993782,28.302543344779085,24.15669837689939,34.25170134453542,18.0,23.95000444847749,25.911190842528274,22.646565791113403,23.639283147156334,22.657851424112835,24.753893256027368 
 06/02  18:35:00,23.830574424090127,28.024168883938753,23.83154290830241,33.7322756889511,18.0,23.518803908226857,25.885045299111745,22.45017036484444,23.435865286279522,22.459915086003775,24.489562029790022 
 06/02  18:40:00,23.500053296462525,27.740612558327875,23.5080104627382,33.208849683601905,18.0,23.07851225592414,25.86075327396727,22.25417555556487,23.233080830066797,22.262088649669522,24.23152580619626 
 06/02  18:45:00,23.16954112551271,27.4475327867467,23.18349751320802,32.67495444613326,18.0,22.637269796343087,25.83783253253813,22.057594581054786,23.02734149302836,22.06333905346912,23.9717218653052 
 06/02  18:50:00,22.83782293608045,27.024853249463742,22.85671626132259,31.892466842063136,18.0,22.19205508706602,25.81472608377976,21.86354546366948,22.756470578453104,21.866696517251455,23.587689911960183 
 06/02  18:55:00,22.50412665861785,26.540771938727275,22.526819717911437,31.018291703847023,18.0,21.746255902440442,25.786888074580588,21.677320037805544,22.477406800727636,21.66901469922084,23.200829516243687 
 06/02  19:00:00,22.167928345369305,26.009273007746764,22.19320542829478,30.085873240339744,18.0,21.298073518554432,25.757961446803513,21.488094717045044,22.190891930387806,21.467923814024857,22.811264279255113 
 06/02  19:05:00,21.835537668703846,25.424611245683053,21.861288729764297,29.070350043365384,18.0,20.880508361255686,25.72730306742489,21.30469943255696,21.90455250998258,21.27890658636005,22.41834509248207 
 06/02  19:10:00,21.50487214624048,24.79954290694727,21.530076978687283,28.013282854272237,18.0,20.466173331391257,25.687638885514286,21.115324938997674,21.612028088217244,21.087902825205333,22.026964026876556 
 06/02  19:15:00,21.163524285011917,24.087898113580238,21.187416674113884,26.851337092389212,18.0,20.056362703194583,25.64977082985434,20.91253042574067,21.281311286933715,20.886819576477592,21.59363281508888 
 06/02  19:20:00,20.680977149640388,22.571798539853084,20.70207748082311,24.501471949390886,18.0,19.465844819948604,25.609222903961676,20.542429350410202,20.540489116895287,20.537756116037826,20.53766453187245 
 06/02  19:25:00,20.34344053023183,21.77674732458341,20.3618916368219,23.3113682015399,18.0,19.138046130540914,25.545328319347536,20.378001868867557,20.378282203227116,20.373896177587994,20.372675288632195 
 06/02  19:30:00,20.051310706008767,21.18347421952377,20.067203227948497,22.448121478993247,18.0,18.790534603535843,25.507668735654523,20.22342931785488,20.224095275230752,20.21988796663925,20.218581260523706 
 06/02  19:35:00,19.785355930377843,20.70135709952488,19.798895358908013,21.766838400087707,18.0,18.442741932920327,25.470742403497663,20.068997182026123,20.069705644105397,20.065988426965248,20.064575648593973 
 06/02  19:40:00,19.536977512559822,20.29217905472151,19.54834312509742,21.2055286195401,18.0,18.141810132709434,25.435274905782048,19.91507745036745,19.91578550989732,19.91260715286637,19.911092925490948 
 06/02  19:45:00,19.30098941434622,19.933517593095498,19.31035016151039,20.727629234480712,18.0,17.840707834519822,25.40102607978474,19.76163874905228,19.762346288839353,19.75971735794633,19.758110390246657 
 06/02  19:50:00,19.073984081525467,19.610970444989025,19.081498382436543,20.30959632986519,18.0,17.568683388995684,25.367648699659384,19.608613862021116,19.60933846990747,19.607215685959204,19.605491814931156 
 06/02  19:55:00,18.853632564505137,19.314913660012532,18.85944795090807,19.93560752770277,18.0,17.296532134154,25.335069703202944,19.456308699863712,19.457039711843777,19.45551191046991,19.45372518157825 
 06/02  20:00:00,18.63829958973981,19.03877917368167,18.642552791603727,19.59470007508819,18.0,17.04367462222269,25.303062291659,19.304072125863854,19.304816878912447,19.303862561452775,19.30201326412896 
 06/02  20:05:00,18.429283986009512,18.7803287795516,18.43206357834367,19.281494222118962,18.0,16.792757395927268,25.271577761627697,19.12808379702807,19.128848449358145,19.128067977597425,19.126160861673043 
 06/02  20:10:00,18.22425992229437,18.534640828127813,18.225673068429074,18.98891429611817,18.0,16.555469826861504,25.177387829817132,18.961047685602693,18.961804804947974,18.961263927238065,18.959334452171447 
 06/02  20:15:00,18.02223149381953,18.298778696530796,18.022381591096295,18.712448632433702,18.0,16.31809308970022,25.121204382881263,18.80477487659317,18.805576833687724,18.805402086306344,18.803409422721984 
 06/02  20:20:00,17.82253589094768,18.070634135906328,17.821519559941912,18.44881014656278,18.0,16.090642505956602,25.067431878588312,18.649673191078705,18.650512445885624,18.650724102979325,18.64868594891891 
 06/02  20:25:00,17.62469112424303,17.84863334208604,17.622597506035248,18.195638857073664,18.0,15.86311233483699,25.016746590208182,18.49583581136949,18.496716250528607,18.497326507378148,18.495247385580228 
 06/02  20:30:00,17.428335693778227,17.631579996811727,17.425246413034035,17.950902388452942,18.0,15.642564987654527,24.968388425851018,18.34292274304744,18.343847020787166,18.344863429823988,18.34274794147325 
 06/02  20:35:00,17.23319269461706,17.418551808298687,17.229182131294575,17.713275743999645,18.0,15.421944160031712,24.921945697726766,18.1907461832717,18.1917167553205,18.193144448840883,18.190996328443646 
 06/02  20:40:00,17.039046438922828,17.2088290488392,17.034182156875072,17.481537399759247,18.0,15.20631916372694,24.876949871378688,18.039079041207174,18.040097454817555,18.041938967510248,18.039761881879144 
 06/02  20:45:00,16.845726704437293,17.001844110632106,16.840069955639265,17.2547304452931,18.0,14.99062479261416,24.83322759254749,17.887864171620606,17.88893210579147,17.89118947312744,17.888986048256356 
 06/02  20:50:00,16.65309780648835,16.797145239487207,16.64670406334898,17.032088517747322,18.0,14.778552618356764,24.79045857267685,17.7369503963111,17.73806868954182,17.7407424260669,17.738515315387247 
 06/02  20:55:00,16.46105077839174,16.594369997774624,16.4539702650157,16.812991741808233,18.0,14.56641393555634,24.74857388497166,17.586331523919398,17.587501210469327,17.59059201541686,17.588342934357 
 06/02  21:00:00,16.269497602301627,16.393225520832498,16.261775806585867,16.596934976062954,18.0,14.356931251529469,24.707351859824787,17.43590429475023,17.437125713664045,17.440633343103002,17.438364055889565 
 06/02  21:05:00,16.174562549389876,16.28932800011902,16.16569904410647,16.478023526223694,18.0,14.251782003274222,24.666768626253823,17.456502559595037,17.457786372315297,17.46076996002489,17.458475395532446 
 06/02  21:10:00,16.119601899496683,16.226194164352,16.109810115191504,16.4010180450648,18.0,14.173537909350372,24.62515825771029,17.540457110692046,17.54172786171881,17.544265123415926,17.542026366893083 
 06/02  21:15:00,16.090518572707193,16.18966405634752,16.08012699840512,16.351871541284407,18.0,14.096274438520076,24.694878698268813,17.63923556980967,17.640554153429377,17.64292975670753,17.6406769160443 
 06/02  21:20:00,16.079957689379683,16.172308182319483,16.069314845664945,16.323120572151232,18.0,14.060993419656697,24.75791025258856,17.72621064633404,17.727527507582124,17.72963917740981,17.727417674959156 
 06/02  21:25:00,16.08317559466332,16.16931265276144,16.07261908144354,16.30987579175941,18.0,14.026457466332444,24.81005038245121,17.805730892757424,17.807043057288524,17.808843323558676,17.806653100308665 
 06/02  21:30:00,16.096922405505403,16.177364427772073,16.086766945768787,16.30873614334245,18.0,14.0202009821697,24.85251865442803,17.817070788939304,17.818381364088964,17.811063086590252,17.808889625341237 
 06/02  21:35:00,16.118899843242378,16.194109522193777,16.10943360227943,16.317259271156683,18.0,14.01452354161699,24.78001773142336,17.821345899804328,17.822624393842318,17.821721929343425,17.819615023496 
 06/02  21:40:00,16.14744464149191,16.217835985335274,16.138929366833057,16.33364984718833,18.0,14.028747383189879,24.70766481453372,17.837457702925235,17.838736903212293,17.838532026614757,17.836471674175414 
 06/02  21:45:00,16.18132966141022,16.24727427939849,16.174002488666794,16.356561980586758,18.0,14.043428103800927,24.640687839271923,17.860971799627862,17.862253693009905,17.862006782846493,17.8599865855507 
 06/02  21:50:00,16.21963273300947,16.28146528228233,16.213708586917775,16.384967595864953,18.0,14.072452645318306,24.580621239447968,17.88146768410013,17.88276106628564,17.882490650847103,17.880504028917358 
 06/02  21:55:00,16.2616473227865,16.31967013980113,16.257321396899062,16.418065895138998,18.0,14.101843502629887,24.526154744582026,17.921805626666924,17.92310237730385,17.922920306501283,17.92096528673943 
 06/02  22:00:00,16.306820913026172,16.361307933047524,16.30427100105734,16.455220368084895,18.0,14.141780649924986,24.476389959178597,17.950475878079487,17.95178729526623,17.951797442548695,17.949867464257864 
 06/02  22:05:00,16.257416920403955,16.308738203235993,16.255772305989634,16.397995756630564,18.0,14.07648404232021,24.430510409509296,17.79869184160998,17.800012889106597,17.80003617436728,17.798123709558354 
 06/02  22:10:00,16.171773535656932,16.220180434501714,16.170724414926404,16.30491646360814,18.0,13.995432152844186,24.330556654369445,17.63796837027803,17.639322105310953,17.639349675865788,17.637431853730845 
 06/02  22:15:00,16.063788546392374,16.109492846789905,16.063150456952044,16.18988896483294,18.0,13.914345217582701,24.2612952297538,17.484470505585477,17.48588808614693,17.485922802630284,17.483968396329715 
 06/02  22:20:00,15.940461086204975,15.983648159462344,15.94011058228254,16.059898689131384,18.0,13.800958343073372,24.196011473390403,17.332499978858095,17.33397095835585,17.334013973806236,17.332032432416554 
 06/02  22:25:00,15.806173671598607,15.847008678553284,15.806025008189046,15.91931004169756,18.0,13.687539667915692,24.134570690831612,17.182120280821778,17.183642570838288,17.183695196891108,17.181687709035486 
 06/02  22:30:00,15.66384565218564,15.702477532045684,15.663837977353186,15.771023227232579,18.0,13.554053734780512,24.076415543607656,17.074302909162327,17.075883853996515,17.07596889827471,17.073924980094148 
 06/02  22:35:00,15.515486683901889,15.55205094598489,15.515576144639999,15.61702887303672,18.0,13.420537119165434,24.122402144225447,16.978411474474456,16.980067939265325,16.98019440182202,16.978098270815394 
 06/02  22:40:00,15.362514670516443,15.39713544876007,15.362669305760074,15.458726488461187,18.0,13.273896437143778,24.155120798884635,16.871099351685586,16.872786308500963,16.87294857851566,16.87084094630302 
 06/02  22:45:00,15.205951306335788,15.238742933524026,15.20614763672431,15.297120258012033,18.0,13.127223552254536,24.179655838616288,16.757646403427884,16.759365174522543,16.759560141985276,16.75743735958804 
 06/02  22:50:00,15.046547723862835,15.07761598243415,15.046768419235658,15.132944813567457,18.0,12.971740700026439,24.196444187260926,16.639103472792158,16.640849672993,16.64107470833443,16.6389395809378 
 06/02  22:55:00,14.884867602045611,14.91431074802503,14.885099854843034,14.9667483962025,18.0,12.816223645686518,24.20767395682095,16.51708427240311,16.5188585623373,16.519111931731686,16.516962540204872 
 06/02  23:00:00,14.721342805291538,14.749252421970136,14.721577176824894,14.798948493585783,18.0,12.654666616184965,24.213931692893855,16.392144726858646,16.39394607197039,16.39422640154328,16.392062604132207 
 06/02  23:05:00,14.646060195142724,14.672461133554982,14.647057085876535,14.720178757844248,18.0,12.599983806174961,24.21676292067158,16.42121415629515,16.42304296805554,16.423021048366877,16.420843075613334 
 06/02  23:10:00,14.605658830050439,14.630619776431521,14.607822167999752,14.676871914211814,18.0,12.565256667371115,24.20859370475478,16.4595200249463,16.461330076489617,16.460997173178953,16.458850731489804 
 06/02  23:15:00,14.587202731089056,14.610796995059433,14.590828967192184,14.656004687108249,18.0,12.531012292878188,24.20620104601606,16.498832620842563,16.500638911493184,16.50001079343076,16.49788463555319 
 06/02  23:20:00,14.584085527755832,14.606386161029565,14.589403063549126,14.650905681780468,18.0,12.532676103565933,24.200724309968262,16.537466959890253,16.53926667196498,16.538368341315163,16.536265966723136 
 06/02  23:25:00,14.592121510054739,14.613199637508039,14.599308362034298,14.657335706342412,18.0,12.534619182868598,24.19436922602286,16.575794811362243,16.57758864436755,16.5764454392758,16.57436631959621 
 06/02  23:30:00,14.60848944793049,14.62841347484059,14.617685198082858,14.672428968490584,18.0,12.55936840000602,24.1871685207033,16.61382934986807,16.615617376638625,16.614255681060285,16.61219925565365 
 06/02  23:35:00,14.631222938100548,14.65005816104447,14.642537467000114,14.694181668367577,18.0,12.584262939000807,24.179191762499233,16.651596164779903,16.653378256279552,16.65182527015179,16.649791144921778 
 06/02  23:40:00,14.658916032534984,14.676724463776418,14.672436028886855,14.721156184635324,18.0,12.624298321401659,24.170579362270622,16.689168131503152,16.690944351311032,16.68922759387175,16.68721512496296 
 06/02  23:45:00,14.690541697434355,14.707382014406155,14.706335560312532,14.752298372418885,18.0,12.664387618149927,24.16137790797607,16.726564317351404,16.728334531743428,16.726482029089084,16.724490738009308 
 06/02  23:50:00,14.72533538981642,14.741262965096713,14.74345695090087,14.786820235663013,18.0,12.714730722292543,24.151689157231658,16.763836414380307,16.765600618457427,16.763640462888418,16.76166973277975 
 06/02  23:55:00,14.762718179118252,14.777785164978386,14.783209551262741,14.824122357751571,18.0,12.76506513618521,24.1415481192167,16.800997315169013,16.80275534685262,16.80071592240523,16.798765294953967 
 06/02  24:00:00,14.802244765687629,14.816500215580927,14.825138540453501,14.863741394018893,18.0,12.822440496450776,24.131030855974412,16.838083932855227,16.83983570885573,16.837745315068673,16.835814265136378 
 06/03  00:05:00,14.82514879431995,14.838623711411909,14.851483486979808,14.887843779560937,18.0,12.868374552838205,24.120166481726866,16.83562552490622,16.83736654779011,16.835090361013272,16.833185588299273 
 06/03  00:10:00,14.842214809417719,14.854947980955542,14.872400261826654,14.906623879346636,18.0,12.916175109533599,24.10687927290238,16.83162392098518,16.83336232430122,16.83082782881013,16.82894082839408 
 06/03  00:15:00,14.855905151556637,14.867935630212411,14.890190853418307,14.922388610000924,18.0,12.963326775503463,24.093567869547954,16.82737782855935,16.82911359557295,16.826308640839443,16.824438434004378 
 06/03  00:20:00,14.867413892973097,14.878779732687892,14.905963845937594,14.936245784504678,18.0,13.009117994187642,24.07991318655605,16.823003761524433,16.82473617739049,16.821672897652263,16.819819466640297 
 06/03  00:25:00,14.87746521417151,14.888203030732372,14.920387042142142,14.948860291892714,18.0,13.054294248104158,24.06595862289301,16.81856578472599,16.82029443599106,16.81699090655195,16.815154047437886 
 06/03  00:30:00,14.886525184588951,14.896669958745575,14.933886812809895,14.960654503948806,18.0,13.098329571246214,24.051751040155267,16.814101582952958,16.81582622646539,16.81230253963389,16.810481932556172 
 06/03  00:35:00,14.894902171834914,14.904487172151882,14.946742521747343,14.971903231418022,18.0,13.141782250054302,24.03731448903622,16.809624017087856,16.811344410290644,16.807621692508633,16.80581705104845 
 06/03  00:40:00,14.902803884400976,14.911860658364706,14.959140109025206,14.982787616794134,18.0,13.184126403223344,24.022678400667395,16.805143419820865,16.806859338212462,16.802958846959257,16.801169897088357 
 06/03  00:45:00,14.910371966845707,14.918930371899489,14.971204537931596,14.993427769128798,18.0,13.225918460737445,24.007874090644716,16.80066950624331,16.802380748547648,16.79832350304764,16.796549974668096 
 06/03  00:50:00,14.917703802215746,14.925792059810263,14.983020200677098,15.003903284893251,18.0,13.266601724122696,23.99291708583919,16.796203519971414,16.797909856264255,16.793716894820818,16.791958568887708 
 06/03  00:55:00,14.924866642769345,14.932511405033296,14.994644107327032,15.014266506941059,18.0,13.306762226461432,23.977839616140173,16.79175602884868,16.793457281049143,16.789148926619532,16.787405558118564 
 06/03  01:00:00,14.931906971483443,14.939133394066221,15.006114592385936,15.024551272498673,18.0,13.345814458023202,23.96264783645873,16.78732418017887,16.789020123661317,16.784616830398136,16.782888238634428 
 06/03  01:05:00,14.93095481418403,14.93781686946202,15.005589071629064,15.02303204736475,18.0,13.3455862680772,23.947374757330003,16.78365057721078,16.785352562427306,16.781204145666493,16.77947266897661 
 06/03  01:10:00,14.926919317869734,14.933447798753848,15.00054093449777,15.017088573805173,18.0,13.33689014879276,23.932032215717644,16.780077234024816,16.781786792252433,16.777966677231234,16.776229243421653 
 06/03  01:15:00,14.920966466280204,14.927185574662179,14.992712025025417,15.008437324855207,18.0,13.328049554225572,23.91664488523616,16.776518210430595,16.77823590451999,16.774757417085652,16.773012796134253 
 06/03  01:20:00,14.913675717572971,14.919605877799315,14.982953850965039,14.997915915335499,18.0,13.306199976119604,23.901204449734852,16.77293721429021,16.774663164468848,16.7715232581059,16.769770917514904 
 06/03  01:25:00,14.905403625087077,14.91106264267239,14.971783872660007,14.986032559059444,18.0,13.284037392266347,23.885743987680165,16.769337944847223,16.771072228014816,16.768260639728737,16.766500205183092 
 06/03  01:30:00,14.896383048797933,14.90178678541668,14.959536673823356,14.973115247505179,18.0,13.253650502268368,23.870251880567327,16.765705919132927,16.76744846670306,16.764952872579386,16.763184159103957 
 06/03  01:35:00,14.886770673398642,14.891933480970225,14.946435703028241,14.959382508490048,18.0,13.222841707852927,23.854760705931163,16.76205416789901,16.763805006142775,16.7616110000572,16.759833758486707 
 06/03  01:40:00,14.876674051013955,14.88160906529554,14.932633655737767,14.944983221810071,18.0,13.186264055383248,23.839255571252558,16.758370165325573,16.76012921960796,16.758222319915205,16.75643641067927 
 06/03  01:45:00,14.866168011810801,14.870887358827952,14.918236706648894,14.930020504686812,18.0,13.149179705654982,23.823768086660525,16.754668646845516,16.756435965852518,16.754800525587314,16.753005700309302 
 06/03  01:50:00,14.855305021675367,14.859819967855852,14.90331963973685,14.914566620769627,18.0,13.1076846436727,23.808280996506323,16.750936509050746,16.752712044205282,16.751332613693194,16.749528723337903 
 06/03  01:55:00,14.844121917278484,14.848442982036595,14.88793558894347,14.898672575460177,18.0,13.065610973045702,23.792824505717157,16.747188692995223,16.748972526890896,16.74783275707523,16.74601953125193 
 06/03  02:00:00,14.832644393012492,14.836781435585298,14.87212247117469,14.882374450694265,18.0,13.019876051023845,23.777379853360227,16.743411418610435,16.7452035355509,16.74428723338218,16.742464500740482 
 06/03  02:05:00,14.791334216506387,14.79528832851928,14.828161664825354,14.837920041122993,18.0,12.960329134725859,23.761975420803758,16.679105121142015,16.680896486330937,16.67982587204847,16.678005115266444 
 06/03  02:10:00,14.738248234205933,14.742025372312122,14.773108985768868,14.782385711145679,18.0,12.895374632192741,23.745839357864988,16.610300660571227,16.612105680348122,16.610790505823616,16.60895858260801 
 06/03  02:15:00,14.677765597304793,14.681372671535014,14.711098922665256,14.71991038588684,18.0,12.830409267977004,23.729386283468628,16.540660448765266,16.54247690903361,16.540899831310185,16.539059038941787 
 06/03  02:20:00,14.612118620697613,14.615562832816618,14.644236081171455,14.652600407301067,18.0,12.759030845491802,23.712643933813762,16.47075618290023,16.4725837561341,16.470743742205855,16.46889430133143 
 06/03  02:25:00,14.542717255827565,14.546005849249582,14.573847544859158,14.581783552012428,18.0,12.687640668082398,23.695632213902584,16.40069931709911,16.402537959726487,16.40043660397589,16.398578425573987 
 06/03  02:30:00,14.470509262897629,14.473649388446521,14.500823985463207,14.508350612196017,18.0,12.612121097928837,23.678369962744505,16.330521006309084,16.33237070591565,16.33000988732215,16.328142852080816 
 06/03  02:35:00,14.396153825712082,14.399152463863738,14.425784037540327,14.43292000059584,18.0,12.536590870961891,23.660874739276583,16.26023740570605,16.262098156637933,16.25947964829419,16.25760363541923 
 06/03  02:40:00,14.320121426959929,14.322985342803438,14.349168740879751,14.355932326473441,18.0,12.458277639744102,23.643165451258877,16.189861819829787,16.19173363177231,16.18885903922444,16.186973918665558 
 06/03  02:45:00,14.242755199680376,14.24549091789581,14.271299467488646,14.277708404875982,18.0,12.379954266665864,23.625254066586066,16.11940233574154,16.121285213299984,16.11815602508358,16.116261677807415 
 06/03  02:50:00,14.164310149457496,14.16692394184246,14.192414896252656,14.198486283761888,18.0,12.299702727551388,23.607157023582168,16.048868803059975,16.05076277498074,16.047380337507093,16.045476626604227 
 06/03  02:55:00,14.084978998167578,14.087476879129749,14.11269533773719,14.118445603017143,18.0,12.219441307608264,23.588882127450695,15.978265673705664,15.980170762187356,15.97653634950268,15.974623150430205 
 06/03  03:00:00,14.00490963693703,14.007297364069485,14.032279136720248,14.037724019624196,18.0,12.137811470180068,23.570443178789034,15.907600514168507,15.90951676999515,15.905631543435447,15.903708709193097 
 06/03  03:05:00,13.923356864806573,13.92563748087411,13.951211501112478,13.956357651273828,18.0,12.06368814171499,23.55184476633002,15.831430974336229,15.833354379213802,15.8288633122811,15.826936618065815 
 06/03  03:10:00,13.840889988503044,13.843068001037055,13.86955602298579,13.874415435948768,18.0,11.990018915964168,23.53261223461241,15.754676427969002,15.7566078732076,15.7514429130714,15.749511394860406 
 06/03  03:15:00,13.757693263162748,13.759773374095303,13.787368894887608,13.79195443188866,18.0,11.916180335589436,23.513525909237014,15.67777941319764,15.679719259382182,15.673831290310204,15.671894529721442 
 06/03  03:20:00,13.673881798942155,13.67586869633829,13.704698135716814,13.709022776114416,18.0,11.843906781466808,23.494278101148527,15.600712967129425,15.602661198948113,15.596006056820329,15.59406398919731 
 06/03  03:25:00,13.589539562471607,13.591437841050361,13.621584664416586,13.625661213545625,18.0,11.771457813449222,23.474868910516026,15.523488091224465,15.52544479155597,15.517979342786816,15.516031809786 
 06/03  03:30:00,13.504730806632534,13.506544925896655,13.53806345146034,13.541904383458975,18.0,11.699674254483831,23.45530848347111,15.4461142502862,15.448079538912623,15.439761196662289,15.437808008835702 
 06/03  03:35:00,13.419506128504016,13.421240389711894,13.45416453508987,13.45778190382009,18.0,11.627713217308386,23.43559294396145,15.36859167545424,15.370565644867952,15.361352425657174,15.359393425820713 
 06/03  03:40:00,13.333906264383408,13.335564798565283,13.369913875663265,13.373319265663891,18.0,11.555927183157774,23.415734039488143,15.290928265996797,15.292911045264589,15.282761377723887,15.28079637813471 
 06/03  03:45:00,13.247964623132978,13.249551385931976,13.285334059410513,13.288538561674603,18.0,11.483964650796127,23.39572640644023,15.213122654568053,15.21511433783121,15.203987242639187,15.202016094757823 
 06/03  03:50:00,13.161709044293838,13.16322781513419,13.200444872520137,13.203459076103902,18.0,11.411888722307609,23.375582097414238,15.135182465436174,15.137183184950231,15.125038055125628,15.123060577928186 
 06/03  03:55:00,13.075163053839129,13.076617437872125,13.11526376753336,13.118097761419271,18.0,11.339639003549202,23.355294374283638,15.05710536280435,15.05911521083442,15.045912037002608,15.043928093012767 
 06/03  04:00:00,12.98834678193839,12.989740213774304,13.029806242005067,13.032469623640898,18.0,11.267104361354573,23.33487537443373,14.978898817616027,14.980917925616495,14.966617037079232,14.964626454867243 
 06/03  04:05:00,12.920111626198088,12.921449939691495,12.961893012637384,12.964402627513838,18.0,11.201481007087727,23.314317289228857,14.94183576743626,14.943872459350416,14.929743471967697,14.927734358083967 
 06/03  04:10:00,12.858980328339921,12.860267474481857,12.900580488612626,12.90294712628007,18.0,11.13696287628409,23.2941579816925,14.907436160818634,14.909481035930128,14.895761971749664,14.893743589052349 
 06/03  04:15:00,12.802205944684681,12.803445273318111,12.843272263392308,12.845504841376359,18.0,11.072301694582707,23.27410111695219,14.873523007971471,14.875577375425053,14.862314877229778,14.860285856683731 
 06/03  04:20:00,12.748407598264373,12.749602086627913,12.788674390936318,12.790780696227143,18.0,11.009585086851041,23.254146402331305,14.839775961059672,14.841840131370532,14.829054790451664,14.827014765687636 
 06/03  04:25:00,15.518649700875434,14.441647861953642,12.95258946025912,12.954577133178514,18.0,11.18521869331802,23.23428616114719,16.208377729660583,15.722017690370308,15.070456954788597,15.114662374570912 
 06/03  04:30:00,16.96920211413334,15.266401163579403,13.013637633838286,13.015513373180417,18.0,11.217430425322945,23.261260770803258,16.365622683623144,15.79370998756741,15.065068920384078,15.106253168738135 
 06/03  04:35:00,18.809743509858425,16.267732121368596,13.075516659986016,13.077286247130708,18.0,11.289553568489794,23.2576958115993,16.856975571249166,16.055780384145464,15.088482343731926,15.131342416545692 
 06/03  04:40:00,20.797625609273826,17.300262784270945,13.139753300019276,13.141422227686947,18.0,11.386038871254536,23.263023072646096,17.359583338571554,16.312591597748565,15.104520707088568,15.139560792170357 
 06/03  04:45:00,22.98525960744737,18.404572860043647,13.247271772662252,13.248845630792111,18.0,11.499583131824496,23.27048716666008,17.926326724672435,16.595615073778106,15.128724412896759,15.141606499944942 
 06/03  04:50:00,25.25946283864207,19.488548077358878,13.339244659463258,13.340729832284927,18.0,11.655559378493638,23.283089170499075,18.49937185371698,16.853491144034535,15.129778566392133,15.12111776186282 
 06/03  04:55:00,27.509705734550007,20.50383741874296,13.432312306952356,13.43371775814515,18.0,11.82916864199702,23.29779190115095,19.017409817554153,17.07761543878985,15.131857033030826,15.115939682343765 
 06/03  05:00:00,29.52129945861895,21.352445605204572,13.529232070957766,13.530572671054403,18.0,12.051374066782909,23.315223634402365,19.413831328472384,17.230562506605565,15.13654056201409,15.115221134462445 
 06/03  05:05:00,31.465925404783,22.152755757190647,13.699983311694718,13.701273618619043,18.0,12.384402623420277,23.331861966295357,19.89724818417949,17.474457153726007,15.249049876694585,15.222995397838531 
 06/03  05:10:00,33.36383622809,22.897082398681217,13.902317199533845,13.903593763038273,18.0,12.783538216039899,23.361956491622813,20.380522733622286,17.710632111931318,15.371963772430774,15.34240205112053 
 06/03  05:15:00,35.2248527202521,23.58753460236359,14.12564822505831,14.126965793473664,18.0,13.193752462610357,23.38753081248408,20.868759716517047,17.93489187364554,15.498412280259231,15.465984084739432 
 06/03  05:20:00,37.05371246279238,24.22584687995115,14.364405969389058,14.365834773252217,18.0,13.677464530157573,23.416287092230352,21.346097104812543,18.146254331124737,15.62698235957896,15.59218095973722 
 06/03  05:25:00,38.852491114467064,24.81324453298079,14.614959275288118,14.616578400975634,18.0,14.16981817695421,23.445250091457588,21.818634251902893,18.343348973145453,15.75674790429548,15.719958537768434 
 06/03  05:30:00,40.621828054957895,25.350687726746724,14.874766624103103,14.876653557313851,18.0,14.716601019324965,23.475243774447513,22.28664363026394,18.526019225038795,15.88792467638757,15.849595603436796 
 06/03  05:35:00,41.8309752150159,25.64103342074857,15.130960195534527,15.133189802158434,18.0,15.193859459314053,23.50631702223322,22.49841112422223,18.582310259804785,16.009812534917273,15.972047060685952 
 06/03  05:40:00,42.847525266748605,25.828690479824424,15.387636733711531,15.390238882623867,18.0,15.700501283108327,23.53208777853562,22.71495514573462,18.63078698113668,16.130971360386866,16.094090044461893 
 06/03  05:45:00,43.74479333151292,25.948061128870723,15.644558037348416,15.647552813879356,18.0,16.20826070019065,23.55716507604038,22.929820734123894,18.672811831762715,16.253275014689336,16.217548640761777 
 06/03  05:50:00,44.55883965448657,26.01694742069561,15.901462833382874,15.904840018592957,18.0,16.719360054816807,23.581644899543157,23.142434726960687,18.700357037539902,16.37651872237302,16.342183770340284 
 06/03  05:55:00,45.29905306494905,26.042497483163295,16.157488202639726,16.161212140880004,18.0,17.229857488046253,23.605669648577596,23.346974301263117,18.725126303080117,16.50032230230238,16.467583567794634 
 06/03  06:00:00,46.000960473100896,26.03940780249083,16.41335970406433,16.417374573762977,18.0,17.743389259269666,23.629115639136273,23.55536553921786,18.758321753146447,16.62515175734552,16.594184944927065 
 06/03  06:05:00,46.76833580090364,26.06486156175881,16.698498343024976,16.702755922023435,18.0,18.311525255567364,23.652416736505213,23.850985586668116,18.838778291618155,16.803280102029817,16.773998148124008 
 06/03  06:10:00,47.535487717865955,26.085412186609677,16.994849023648094,16.99928001978314,18.0,18.898159518612385,23.67989015532021,24.145948689257295,18.91899457365207,16.9916788140099,16.964249969743378 
 06/03  06:15:00,48.292678048683406,26.095346618140034,17.298200445435675,17.30272881718363,18.0,19.489586707969544,23.71546638874419,24.437738333411062,18.994404732445616,17.18089623895031,17.155438481470128 
 06/03  06:20:00,49.03583483865814,26.092445210940426,17.606442948885057,17.610991259554165,18.0,20.107695858863153,23.74951342570315,24.725373651648056,19.06369834127645,17.369298095281124,17.345903279690617 
 06/03  06:25:00,49.762710992729055,26.07562748314356,17.91824843464239,17.922741496472383,18.0,20.730316775040926,23.781575789424284,25.009118379587562,19.127971579144628,17.557284144509595,17.536014601152715 
 06/03  06:30:00,50.47193458274811,26.044376463807875,18.232718514591724,18.237085954132922,18.0,21.374461235659332,23.813363886743424,25.28028832462087,19.18821862661855,17.74493860570169,17.725832490580785 
 06/03  06:35:00,51.21724878469249,25.995253766719863,18.533036533960807,18.537214678054195,18.0,22.027081220272823,23.84650201605776,25.58881628404481,19.243093161255842,17.92522379224556,17.908170218714815 
 06/03  06:40:00,51.959290230828074,25.928775020970807,18.829613971560104,18.833546868193558,18.0,22.700976646397017,23.879662969600652,25.88464227860817,19.294997462978245,18.105465505955294,18.09047221019017 
 06/03  06:45:00,52.69044206652827,25.84494824269319,19.1247012748632,19.128341129289655,18.0,23.380727962735346,23.912945638315335,26.113118143557244,19.30709399348268,18.24197160486483,18.228949169330463 
 06/03  06:50:00,53.406766247588635,25.74383302806392,19.41932778612283,19.42263528065022,18.0,24.08117361767711,23.879194632204705,26.359383791888945,19.318062381026493,18.379122911514344,18.36806839381967 
 06/03  06:55:00,54.10574344219622,25.625547807854126,19.71407893626458,19.717023240456435,18.0,24.78710338480125,23.823437688906992,26.587646681994215,19.33763221051896,18.5247087563057,18.515547520205814 
 06/03  07:00:00,54.66315832855125,25.57197342736746,20.11457112797251,20.117128948887093,18.0,25.512453458387586,23.770413924947526,26.77334292431658,19.40828123428838,18.728908325978978,18.721563545645267 
 06/03  07:05:00,55.28213837141553,25.442025019431235,20.437968636386692,20.440125002411445,18.0,26.22147724969063,23.726230568578135,27.026936621016773,19.458131664560256,18.900578193493402,18.894910804147912 
 06/03  07:10:00,55.8930096062573,25.281174894849862,20.742868472964112,20.74461625817798,18.0,26.944583620108478,23.761589027398585,27.271627667389225,19.50488544674431,19.063229957698923,19.059033646847126 
 06/03  07:15:00,56.48752822483366,25.096497479790038,21.038737277846753,21.040075732084414,18.0,27.672412577300907,23.75885960251863,27.504358254107217,19.554054890362295,19.219319098840458,19.21643741004243 
 06/03  07:20:00,57.06215478949253,24.890904134799914,21.329291724088833,21.330225971385595,18.0,28.41069717218183,23.760268455544804,27.73259745312953,19.61750106106342,19.378330520762802,19.37658195863571 
 06/03  07:25:00,57.61473285159704,24.666136070376655,21.61658972352586,21.617130207302942,18.0,29.153305362624966,23.76351367581658,27.955193828284337,19.696800771304368,19.53718993929158,19.536311362780566 
 06/03  07:30:00,58.14379265061473,24.423368727345352,21.901875115869252,21.902037015078037,18.0,29.907854365339826,23.768477724981086,28.171776379283244,19.79440052401651,19.69655798627133,19.696259220055595 
 06/03  07:35:00,58.49057851537756,24.151316846262255,22.17553795085813,22.17534057751904,18.0,30.60079314973586,23.7751405879768,28.310564555365772,19.907463680054775,19.85149976977624,19.85148358234079 
 06/03  07:40:00,58.77043339071079,23.957582812879696,22.537224433716755,22.443720083184026,18.0,31.290446501961814,23.78156684563144,28.443860659540746,20.048264725905597,20.013588782634315,20.006191062407765 
 06/03  07:45:00,59.00295933319849,23.963398607798894,23.102414639726895,22.70885168244854,18.0,31.980695056297844,23.789351404313376,28.571807316921422,20.201481926550628,20.198826702896326,20.16106090507219 
 06/03  07:50:00,59.19748461604112,24.045783581389813,23.747526480480403,22.971594749574756,18.0,32.65807116887844,23.798339725758748,28.69434037128326,20.355150624779924,20.40393794358704,20.31600464092378 
 06/03  07:55:00,59.35935431940503,24.174437605886887,24.440897749979975,23.232478624680137,18.0,33.33585046318469,23.808472517705702,28.811544829970217,20.50915669874621,20.626836219024085,20.471071601636254 
 06/03  08:00:00,59.4917806867724,24.333965583187506,25.166092784224396,23.49184484491841,18.0,34.006902282831824,23.819560384436507,28.92342288402085,20.663330059593534,20.865381050352084,20.6261777213777 
 06/03  08:05:00,59.694590620164455,24.531907513584073,25.944444454846664,23.771353184150303,18.0,34.79876417982843,23.831681285802723,29.15995089474768,20.928898339803368,21.233162057813843,20.88920305261297 
 06/03  08:10:00,59.89909459272357,24.751521888505135,26.75416996139239,24.058337340523234,18.0,35.61791783483153,24.094430698681656,29.376707818093337,21.16098620356928,21.579588699618284,21.121094983087005 
 06/03  08:15:00,59.77701260386414,25.108647185455222,27.65505629155107,24.46997229141195,18.0,36.445280309163195,24.215230485515445,29.400985152478825,21.418723846754688,21.939373299267118,21.377837712945848 
 06/03  08:20:00,59.87024571586501,25.40012232569021,28.525467650984314,24.809519031271506,18.0,37.32156486418424,24.325867522040564,29.580884120527116,21.613488137875606,22.262622882329765,21.574769027478226 
 06/03  08:25:00,59.98499708502055,25.682809203150484,29.400383358752023,25.13507655448892,18.0,38.2058416324977,24.424156869918217,29.74305123520054,21.803495942296934,22.59721725671625,21.766978852782245 
 06/03  08:30:00,60.099163991895,25.963640122551194,30.28330835494577,25.454884687849834,18.0,39.129912941559915,24.513994148839515,29.89666843671182,21.990115559127617,22.93780724062333,21.95599640224208 
 06/03  08:35:00,60.166917113826756,26.239140097210278,31.163381660400653,25.766508142174555,18.0,40.038187229147624,24.59723785794545,30.02617933694046,22.171300977230715,23.278467285382078,22.13983830826828 
 06/03  08:40:00,60.21034198293673,26.513481013130843,32.04665217638877,26.074787942715187,18.0,40.97626297833882,24.674945861163845,30.150160196051047,22.350154186947407,23.622595966806557,22.321468254276454 
 06/03  08:45:00,60.23099133660815,26.78777983477478,32.93385173664089,26.38135973455045,18.0,41.92110883531613,24.748291088181073,30.269066587086854,22.527043363590167,23.969579361237777,22.501241233585688 
 06/03  08:50:00,60.22911006944215,27.062552254056552,33.824906859703205,26.68713370872555,18.0,42.88906598539246,24.818308988367317,30.383479383511485,22.702353245448137,24.318910797624937,22.67952153934141 
 06/03  08:55:00,60.20463051028455,27.33806043163977,34.719431677176686,26.99267401078882,18.0,43.86334420362347,24.885273834260705,30.49357702732584,22.87610375089696,24.66981763973331,22.856318290914487 
 06/03  09:00:00,60.1573519699182,27.614431776461853,35.61686514100729,27.298339714854016,18.0,44.860943824651144,24.949887693231908,30.599624957527794,23.048539007380043,25.021803435852917,23.03185844792148 
 06/03  09:05:00,59.9900839180651,27.872788123427014,36.45107671583692,27.57757106681694,18.0,45.68119555716176,25.012358017946937,30.64727179427473,23.202103432588046,25.335903266609648,23.186095577879996 
 06/03  09:10:00,59.77239727222576,28.12432217241484,37.25916037805888,27.84633307080039,18.0,46.481440590438915,25.045920055532527,30.691099049297804,23.357326543957583,25.648306987921615,23.341948597748967 
 06/03  09:15:00,59.516026722821266,28.37146083276257,38.048053350273626,28.1082040953978,18.0,47.27888712188313,25.09098860395855,30.733342004764097,23.514340781340707,25.95998108640481,23.499635270711337 
 06/03  09:20:00,59.22661398925538,28.615358001271847,38.82082097641096,28.3649477638101,18.0,48.02325258264135,25.13379634098717,30.77120152180214,23.670111580647983,26.26779049683455,23.656189625075854 
 06/03  09:25:00,58.9074163197565,28.856693324381084,39.579141652472636,28.617644407488594,18.0,48.76587299384763,25.174690593551894,30.80438020744134,23.824824291941127,26.571594411278,23.811786397403125 
 06/03  09:30:00,58.56040720507024,29.09588725628534,40.32395240607201,28.866996033767965,18.0,49.47257655156723,25.214000582352607,30.832357061648736,23.978636133722034,26.871247076933855,23.966573755128707 
 06/03  09:35:00,58.12742130683725,29.32148359510823,41.021738796514555,29.10181347595684,18.0,50.11960001206925,25.25171672108764,30.824612698712258,24.125514236516835,27.14969444426322,24.114598162729067 
 06/03  09:40:00,57.65418930206529,29.541006420657773,41.69406519455964,29.329750950082943,18.0,50.72915028807129,25.28697270830293,30.81129013877586,24.27116968051058,27.42253068206253,24.261462097213098 
 06/03  09:45:00,57.14937469121443,29.75623760179224,42.34534651263549,29.55270536210097,18.0,51.33541004520313,25.32071402079573,30.791233834935042,24.415939039373484,27.689843227525273,24.407492537349356 
 06/03  09:50:00,56.617379955316466,29.96808790439139,42.97771802242667,29.771678404627757,18.0,51.90061523821023,25.353174834042143,30.763451977170007,24.559910225638987,27.95164810115466,24.55276284353954 
 06/03  09:55:00,56.06088171971597,30.177128922136735,43.592441402732696,29.987315061792234,18.0,52.46265537723643,25.38436897610814,30.726790094829994,24.703072626762548,28.207894436517677,24.697247991605195 
 06/03  10:00:00,55.48160693918762,30.383743304027178,44.19029734562695,30.200058351269142,18.0,52.99355937378978,25.41447945600319,30.68013971872199,24.84551032098568,28.45864151698862,24.841016275645984 
 06/03  10:05:00,54.87025712938779,30.560990328810945,44.764096050369794,30.385685788970985,18.0,53.55360302305706,25.443519503236192,30.572489393889327,24.927603311060125,28.654562343064356,24.924757247734476 
 06/03  10:10:00,54.234033841484894,30.72642124564059,45.320223491578254,30.560192180694056,18.0,54.09530329655545,25.465295712703487,30.45127247303151,25.007374383333058,28.844732018381478,25.006027912710124 
 06/03  10:15:00,53.57450170287378,30.884118573639586,45.860148383241096,30.727330181646288,18.0,54.63429335895689,25.49079123427301,30.31644836071564,25.086973975584556,29.030473177865247,25.087028008486413 
 06/03  10:20:00,52.89250401506654,31.036161439918484,46.38459354326559,30.889019433725974,18.0,55.16388956633583,25.515512730538973,30.166454497158952,25.165837437972755,29.21121529130903,25.167194656516813 
 06/03  10:25:00,52.18857386975201,31.1838613169089,46.893962074287494,31.04647532402131,18.0,55.69019547937212,25.53951113242986,30.000603756323244,25.2441027003199,29.387089443040054,25.246647513804817 
 06/03  10:30:00,51.463063817113536,31.32810434790343,47.38847397902245,31.200522870401013,18.0,56.20554863292898,25.562835992146507,29.818397640995954,25.32183209281692,29.55815890932365,25.325432562988908 
 06/03  10:35:00,50.62190619231612,31.464345054106722,47.771067383455424,31.34658635941495,18.0,56.555171279422645,25.585502074803003,29.56882864712378,25.396287820264433,29.67245002575902,25.400749109913193 
 06/03  10:40:00,49.73952912931783,31.594935098161606,48.103834804783425,31.486982577014654,18.0,56.863117366459484,25.605791101637646,29.309083457629868,25.468919140964204,29.779643165524476,25.47406469268344 
 06/03  10:45:00,48.83118569874914,31.72052274292366,48.398715271028344,31.622336429469502,18.0,57.166535884165775,25.625611888724208,29.040476206352878,25.540536508835373,29.88005124317823,25.54618387855561 
 06/03  10:50:00,47.90478635546951,31.841541468050472,48.66162844407962,31.753063381834377,18.0,57.4009078388032,25.64475398008642,28.76478316092232,25.61112969635508,29.973859398219304,25.617096337961584 
 06/03  10:55:00,46.96535749973794,31.958357016728918,48.896265454018476,31.879514838923892,18.0,57.63222817717138,25.663251728239636,28.484371649125364,25.680753432829192,30.061283879016628,25.686859178484212 
 06/03  11:00:00,46.01635252307424,32.07130456486057,49.10512155018864,32.00201426123718,18.0,57.81308398553132,25.681214820788345,28.202248057166344,25.749511124561877,30.142575482123675,25.755582796216913 
 06/03  11:05:00,45.01174567898999,32.17747290324864,49.18771877975359,32.10487712136275,18.0,57.72222297022448,25.69867403703132,27.952656199990372,25.865885616556852,30.2151726892165,25.870979117100887 
 06/03  11:10:00,43.99351747327605,32.27959451310215,49.21497775161068,32.19877414425961,18.0,57.549307496917095,25.722012536666153,27.715310422259563,25.98286925691366,30.281924944733532,25.986973724227823 
 06/03  11:15:00,42.972226259147035,32.37861623762829,49.201946929207374,32.28650492552022,18.0,57.37611061843174,25.739712358945926,27.49439584347317,26.098902166374955,30.343571227220195,26.102082973987933 
 06/03  11:20:00,42.03419172155971,32.45457998025925,49.412961949857205,32.3492028363534,18.0,57.08965115561093,25.757401209773562,27.336203456671228,26.205191605341327,30.523259182027687,26.20770537706005 
 06/03  11:25:00,41.04353933714639,32.55154945162117,49.43360078559674,32.43136047727565,18.0,56.806184789519484,25.77937208829586,27.16388973205312,26.327070196936802,30.58314431672659,26.328786876416075 
 06/03  11:30:00,40.050244031665834,32.653890624733776,49.40057186721123,32.51778466210374,18.0,56.45194661672045,25.797221929647765,27.02451130092288,26.448182371904863,30.639729674673276,26.4492661947624 
 06/03  11:35:00,39.088003642796174,32.78142371888578,49.36946083739638,32.628343615703,18.0,56.14634772376674,25.81527261478717,26.93746297845712,26.58065878941443,30.71095603597007,26.580995907593433 
 06/03  11:40:00,38.14304579494968,32.918617817659175,49.32218024267006,32.74772835559203,18.0,55.8035499549841,25.834991411894606,26.896481942153855,26.713681577504417,30.779243529898054,26.713382945425963 
 06/03  11:45:00,37.21465843549187,33.061739116831035,49.25851476851803,32.872343798131745,18.0,55.462409417936506,25.8545679244889,26.907549455993717,26.846710334897637,30.844484895180585,26.845909727608444 
 06/03  11:50:00,36.338638613119244,33.20898493590313,49.179327286485744,33.035467151242436,18.0,55.10715387156198,25.874356521221717,26.980749611770534,26.97992539708821,30.90702028632944,26.9824928652759 
 06/03  11:55:00,35.92254393536665,33.359338066003524,49.08559489161061,33.63823841424666,18.0,54.753521620023726,25.894546191785405,27.11339899284792,27.113535218822676,30.967207722470448,27.183306967533042 
 06/03  12:00:00,35.67392246951892,33.38688968577417,48.97829581731816,34.38481376406902,18.0,54.39100339214389,25.916356432221637,27.24774608354153,27.244077646150288,31.025387129071987,27.434833841132274 
 06/03  12:05:00,35.45507711143995,33.55155463227147,48.96284228498729,35.166320076118595,18.0,53.964418494798906,25.938711004329967,27.334725237082864,27.33420137196981,31.117478995906765,27.69464988547918 
 06/03  12:10:00,35.3403974002161,33.690365482877915,48.84207782934845,36.00561433258135,18.0,53.52490281300349,25.945370986865683,27.453847302758845,27.45313339267858,31.14552047694491,28.00983534105228 
 06/03  12:15:00,35.28144831563449,33.82842922509272,48.690306013914984,36.86262547457003,18.0,53.09092967270175,25.966394024882344,27.57653977530316,27.575424487628027,31.179811802197946,28.33835134312494 
 06/03  12:20:00,35.26175139496992,33.96785507104733,48.518851095337965,37.72041100838103,18.0,52.6412183091588,25.98787667823978,27.69984935682112,27.698304897942535,31.214667499335008,28.67707163099999 
 06/03  12:25:00,35.27141671786798,34.10903370131552,48.33281584002346,38.56855462430079,18.0,52.19791538087392,26.010099867696304,27.823917141416075,27.821966609020706,31.249259061627072,29.02010412983759 
 06/03  12:30:00,35.30378811716754,34.25212487833106,48.1353808828576,39.400247337570235,18.0,51.7517877708005,26.032826791638524,27.948672388285274,27.946360511495186,31.283338609363682,29.362245175502153 
 06/03  12:35:00,35.33208643134527,34.37504180804652,48.018105903530135,40.25257673647519,18.0,51.46388044148459,26.055958485201085,28.06384779894813,28.061174062126042,31.374531497985117,29.715529432255437 
 06/03  12:40:00,35.36682204809686,34.49168101318124,47.917935829374116,41.10703764512153,18.0,51.201752494404865,26.07913736232329,28.179431736253264,28.17646044585672,31.45439894166907,30.069409860343626 
 06/03  12:45:00,35.40839406988877,34.60496086397599,47.82280445224986,41.95935413901269,18.0,50.94138590377194,26.10257480802128,28.29533932815832,28.292138932370904,31.53053528945054,30.421052985032475 
 06/03  12:50:00,35.45623821081108,34.71619459378418,47.7271128273096,42.80713631879608,18.0,50.724870397342336,26.126238026297287,28.4115224145757,28.408170325226592,31.603943513066554,30.768255066495612 
 06/03  12:55:00,35.50964121425325,34.826096170009485,47.62763574156395,43.648729918571526,18.0,50.50912349806741,26.150020538219056,28.527883110085327,28.524461549637067,31.674693191543042,31.109249754805376 
 06/03  13:00:00,35.56789101298246,34.93505704305688,47.52240621783628,44.482920910904205,18.0,50.31805869652142,26.173946485551586,28.644381067641802,28.640974968171975,31.742760558634814,31.442745260822676 
 06/03  13:05:00,35.59643346252489,35.00586681308005,47.52036186769576,45.39951434596347,18.0,50.41513196654074,26.197900790955327,28.644463784430513,28.641098905069498,31.737956037142,31.6911489675623 
 06/03  13:10:00,35.61696432830717,35.06365185225585,47.54206253777562,46.35100254489051,18.0,50.57226423688512,26.241198104934874,28.632306373220445,28.629112069661232,31.720645814627005,31.93250270378087 
 06/03  13:15:00,35.63377395746848,35.11387707570215,47.57159779566121,47.32915482887273,18.0,50.72722832233076,26.26691546123291,28.61391781657119,28.610965356880342,31.689914534939476,32.16983544160843 
 06/03  13:20:00,35.64871222999616,35.159118542775936,47.60129364371149,48.33022518499274,18.0,50.968117942458036,26.292281560642465,28.594538928912357,28.5919114420725,31.657929364769984,32.40543786122328 
 06/03  13:25:00,35.66276408276002,35.20087666575099,47.626470781571506,49.351868225306795,18.0,51.2074250583936,26.316892490888314,28.574730059347758,28.5725020761314,31.62151389792848,32.638961626728474 
 06/03  13:30:00,35.67646784817998,35.021766434614925,47.644013184172685,50.39240940345223,18.0,51.49569947184544,26.341073533679797,28.55476115292288,28.55473590990067,31.580229298883182,32.87052941258503 
 06/03  13:35:00,35.66206466034772,34.96970454989342,47.879964372070106,50.99179567452121,18.0,51.24977101423699,26.364715727413124,28.514686103539134,28.514543955550266,31.527815064413687,32.87275726618907 
 06/03  13:40:00,35.64039943673973,34.94405947067429,47.597257610675456,51.427331488163695,18.0,50.943466208736965,26.38223315248937,28.478513828909968,28.47803212071426,31.317267162853682,32.85574469020605 
 06/03  13:45:00,35.616436700634075,34.931980294717675,47.17236710688567,51.74604268494655,18.0,50.63910934734127,26.397891242621114,28.443647731859187,28.442827411520682,31.099830526752385,32.81811794744101 
 06/03  13:50:00,35.5927381869684,34.929413849119335,46.67176462790153,51.96785070283766,18.0,50.1985743068981,26.41227508483511,28.40978317607994,28.408641822207528,30.882918334519616,32.76158669739402 
 06/03  13:55:00,35.570940048009646,34.934466932522845,46.12596625945351,52.103261785978404,18.0,49.76022888760737,26.425299681911774,28.37677089861546,28.375332704674292,30.66815898884738,32.68695516875948 
 06/03  14:00:00,35.60398743418904,34.99707867461812,45.50169731909183,52.00101946192653,18.0,49.24264833235944,26.437275855359665,28.372152344335802,28.36959839434229,30.432334874128685,32.52420060674581 
 06/03  14:05:00,35.47231219808337,34.87372411418594,44.72018317933713,51.63159310902711,18.0,48.300750752388254,26.446969227059114,28.200064619697287,28.196388578912035,30.060093118030522,32.202466901591265 
 06/03  14:10:00,35.28884699416579,34.69193910688743,43.88647719531973,51.12017022001606,18.0,47.25294664736295,26.44492878277055,28.024028908625212,28.0182086876556,29.69792792313683,31.86849364169018 
 06/03  14:15:00,35.076789293289764,34.47784424415971,43.02874748824389,50.49926908229403,18.0,46.22523488953978,26.449784468992906,27.84844255320627,27.840002485827426,29.345251859391283,31.52401465702559 
 06/03  14:20:00,34.8471419561728,34.24372284023539,42.16283342931082,49.786655012960516,18.0,45.07021060015587,26.45385728838734,27.672626148909956,27.66121777333126,29.001386170763226,31.168722139127453 
 06/03  14:25:00,34.666800477186015,34.05559988367668,41.14760127980258,48.46411920589151,18.0,43.93759662101423,26.457063303595994,27.52432924764946,27.508044940713887,28.59480872278425,30.562742489065442 
 06/03  14:30:00,34.21774328130868,33.81793130190093,40.253152858680465,47.42758982478484,18.0,42.75433423604419,26.452977671682028,27.32696282242648,27.326248619299008,28.273652051802287,30.184099472242906 
 06/03  14:35:00,33.855863665996026,33.53314206956279,39.63267817604583,47.82342670358429,18.0,42.15521200760641,26.453731937226653,27.130914758206984,27.131504537299577,28.07366224562236,30.3708768240611 
 06/03  14:40:00,33.49956799450739,33.225401614601935,39.09085176089842,48.112987533526585,18.0,41.62071649076653,26.459126199511715,26.93551390290918,26.936536474893217,27.85876160581381,30.402314124654765 
 06/03  14:45:00,33.107921963465174,32.86857011470268,38.717156282735594,49.09736790645897,18.0,41.079285061501544,26.465046915002077,26.72407155061319,26.725370136109575,27.695817135847733,30.700573675768624 
 06/03  14:50:00,32.74010386621538,32.527218179883285,38.2605949175905,49.744392807855895,18.0,40.6719198219439,26.47876402708877,26.52890433488733,26.530417141650275,27.460997498713994,30.73614205682736 
 06/03  14:55:00,32.37347848378205,32.18160497316474,37.78016676133851,50.361758238924395,18.0,40.25521909218798,26.485950880647945,26.33024131783577,26.3318963420229,27.2143758573618,30.76831937490749 
 06/03  15:00:00,32.00417943974592,31.82957064878647,37.27701122612785,50.976289950137556,18.0,39.901141073426224,26.49317593877208,26.12939631678171,26.131140150112742,26.958606456560915,30.799999795340568 
 06/03  15:05:00,31.69209969218609,31.531408607528377,36.809937749711366,51.686443794900725,18.0,39.668871023434754,26.499978793204026,25.98391106098802,25.98569377797503,26.75275453971824,30.90608501788404 
 06/03  15:10:00,31.394322994227387,31.24545894066314,36.33450515774649,52.431107837046845,18.0,39.483633288056986,26.50755074942473,25.84116150243426,25.842906211578452,26.54276353982118,31.01795107607586 
 06/03  15:15:00,31.101179899879597,30.962615794701566,35.8396607349407,53.19794499910845,18.0,39.28684430447633,26.514024208116123,25.696906199502223,25.698543687857352,26.325838937105345,31.131296586832264 
 06/03  15:20:00,30.85180020030174,30.72237828931424,35.40365885915856,54.31897938460364,18.0,39.1290149292437,26.520525955515478,25.570758679898972,25.572210280692502,26.14234391365369,31.396904919112217 
 06/03  15:25:00,30.571049625224518,30.681451244827166,34.49410859006576,55.22957489645706,18.0,38.95927484054851,26.532834089506316,25.424699737809192,25.46279024646924,25.838410143776855,31.520377721189107 
 06/03  15:30:00,30.279038949999872,30.472292240405093,33.81229692735321,56.10538640851093,18.0,38.79906047293531,26.53922184047135,25.27461815197063,25.314122793888828,25.60964322689165,31.64152086189239 
 06/03  15:35:00,30.0272387252906,30.269275624541027,33.17309296448062,56.69933878986579,18.0,38.53115090259591,26.545380025297664,25.14440734424977,25.18493962976993,25.409721607567747,31.64407309541633 
 06/03  15:40:00,29.786348739324833,30.060438004925025,32.54289836365664,57.20262228025953,18.0,38.24715631432639,26.551424260721802,25.013681807112448,25.05468510103418,25.20773365759794,31.643395680991205 
 06/03  15:45:00,29.55040119538454,29.84633550713091,31.91123061399536,57.65103519664945,18.0,37.958909718004016,26.556908258333976,24.882232145939668,24.923627591363413,25.011937681358233,31.63982149816502 
 06/03  15:50:00,29.316618971866866,29.627714680628955,31.272672528734805,58.061397805456636,18.0,37.63909578736345,26.562060458103566,24.75006465405579,24.791864474125816,24.82512060645388,31.63333073491873 
 06/03  15:55:00,29.08334975573351,29.405018699557793,30.624024396918266,58.443220087237734,18.0,37.31511294877944,26.566834780219196,24.6171365570774,24.659402758733222,24.649497354150355,31.623705530212874 
 06/03  16:00:00,28.84953848838494,29.178497397272057,29.963276896001172,58.8021275854238,18.0,36.96914313057989,26.571339709655014,24.483505224801092,24.526359991572917,24.48747403363484,31.61082067219047 
 06/03  16:05:00,28.6775388803495,29.190143130857265,29.535808979538416,59.26013704967882,18.0,36.754061759275345,26.575559531436955,24.42276772424924,24.482978451632334,24.42097584280242,31.692779052343894 
 06/03  16:10:00,28.524391615311213,29.33934946076814,29.22854083488883,59.73661292492897,18.0,36.54346573980372,26.58924056157083,24.365372116560025,24.469803389346055,24.363625546851495,31.776065090279133 
 06/03  16:15:00,28.3805694348221,29.562097339732922,28.976665182200495,60.2185555897268,18.0,36.32634026662526,26.596024907955254,24.30689547413874,24.468415315205903,24.305626784718015,31.856549694775254 
 06/03  16:20:00,28.241477577745002,29.836139470869448,28.757872796349506,60.69996995935081,18.0,36.12951242357072,26.603074415577318,24.247978580724805,24.479312256387345,24.247481814866774,31.93468689436537 
 06/03  16:25:00,28.10434224351664,30.149004207641443,28.559847407036116,61.17734454433168,18.0,35.92619172297071,26.610004421077576,24.188368185541435,24.509846817976154,24.18892389410712,32.0101366708941 
 06/03  16:30:00,27.967361784037863,30.49285092688633,28.374958332178778,61.64843776832118,18.0,35.726845247134655,26.61685128930036,24.128057763586753,24.55640301317942,24.129951379524698,32.082835525652456 
 06/03  16:35:00,27.821139452526463,30.804697376902272,28.190078504550844,61.6206674650565,18.0,35.366364034677275,26.623590093511744,24.062922491420238,24.600556373408324,24.0662643250389,31.93469613512309 
 06/03  16:40:00,27.672010074969794,31.10529224655365,28.009065151225855,61.43911673129203,18.0,34.98075864110227,26.62657460168583,23.996479393186064,24.650173817557345,24.00143358778746,31.779601713582906 
 06/03  16:45:00,27.52118988997284,31.39556746665251,27.83143877654072,61.160926602731934,18.0,34.597169607834374,26.62828495972473,23.92997623891887,24.70448718153642,23.936688396775025,31.61814465388295 
 06/03  16:50:00,27.36918403649771,31.674713998906988,27.656520242599452,60.81302138085177,18.0,34.169625788968546,26.629277422462327,23.863512464979067,24.761636773202895,23.872099057151274,31.450815251561437 
 06/03  16:55:00,27.21625872311394,31.941677337549912,27.483729801952872,60.41094382094119,18.0,33.74393541087898,26.62956373892052,23.797063504367657,24.819769980069736,23.807611057858594,31.27782083161958 
 06/03  17:00:00,27.062561645542715,32.1953852868575,27.31259846381141,59.964235334763075,18.0,33.294145338500215,26.629274198558253,23.730703139566344,24.87727550337752,23.74326765471568,31.09942271701715 
 06/03  17:05:00,26.93811064877431,32.45931091474809,27.172101373991786,59.470955994292225,18.0,32.84350765852094,26.62803137617588,23.713284953012476,24.977747737478012,23.727828107917617,30.947026190151632 
 06/03  17:10:00,26.824116079103145,32.71550959794864,27.04352267375751,58.94152077212151,18.0,32.3819103289549,26.582448098760537,23.708633326625886,25.085972063721897,23.721383067507986,30.799907153806657 
 06/03  17:15:00,26.71643789498151,32.95925283832648,26.92256029123769,58.37998055119782,18.0,31.92497416177375,26.574602009961836,23.708826441691485,25.196520107872743,23.7252231070284,30.655000578606973 
 06/03  17:20:00,26.613090794044595,33.18780069413314,26.80706933828153,57.78898908579279,18.0,31.465105605132887,26.566592355966478,23.710798034529148,25.300053226230318,23.73001363974214,30.505268792067568 
 06/03  17:25:00,26.512879949979414,33.399190481203625,26.695717124765604,57.170399145502486,18.0,31.010091534287337,26.55921687041901,23.713935089204824,25.39625796475127,23.73524233293847,30.351434635614282 
 06/03  17:30:00,26.41503533732522,33.59188026887387,26.58761667413148,56.52550731434372,18.0,30.55845111216016,26.552047066154273,23.7176633306932,25.48431476802898,23.74065681270963,30.19349317270587 
 06/03  17:35:00,26.29555273378273,33.72602384865178,26.458675494892038,55.777970070578924,18.0,30.078440508941917,26.544972968466798,23.710881138297054,25.54473715719115,23.73521229404082,29.995685296847682 
 06/03  17:40:00,26.07308688092221,33.669728179869324,26.227511358961497,54.687894902207056,18.0,29.600102202413762,26.53612783953003,23.659760446703785,25.519702646688415,23.685343809989376,29.65408297898074 
 06/03  17:45:00,25.9081511446067,33.683627318782854,26.05453952461112,53.7801586112346,18.0,29.12778021751185,26.51883839720092,23.650646732298924,25.55765365189967,23.677004091694698,29.452779374104466 
 06/03  17:50:00,25.756400514201136,33.69428639878853,25.89530979160213,52.89252560312702,18.0,28.65641794498566,26.508480454960992,23.64185477300009,25.58412229696353,23.668647123302208,29.253690376392115 
 06/03  17:55:00,25.609216684119822,33.68565484166863,25.741155111914612,51.99430339988998,18.0,28.191326956226206,26.497671225395717,23.634094286859522,25.602563487015345,23.661081734875893,29.04811773915327 
 06/03  18:00:00,25.46509278572987,33.65574569684028,25.59052412534821,51.084976794244376,18.0,27.734188200622125,26.486080371148567,23.62733921087863,25.611788839797384,23.654241330246634,28.840037581356228 
 06/03  18:05:00,25.216075564526495,33.49886518467215,25.33548245187239,50.064491869585225,18.0,27.179192048908092,26.47440037768457,23.382124155918575,25.380636746268692,23.409043483243124,28.394841312823132 
 06/03  18:10:00,24.92890259515359,33.28162729600071,25.042733413743356,49.000251124927544,18.0,26.614678235238777,26.33690058817831,23.151591362983083,25.153363153864007,23.177771924977037,27.97753707338427 
 06/03  18:15:00,24.618740244266245,33.01805544096384,24.727388166936617,47.905129660014644,18.0,26.056218775110846,26.30284473268607,22.940781969476575,24.93474648431544,22.96620723133765,27.570114939354426 
 06/03  18:20:00,24.292952741495604,32.71500183166636,24.39676841923714,46.78611239429853,18.0,25.477243149032816,26.269037906355045,22.72921979158633,24.705547159087985,22.753790305200823,27.158767217072864 
 06/03  18:25:00,23.956017089775624,32.376823038085746,24.05531577851287,45.64831894901625,18.0,24.90431287059964,26.237228593150384,22.51935319631059,24.468229486484574,22.54231590612767,26.746414766196096 
 06/03  18:30:00,23.610838696281025,32.00672988969663,23.705905406890917,44.49624537901384,18.0,24.325745066357165,26.206543972022853,22.310922211336162,24.223328634768052,22.33191454226784,26.333761792744326 
 06/03  18:35:00,23.265028421972755,31.596007387566825,23.356120063625887,43.30269987181008,18.0,23.756196305065572,26.175718977626286,22.105801045477847,23.96446143990039,22.124362138515153,25.906716884432967 
 06/03  18:40:00,22.91671198820043,31.155504986643322,23.0040611978643,42.09775552444957,18.0,23.191681933160787,26.14580721954017,21.902809618103106,23.70035591610332,21.91858742552904,25.48366108965979 
 06/03  18:45:00,22.566131126445065,30.691993794722684,22.649950173052265,40.895761263437606,18.0,22.634691937566835,26.11733181571754,21.70203005424662,23.433349918901456,21.71448324368714,25.06794756849223 
 06/03  18:50:00,22.213642514517897,30.038762077828686,22.294123560623884,39.3677178271885,18.0,22.089977324152173,26.090167769627804,21.50764785800459,23.07750453454497,21.51598063264828,24.491134098664077 
 06/03  18:55:00,21.859573476135417,29.28171951191517,21.936887103852,37.713897373162766,18.0,21.553258031225965,26.05862010942595,21.33439425378606,22.704756086966654,21.320007967271295,23.905963525489767 
 06/03  19:00:00,21.504238031325457,28.446309755991994,21.578530686151755,35.991127485187555,18.0,21.034123055934806,26.027420298023593,21.155779787411973,22.32073428335707,21.118497018920607,23.312120220035183 
 06/03  19:05:00,21.175950049866195,27.560616412789738,21.24712533057131,34.23155796967916,18.0,20.554939425671858,25.99519138488507,21.008145416970592,21.97166297718809,20.95858853117545,22.78159345465707 
 06/03  19:10:00,20.85919699344729,26.626338890504393,20.927265039797497,32.45676046754829,18.0,20.110934827814894,25.95482141479409,20.847808388982457,21.618259268179713,20.79498476532899,22.254875266720035 
 06/03  19:15:00,20.551404041453996,25.655823821513366,20.616385654215613,30.692552903531446,18.0,19.670254918274885,25.919602675228724,20.673034625966807,21.259305396225614,20.62423249678409,21.741735161916495 
 06/03  19:20:00,20.095074265553965,23.41013783898918,20.156975221874564,27.03192074382829,18.0,19.10710143695068,25.883820875984775,20.21746531938379,20.21774798415555,20.217124048234382,20.216337751361152 
 06/03  19:25:00,19.791832983784825,22.31846146258387,19.850463311131115,25.280479446794505,18.0,18.776883127988896,25.811526734563788,20.08010008672261,20.080945260824024,20.080675765791852,20.077898572137485 
 06/03  19:30:00,19.536789003845325,21.544805405996378,19.59221123582365,24.053824826318014,18.0,18.450059731862538,25.77474883678501,19.958880963326692,19.95970878711978,19.959609264336848,19.95654934300302 
 06/03  19:35:00,19.309580017264434,20.94548362552828,19.36186547532035,23.117630281664983,18.0,18.12293251722153,25.73804023159458,19.837549626467478,19.838291116807227,19.8383364240147,19.835139721623136 
 06/03  19:40:00,19.101082722939744,20.459984867954848,19.15032087136575,22.3717734224719,18.0,17.849341341033718,25.70261152883446,19.71656979537113,19.717234424679305,19.71740367249913,19.714108612370296 
 06/03  19:45:00,18.905765638551383,20.052950512205364,18.952064506147646,21.75756048154361,18.0,17.575568838157448,25.668271344666643,19.59594459061742,19.596548221660555,19.596824166680165,19.593451336229236 
 06/03  19:50:00,18.719989380475628,19.70178450416881,18.763472845448078,21.237503892203254,18.0,17.335136108801095,25.634703565949813,19.475546635577473,19.47610340626943,19.476471288271455,19.47303707321805 
 06/03  19:55:00,18.541266992058176,19.391419837081102,18.58207093866401,20.786606755144724,18.0,17.09458279437196,25.601857036080663,19.355389421625546,19.35591223249429,19.35635903930654,19.3528772350042 
 06/03  20:00:00,18.367854558559497,19.111593409345815,18.406122654771213,20.387668177977346,18.0,16.87607818134081,25.569526120573954,19.235381128205404,19.235880924765866,19.236394651856017,19.23287938997953 
 06/03  20:05:00,18.198229690835376,18.856123198143106,18.234169505741797,20.031098243734373,18.0,16.649837327409227,25.537667560888107,19.090193887557348,19.090865031429246,19.091247304265153,19.087905422652057 
 06/03  20:10:00,18.031535002606894,18.618985505098852,18.06531060569544,19.706119656096675,18.0,16.43641559369676,25.443256685086464,18.953711748839737,18.954545010323045,18.954785805244,18.951629850179756 
 06/03  20:15:00,17.86710743502623,18.396022932957276,17.89886917395884,19.405812966793743,18.0,16.222405592152946,25.38663097168927,18.827699789313897,18.828720982632944,18.82883708568943,18.825813322838485 
 06/03  20:20:00,17.704451763719998,18.184201669871662,17.734339720691,19.12514310797928,18.0,16.015348877054638,25.332418342125106,18.70282718216231,18.704010854548528,18.70401447385194,18.701125761240974 
 06/03  20:25:00,17.543194610143747,17.98125070854585,17.571339384129146,18.860334036109574,18.0,15.807747526735874,25.28127860881728,18.57925602928981,18.58057629956454,18.580486107179922,18.577724967062522 
 06/03  20:30:00,17.38305033157293,17.785442619018475,17.40957338841518,18.608503263002603,18.0,15.604813333065524,25.232453558426094,18.456826722253822,18.45829174459726,18.458132406640516,18.455405604560895 
 06/03  20:35:00,17.223797110937657,17.595445708301092,17.248811082768135,18.367419556817108,18.0,15.401361486991698,25.185526165890316,18.335237071555298,18.33679417366602,18.336591407036508,18.33393090740958 
 06/03  20:40:00,17.065260338945265,17.41022098473911,17.08886937378218,18.13534825825575,18.0,15.200950855201754,25.14003353206451,18.214244493768092,18.215865420069917,18.215646156989806,18.213024232292128 
 06/03  20:45:00,16.90730100079545,17.22894904973847,16.92960118120986,17.910978829605927,18.0,15.000038143895354,25.095804511149414,18.093800731870374,18.095456390070524,18.095249486086573,18.092635010928745 
 06/03  20:50:00,16.74980742039031,17.0509774012345,16.77088724003682,17.693264280391833,18.0,14.801010610418126,25.05252552807411,17.973763782794492,17.975423852453787,17.975258871599635,17.972620633365523 
 06/03  20:55:00,16.592689243619155,16.875781864626415,16.61263012097709,17.481347934236947,18.0,14.601488482015752,25.01013459843634,17.854135260194425,17.855768263488585,17.855676393283375,17.85298117774687 
 06/03  21:00:00,16.43587293276838,16.70293794878509,16.454749740958658,17.274471743851073,18.0,14.403011974326692,24.96841430293812,17.73481644520507,17.736390073424673,17.736402879827438,17.733617596393117 
 06/03  21:05:00,16.34542793740369,16.599716962799352,16.36332242882123,17.139733371703112,18.0,14.27084639151254,24.92735042125437,17.73912119753942,17.74112874611268,17.740761159621627,17.738371975050654 
 06/03  21:10:00,16.281497025627463,16.52517346387968,16.298479603243877,17.036011151579377,18.0,14.152715095328364,24.88467991922638,17.804770058982513,17.80654533854249,17.80640631198264,17.80384729562769 
 06/03  21:15:00,16.234305253378853,16.469105836540805,16.250438132029625,16.952837502188856,18.0,14.032385117166013,24.95668386388723,17.887156094331942,17.88837149902122,17.88885933810809,17.885652733770826 
 06/03  21:20:00,16.198826325873465,16.426199648982447,16.21416529582438,16.88467780993929,18.0,13.934935260744574,25.020897397650607,17.929630581357685,17.93081466792762,17.931353253443604,17.928111770490545 
 06/03  21:25:00,16.171860684925143,16.39303471782334,16.186456131937923,16.827925427963095,18.0,13.835550243485905,25.023214076533158,17.92435033193999,17.926517598956536,17.92606832070487,17.923855522047575 
 06/03  21:30:00,16.151243165091994,16.367269853804775,16.165140839926906,16.780079843403747,18.0,13.749468866686705,24.952361037716354,17.91563121571744,17.919123631138973,17.917328079256777,17.916529203860478 
 06/03  21:35:00,16.135461086964984,16.347248077224226,16.148702730688402,16.739347228817056,18.0,13.661608833638839,24.88801416250993,17.91543279211021,17.920290081562825,17.917140630817244,17.917731178124086 
 06/03  21:40:00,16.123432959731023,16.331766741554482,16.13605681860116,16.704406678791266,18.0,13.581323139432806,24.829635378905074,17.913025989907794,17.919617154006573,17.914751427522276,17.917096408823397 
 06/03  21:45:00,16.114370152686856,16.31993310895796,16.12641139913621,16.67426246237858,18.0,13.499341387911745,24.776082469684333,17.9195397216709,17.927284743266114,17.921282530459962,17.924792256962235 
 06/03  21:50:00,16.107686493384353,16.311069475087994,16.11917756828007,16.648146370739372,18.0,13.421149861447399,24.726978616246427,17.929666290533532,17.938724609648034,17.93142999069778,17.936253163177525 
 06/03  21:55:00,16.102937895914458,16.304649456201297,16.11390878950107,16.625451781547188,18.0,13.34130102020611,24.68111474888938,17.94152700970301,17.951978662965644,17.94331134555,17.949525951795238 
 06/03  22:00:00,16.09978182676545,16.300254913889024,16.11026031501435,16.605688867941776,18.0,13.26260446291449,24.637920855175985,17.95441436920521,17.96632284154805,17.956219399574252,17.963886716121635 
 06/03  22:05:00,16.051209689879784,16.246569073478693,16.06118638257215,16.536617746159557,18.0,13.181086264948323,24.596851390292155,17.83936600592949,17.85098405636029,17.84117631459469,17.848567951721293 
 06/03  22:10:00,15.984270643612408,16.173373513400612,15.993756696386638,16.448497235003913,18.0,13.099778301185001,24.501349291533824,17.719611878509568,17.730794574306174,17.721427184708887,17.728405307041726 
 06/03  22:15:00,15.905562575879161,16.087903273024043,15.914574109310182,16.34867181571698,18.0,13.018109337003455,24.43539458420933,17.608531507330326,17.618928972427284,17.6103890067493,17.61653086254296 
 06/03  22:20:00,15.818520391815452,15.993890125434753,15.827075670426922,16.21759898723228,18.0,12.935961971479081,24.37304539210317,17.54569735384223,17.553967071283182,17.547574095303673,17.545207275598045 
 06/03  22:25:00,15.75297770397101,15.893719420654515,15.733478171396301,16.09541609117066,18.0,12.853458952117924,24.420527451677906,17.50081677751905,17.502722139537013,17.49905741900062,17.49624627333992 
 06/03  22:30:00,15.665414888939832,15.789008847071575,15.63529857748689,15.973015920052182,18.0,12.770509766521432,24.45477492938531,17.43774287613587,17.43938272375442,17.438124513318996,17.4352484302392 
 06/03  22:35:00,15.569866995297089,15.680889572248697,15.533607506025232,15.849793622824489,18.0,12.687209011062833,24.480137738649063,17.367440966312415,17.36905238598797,17.369867525974087,17.367019797954242 
 06/03  22:40:00,15.469204361036153,15.57017143915986,15.429178917901675,15.7258600901593,18.0,12.603412752936272,24.498177246554647,17.29125392765718,17.292877987883514,17.295401955219177,17.29258655599085 
 06/03  22:45:00,15.364832376556851,15.45744701281545,15.32258495167878,15.601393492749326,18.0,12.519270003270766,24.510728877880673,17.21097062646379,17.212615002443044,17.21657770204746,17.213789734830357 
 06/03  22:50:00,15.257665099307369,15.343159151916394,15.214257841340968,15.47656209875095,18.0,12.434560174761234,24.518262738814972,17.1272401857442,17.12890449963419,17.13408444775058,17.13132093278466 
 06/03  22:55:00,15.148344041295529,15.227645389999633,15.104530747399835,15.351511214332216,18.0,12.349509821901329,24.522525984180817,17.041027146919248,17.0427116665154,17.048931574366975,17.046186889539513 
 06/03  23:00:00,15.037336655663957,15.111167242765521,14.993664794260116,15.226362062599799,18.0,12.263820641645575,24.523714912524607,16.952683567672466,16.954390799369378,16.961492082578843,16.9587656832241 
 06/03  23:05:00,15.006176954903355,15.074936457205245,14.962406397295162,15.181069490693408,18.0,12.27002514140667,24.522229158878133,17.005310464024433,17.00704389571274,17.0132773518651,17.01056937921072 
 06/03  23:10:00,15.007748376139784,15.07188164533505,14.964451284601209,15.169799534431924,18.0,12.298659387602143,24.510220853542986,17.066364695011032,17.06807838702548,17.073241543342647,17.070600257525484 
 06/03  23:15:00,15.030446449139554,15.090349274370384,14.988280866613454,15.181072951296532,18.0,12.328049061586299,24.504664724927203,17.128876169829027,17.130582896099952,17.134723909792456,17.13213606174088 
 06/03  23:20:00,15.068212323885065,15.124233441520467,15.027809873390675,15.208792308566464,18.0,12.394291671509995,24.497014483406854,17.19134845433416,17.193045607832573,17.196261690076312,17.193728817653437 
 06/03  23:25:00,15.11712634301398,15.169574338325399,15.079060717938658,15.248951936558633,18.0,12.460797634523324,24.488768400352853,17.253989017309664,17.255676721821146,17.258083030114108,17.255604030875816 
 06/03  23:30:00,15.174493547826211,15.223643070829956,15.139271847778337,15.298755547383946,18.0,12.55192123618118,24.48005132734306,17.31680144812151,17.318479444982415,17.320194804786297,17.317769017839964 
 06/03  23:35:00,15.238399469619223,15.284496388255315,15.206462925639464,15.35618557998008,18.0,12.642998647703504,24.470899050499487,17.379781884807926,17.381447602503613,17.382590778858685,17.38022041221086 
 06/03  23:40:00,15.307450416186224,15.350716019388768,15.279179102475396,15.419749586590285,18.0,12.750833281789417,24.46140310225752,17.442795681956795,17.44445943246086,17.44515639731378,17.44282621823413 
 06/03  23:45:00,15.380611021282137,15.421245447289163,15.356330011905612,15.48832033503021,18.0,12.858413968647506,24.451596866588307,17.506074036079383,17.50772217739484,17.50808842386766,17.50581613278473 
 06/03  23:50:00,15.457098476047218,15.495283525744068,15.437084226711745,15.561030847890603,18.0,12.977347999962673,24.441538165689092,17.569634833878695,17.571267566174015,17.571429237152017,17.56921222485971 
 06/03  23:55:00,15.536311587927054,15.572213052155323,15.52079797881403,15.637203422902154,18.0,13.09589217272917,24.4312579087002,17.633465448737923,17.635082906061882,17.635162345744106,17.632998227901737 
 06/03  24:00:00,15.617782051725968,15.651551652570273,15.606965859321896,15.716300480499962,18.0,13.222012508544237,24.420793901893035,17.69756513086412,17.699167308407027,17.699283570904186,17.697170261926374 
 06/04  00:05:00,15.64518790794407,15.677019785777972,15.638042545998113,15.7409760400867,18.0,13.277022361429102,24.410199989666513,17.665113527939752,17.66670898651057,17.66687897848135,17.664801443997703 
 06/04  00:10:00,15.651886900707964,15.681920983830409,15.648000858468905,15.744996756158852,18.0,13.321188736306508,24.396681775773533,17.62661305277402,17.628221897035928,17.628433345853182,17.6263706326813 
 06/04  00:15:00,15.645826803631582,15.674183828616725,15.644934458992287,15.736389810467484,18.0,13.364751163523627,24.38300303889343,17.587233887813795,17.588861595017306,17.58909450962085,17.58703736302948 
 06/04  00:20:00,15.631017775793959,15.657805369552275,15.632929913426128,15.719198260104411,18.0,13.386161924758708,24.368821048357706,17.547523934529238,17.54915976560045,17.54939173013895,17.547352253285112 
 06/04  00:25:00,15.609975939066537,15.635291498873308,15.614553211018166,15.695954750077137,18.0,13.407110644437553,24.35417933405784,17.50757810428246,17.509221949430014,17.509432419503355,17.507409235522857 
 06/04  00:30:00,15.584380405442035,15.60831295420884,15.591517771572452,15.668345650013555,18.0,13.414056581881704,24.339132103660432,17.46744042838077,17.46909209720775,17.46926113233286,17.467253089409212 
 06/04  00:35:00,15.555388748077755,15.578020238594236,15.565005306795573,15.63752992064096,18.0,13.42063879659454,24.323723466378123,17.42713374094069,17.428792937353705,17.428901128582993,17.42690729313165 
 06/04  00:40:00,15.523818350633585,15.545224630816781,15.535850420614578,15.604322526486325,18.0,13.417909616395363,24.307990665733268,17.38667488232113,17.38834125089045,17.388369656375005,17.386389245300222 
 06/04  00:45:00,15.490257792709368,15.510509348578152,15.50465409592351,15.569307167461007,18.0,13.414881274969643,24.291974717212337,17.346082221307483,17.34775541086009,17.34768546286415,17.34571776594214 
 06/04  00:50:00,15.455138040154624,15.474300585855968,15.471856294031273,15.532908373476426,18.0,13.405493903694428,24.27569863227913,17.305364254768847,17.30704387944604,17.306857404028506,17.304901813204424 
 06/04  00:55:00,15.418779317768609,15.436914276096656,15.437783795762256,15.495438993327804,18.0,13.395851405537995,24.259201557576535,17.264538658654487,17.26622439525704,17.2659034670354,17.26395937315675 
 06/04  01:00:00,15.381422717426952,15.398587619325275,15.402682487019307,15.457132225289683,18.0,13.381764578640535,24.242495107079897,17.223607876789345,17.22529936400997,17.22482642172656,17.222893309202732 
 06/04  01:05:00,15.399135172966103,15.415353536637491,15.424395650736253,15.475690851190228,18.0,13.43883244936302,24.225616830185473,17.277036865152184,17.278734114771964,17.27840646603528,17.27648611879829 
 06/04  01:10:00,15.438389316344374,15.453705234453473,15.468323194012283,15.516603512549043,18.0,13.50843588466505,24.20970743307813,17.336788700434226,17.33846131256439,17.33854754983372,17.336669943402057 
 06/04  01:15:00,15.49109179552719,15.505551515015874,15.526107081190412,15.571524685291337,18.0,13.578277338555568,24.194240345015164,17.3979858430381,17.399636912297638,17.40028597313642,17.398447136113987 
 06/04  01:20:00,15.55311924950193,15.566768595237907,15.593484477887696,15.636192793514146,18.0,13.67042187983002,24.179134367878145,17.45985011212281,17.461480199889877,17.46282012746775,17.46101860350518 
 06/04  01:25:00,15.621865993802277,15.634749461379311,15.667759577880759,15.707909145003002,18.0,13.762527778819155,24.164426842089675,17.52225188392231,17.52386134579217,17.526012456293643,17.524247053859767 
 06/04  01:30:00,15.695580812532464,15.707741138682984,15.747119625092457,15.78485601408199,18.0,13.867987336930122,24.150050785339772,17.585108088584548,17.586696957845618,17.5897760459452,17.588045940694087 
 06/04  01:35:00,15.773047046821878,15.784525010401916,15.83030468001147,15.86576741805418,18.0,13.973237682524758,24.136042106425712,17.64841426983287,17.649982782737993,17.65410234987155,17.652406564916248 
 06/04  01:40:00,15.853398065837158,15.864232415020853,15.916416983101383,15.949739046319555,18.0,14.08667511494308,24.122332183718687,17.712114740341917,17.713662873370083,17.71893306393747,17.717270915480697 
 06/04  01:45:00,15.936003606477508,15.946231057793781,16.0048034524254,16.036111089149713,18.0,14.199804660936099,24.108959727772053,17.776216566598862,17.77774451841401,17.784271460078912,17.782642086403598 
 06/04  01:50:00,16.02039694597762,16.030052224863585,16.094980352489014,16.12439310446975,18.0,14.317899753411226,24.095860319912234,17.84067231284405,17.842180032147212,17.850067905032574,17.848470720806517 
 06/04  01:55:00,16.106226837935335,16.115342743185117,16.186583556760315,16.214214399465536,18.0,14.43563262944254,24.083073841675585,17.905493474563798,17.906981121821786,17.916330214884283,17.914764463403003 
 06/04  02:00:00,16.19322502422542,16.201832505769094,16.279334918581803,16.30529047247922,18.0,14.556280565112164,24.070541435903614,17.970638869154016,17.972106366710022,17.983015301507066,17.981480485660427 
 06/04  02:05:00,16.27650614237832,16.284652058630257,16.365966768430575,16.390431729067938,18.0,14.654943961400761,24.058303153337786,18.03491285836111,18.03636591347515,18.048367207196577,18.04685375760016 
 06/04  02:10:00,16.3588175978213,16.366534097417478,16.450754225213103,16.47384435995407,18.0,14.751307655479426,24.046287200712793,18.09921329730605,18.100652193767473,18.113705732403787,18.112212633978686 
 06/04  02:15:00,16.440728060294607,16.448042517329785,16.534617690794196,16.55642797777825,18.0,14.847657575470954,24.034541782613466,18.16361748903347,18.16504216153328,18.17913595329344,18.177662922896957 
 06/04  02:20:00,16.5224864090655,16.529423163510536,16.617976994025906,16.638589933807975,18.0,14.938653349564449,24.02301799420253,18.22810640658963,18.229516556984322,18.244644385183392,18.243191404065158 
 06/04  02:25:00,16.604229587027824,16.610810693663208,16.70107273534524,16.720561841842986,18.0,15.029633643280214,24.011754702739946,18.2927023895258,18.29409789951785,18.3102534257589,18.30882032262292 
 06/04  02:30:00,16.686036348102103,16.692282030492496,16.784050801285744,16.802482663385817,18.0,15.117669061913503,24.000705787307503,18.35738078371776,18.3587613402849,18.375939488743597,18.374526294120642 
 06/04  02:35:00,16.767951865934382,16.773880821178103,16.867001500946692,16.884437127725047,18.0,15.205692016436835,23.98990980946533,18.422162624856583,18.42352809578489,18.44172293734323,18.44032952277496 
 06/04  02:40:00,16.85000118115239,16.855630796264975,16.949981128049483,16.96647687500482,18.0,15.292015427865744,23.979322721226275,18.487024303696444,18.488374372566113,18.507581058255937,18.506207484654396 
 06/04  02:45:00,16.932197016435826,16.937543528941475,17.03302460330585,17.04863283792234,18.0,15.378327925779399,23.968982679813962,18.551986686549185,18.55332121700701,18.573534029120196,18.572180197257126 
 06/04  02:50:00,17.014544478050656,17.019623099776624,17.116153162693177,17.130922760981584,18.0,15.463649945612863,23.95884689445738,18.61702696613014,18.618345645287377,18.63955990257557,18.638225893558115 
 06/04  02:55:00,17.09704395313266,17.1018689688386,17.199379159951828,17.21335588960942,18.0,15.548961922182867,23.948952982234108,18.682165821959757,18.683468516533367,18.705678675446393,18.704364409104755 
 06/04  03:00:00,17.179692926758243,17.184277774991273,17.282709130377743,17.295935955570545,18.0,15.633700468959457,23.939258938399497,18.747381030797044,18.748667436825087,18.771868959763538,18.77057452925237 
 06/04  03:05:00,17.235907115672383,17.2402657685787,17.338268735892868,17.350789387613027,18.0,15.695768093765523,23.929801590421178,18.763268771492108,18.764539383392503,18.787320233369087,18.78604473455357 
 06/04  03:10:00,17.282157463000903,17.286302118194413,17.38354294167401,17.395396114017604,18.0,15.753008579993393,23.919993819868623,18.779386202920932,18.7806509390158,18.80289831615437,18.80163203754296 
 06/04  03:15:00,17.32234234161722,17.32628432634739,17.422626352013957,17.433848055727783,18.0,15.810231466325021,23.910121174980738,18.795481343060032,18.796739945852664,18.818411695166787,18.81715445673194 
 06/04  03:20:00,17.358405818328453,17.362155747252416,17.457539697832093,17.468163705173044,18.0,15.86021249385981,23.900194523014846,18.811529287234634,18.812781348829617,18.833860055431387,18.83261203524512 
 06/04  03:25:00,17.39155225669886,17.395120115136372,17.48952335178462,17.499581442477776,18.0,15.910175562275915,23.890251112912996,18.82754884379449,18.828794188040035,18.84927216777902,18.84803336601061 
 06/04  03:30:00,17.422576242089498,17.425971445572145,17.51938870685835,17.528910847394155,18.0,15.955869560694302,23.880284504179667,18.843537875486277,18.844776300303693,18.864651048001917,18.863421502292226 
 06/04  03:35:00,17.45202037754169,17.45525181852497,17.547685489807957,17.556699975388337,18.0,16.001550022763524,23.87032410814603,18.859514118490097,18.86074553192111,18.880015372212142,18.878795028661557 
 06/04  03:40:00,17.48026501253274,17.483341099091586,17.57479627877392,17.583329851518457,18.0,16.044574353225226,23.86036368514733,18.87547573606446,18.876699991888813,18.89536448200704,18.894153344178335 
 06/04  03:45:00,17.507582656099636,17.51051134514941,17.600993409601116,17.609071360593735,18.0,16.087587692409418,23.850428208007116,18.89143737788362,18.89265441496525,18.910712530196406,18.90951053001379 
 06/04  03:50:00,17.53417230158431,17.536961128075088,17.626474610849062,17.634120870527827,18.0,16.12890113657573,23.840509920891847,18.90739563689681,18.908605339546227,18.92605667322954,18.924863798591105 
 06/04  03:55:00,17.5601817405866,17.562837843563532,17.65138600182481,17.658623221511487,18.0,16.17020516862729,23.830630945566813,18.923362958969506,18.924565292759326,18.9414086879911,18.94022485741249 
 06/04  04:00:00,17.585722431817224,17.588252577944424,17.675837309450202,17.68268693582687,18.0,16.21039624180631,23.820781713780733,18.93933446224537,18.940529339577097,18.956764192603828,18.955589378422758 
 06/04  04:05:00,17.59199616109756,17.5944070908472,17.68057575677264,17.68705886863774,18.0,16.227101497990205,23.810982203026608,18.926971756384887,18.92815886980486,18.9442529921713,18.94308746645629 
 06/04  04:10:00,17.59076102401713,17.59305886488327,17.677782431994416,17.683918367859796,18.0,16.2383973581527,23.800792560277102,18.909873151459465,18.911061260704855,18.926517791438812,18.925353316191604 
 06/04  04:15:00,17.5848465226757,17.587037045362425,17.670352967034084,17.676159946829173,18.0,16.249675649515012,23.790487968630693,18.891255824165057,18.89244430680037,18.90713237985267,18.905969048214843 
 06/04  04:20:00,17.57568112324183,17.577769784987563,17.65973256712329,17.665227811273873,18.0,16.2531436374367,23.780103397719245,18.872029244044995,18.873217461263152,18.88709402220462,18.885932310449334 
 06/04  04:25:00,18.140746346591865,17.981295106074647,17.82892136421347,17.83412199857073,18.0,16.488587567286796,23.76965036303168,19.131329526755792,19.055517081852145,18.956725162671717,18.95712934936597 
 06/04  04:30:00,18.283155144333538,18.091774232489648,17.9039156973124,17.908837605034854,18.0,16.555023651941603,23.775783137471556,19.088024502427743,19.025831716491325,18.953381539547763,18.953732448509072 
 06/04  04:35:00,19.048860346906547,18.55251404156317,18.002120124424838,18.006777894878518,18.0,16.678030106808976,23.768586534802925,19.39483314738834,19.20759033053514,18.987336742968978,18.993054382657135 
 06/04  04:40:00,20.202529523819237,19.20718532340448,18.117317611015636,18.12172525989434,18.0,16.80609210297458,23.772696514179675,19.79044510354197,19.430184283040376,19.02462690445185,19.031389092176028 
 06/04  04:45:00,21.333344483649984,19.82165246898265,18.229811775225016,18.233982537253066,18.0,16.9417441815247,23.78272934242558,20.07389403722499,19.584293298899524,19.051303565397916,19.053397035690068 
 06/04  04:50:00,22.511522270125393,20.433422992902653,18.345037007627703,18.348983467772204,18.0,17.10004726781681,23.78984549290799,20.362514120463516,19.730405659482017,19.07167989271676,19.06784786836414 
 06/04  04:55:00,24.19654802004049,21.272249173969918,18.485149472389924,18.488884044287023,18.0,17.265993981894063,23.79929219797927,20.893484489239995,19.985763468802304,19.102454646023375,19.09663400063664 
 06/04  05:00:00,25.432791439406646,21.858221454173833,18.61647300563798,18.62000860315964,18.0,17.45441509658012,23.819897334755222,21.100822300405753,20.076823984475027,19.12516120243714,19.11745870719301 
 06/04  05:05:00,26.573231062319483,22.371444920773193,18.75249439630895,18.75584512497333,18.0,17.645376979150655,23.83188048197026,21.322241171540668,20.172264247183648,19.155599893906015,19.14612734856098 
 06/04  05:10:00,27.67102934919071,22.838791151237942,18.891724960475713,18.89490818465815,18.0,17.858028449415343,23.855038151503397,21.546323839518152,20.263168485428025,19.185657774806884,19.174545890638512 
 06/04  05:15:00,28.746080967641504,23.270647867202236,19.033805408325737,19.036848683661017,18.0,18.0782746834741,23.871687785619084,21.772006203534602,20.348736334998875,19.21556475569139,19.202993153944135 
 06/04  05:20:00,29.808098142163345,23.672287924726486,19.178716981692148,19.181639927374203,18.0,18.319630201517615,23.890081641900323,21.99925693310672,20.42888789195348,19.245862826399332,19.231992695543852 
 06/04  05:25:00,30.861886769306306,24.04654885628166,19.326158702881216,19.328994433314833,18.0,18.568246100025657,23.908623279435652,22.227084914808472,20.502557644612352,19.276235256099824,19.26120426516428 
 06/04  05:30:00,31.90959933390859,24.394972123115192,19.476001868993592,19.478783902470195,18.0,18.837954239378654,23.927659541584447,22.455169994011612,20.5693180586984,19.306851009083175,19.290833765855837 
 06/04  05:35:00,33.01518583925345,24.737683279157434,19.62332694821574,19.626086429018894,18.0,19.116425024262313,23.94725082791676,22.712389640899858,20.63992268586196,19.336270752945325,19.31919891079724 
 06/04  05:40:00,34.138408081735726,25.061612261833417,19.771361931001547,19.774124159147576,18.0,19.428920936827247,23.967701593140006,22.969977379485613,20.702074128757317,19.36612613742318,19.348210065332125 
 06/04  05:45:00,35.999174391386866,25.634857188311585,19.96993468451544,19.9727162208369,18.0,19.751050525188973,23.988820982603954,23.583217989258287,20.89176517024589,19.420959502974597,19.40243342676689 
 06/04  05:50:00,37.384128178350124,26.004522879684526,20.140340482775272,20.14314845640145,18.0,20.104508137565617,24.02437740521965,23.83980633061418,20.93599863372401,19.455833569679555,19.436918643019794 
 06/04  05:55:00,38.6569917676326,26.303108796973167,20.303983952849855,20.306816619512315,18.0,20.46875886376302,24.049649596423095,24.094291240810776,20.96477395655802,19.486979200374662,19.467913914802466 
 06/04  06:00:00,39.88323522717203,26.557892320806932,20.467370416737445,20.470217727323718,18.0,20.8645631813729,24.074787321026523,24.35275633381673,20.985350542925744,19.519292831145663,19.500304633655446 
 06/04  06:05:00,41.116642461431816,26.848252937373218,20.71988226139498,20.72271548483555,18.0,21.359213535381464,24.10034799782392,24.756979503956018,21.154585434473915,19.713628346415476,19.695062176834313 
 06/04  06:10:00,42.331319351655694,27.129913526101653,21.005652117584365,21.008444595744837,18.0,21.89830377422665,24.131908415129804,25.16104680992794,21.323885695113972,19.92342043650922,19.905549999720563 
 06/04  06:15:00,43.524246716604594,27.394594277341945,21.31154087362006,21.314265139716554,18.0,22.442353935160288,24.165434956088585,25.50985348077802,21.45629883752082,20.094724242470875,20.077578378632552 
 06/04  06:20:00,44.69408218310032,27.63872096649208,21.630946659462825,21.63357510213473,18.0,23.036235905110722,24.128416077415597,25.85400949773566,21.566145076070995,20.27988609309591,20.263655277733108 
 06/04  06:25:00,45.83980467444927,27.860357557645333,21.95974463065491,21.962250454556546,18.0,23.63406008147284,24.074028045459205,26.20194179928012,21.67300826695839,20.456594445321684,20.440927007666915 
 06/04  06:30:00,46.960533364332285,28.058453344581732,22.295189719202995,22.297547793439353,18.0,24.265799598000854,24.026258738481822,26.55365174731304,21.779545856654636,20.646992930363467,20.633281484876306 
 06/04  06:35:00,47.91331413861623,28.201349773918036,22.62943938562468,22.63162696341061,18.0,24.86376893404564,23.98678140400865,26.842180881669037,21.871374222887084,20.837038878424835,20.824966711561842 
 06/04  06:40:00,48.7983793804296,28.312928227529586,22.96460792812701,22.966605164276697,18.0,25.476656827697987,23.95422750217995,27.131996070984826,21.96396126068106,21.03013474065267,21.01967120595043 
 06/04  06:45:00,49.63492303293761,28.399012663444097,23.30048707060865,23.302277376479115,18.0,26.08984934976101,23.928253543395304,27.421076469662978,22.05787684239266,21.226120921942083,21.217232084886177 
 06/04  06:50:00,50.432061098103475,28.462711454807557,23.63672588722918,23.638296180069727,18.0,26.706748081625605,23.90830372192165,27.70846959348171,22.153762460659095,21.424649316150862,21.41728925419409 
 06/04  06:55:00,51.19503670411712,28.50608655799771,23.97300575641175,23.974346571632434,18.0,27.323664420566054,23.893411885569723,27.993337103158865,22.252404691112474,21.625199300644,21.619221113077458 
 06/04  07:00:00,51.92699039177744,28.530626185173965,24.309056062539177,24.310161549336758,18.0,27.94375898849816,23.882617570716675,28.27495701031023,22.35477413625722,21.827360818667444,21.822757739151598 
 06/04  07:05:00,52.69832379160439,28.52194304349337,24.61937309951766,24.62024703835618,18.0,28.591644072232892,23.875453213053422,28.547149854909776,22.421302386437787,21.986086067249516,21.982725102081133 
 06/04  07:10:00,53.464803264963614,28.489307980971134,24.92210231605492,24.92274450952743,18.0,29.257118169365178,23.943739866599,28.80970424172415,22.47887051776354,22.131168159587332,22.128858154724526 
 06/04  07:15:00,54.21884805421865,28.4348951485702,25.221349253349953,25.221760596306588,18.0,29.93240091669506,23.96979926643823,29.059629154378285,22.532308200648686,22.267038514650096,22.265694474637883 
 06/04  07:20:00,55.28763802071378,28.47319885283534,25.616458969886388,25.616642190399567,18.0,30.633136501996066,23.99533547252771,29.455959237520858,22.64754145946017,22.447786942246466,22.447276146657714 
 06/04  07:25:00,56.1045667178097,28.412522354151033,25.945457869872037,25.94541796803699,18.0,31.34363477841484,24.027316283458184,29.687496593256014,22.71765000102789,22.584924043908586,22.585062206654072 
 06/04  07:30:00,56.85919757891697,28.31395948669839,26.25975312717299,26.2594972882274,18.0,32.08072186328208,24.05220729843483,29.919745006448522,22.79689201779263,22.719389523262407,22.71997138421085 
 06/04  07:35:00,57.4141164175258,28.163166315788004,26.54566233805655,26.545199809688874,18.0,32.755921341647344,24.076733333456602,30.0755803179876,22.87916957808659,22.84360692615644,22.8444153665759 
 06/04  07:40:00,57.89136859183792,28.061101774384387,26.89598175134749,26.81942022211306,18.0,33.4419454497972,24.098627808177046,30.225282881867543,22.98257695390828,22.973801383507748,22.96755213771877 
 06/04  07:45:00,58.3151276181609,28.124556109374794,27.421791825552535,27.086858139330168,18.0,34.13426144767813,24.120333563245225,30.369422245070268,23.103895705522973,23.129878693255478,23.090344909924852 
 06/04  07:50:00,58.69716495326261,28.247148950952063,28.017032768293483,27.349957480608232,18.0,34.827979822521904,24.14251181614936,30.508083434077832,23.22545309601219,23.30193069095236,23.212905902439275 
 06/04  07:55:00,59.0442339958145,28.40440937968273,28.65663380474482,27.6102042671657,18.0,35.52778420503042,24.164811137786614,30.64120546149161,23.346924266290557,23.48852136344135,23.335169362606052 
 06/04  08:00:00,59.3603729783223,28.58437231441388,29.32812235803341,27.868547475874138,18.0,36.2362834927178,24.187294947559963,30.768816727241926,23.468240706059987,23.688392882860057,23.45714102988029 
 06/04  08:05:00,59.66460730040648,28.83779358306102,30.074207996187717,28.18121520571282,18.0,36.96429289693433,24.210077359406643,31.07162982740408,23.798694922822847,24.11191266052697,23.790683039427904 
 06/04  08:10:00,59.946248113841165,29.122564308449885,30.853756035302553,28.511879860293053,18.0,37.70174960941547,24.48322032290521,31.34425475237316,24.109114120747904,24.51920887880101,24.100081488163482 
 06/04  08:15:00,60.20415316319581,29.427121304313715,31.65474856210342,28.852554805163212,18.0,38.43936802657299,24.61488358749877,31.58514582044188,24.385588524823902,24.903723877425932,24.369142863503498 
 06/04  08:20:00,60.437935337975524,29.74516162711972,32.4703478860207,29.19940541865183,18.0,39.18667325588496,24.735423137550203,31.81631836900533,24.656707843843265,25.28993077299981,24.639401156419353 
 06/04  08:25:00,60.64740236967693,30.07263428463931,33.295986234716764,29.550130886679785,18.0,39.93382254405583,24.84404063334379,32.03785277799818,24.922880829485848,25.677383936210447,24.9058908401272 
 06/04  08:30:00,60.83243585439314,30.406803500413453,34.128430970813476,29.90326009758536,18.0,40.686834739794456,24.944095268054298,32.251266418472255,25.185383117900074,26.066392673760447,25.169079129782858 
 06/04  08:35:00,60.83610325741333,30.72614250085227,34.92059070713935,30.23869907881319,18.0,41.342335570569276,25.037246393961748,32.38566863752328,25.43529262144625,26.438618937884826,25.420471721506715 
 06/04  08:40:00,60.77540042132114,31.041586567572814,35.69599464096441,30.567896373866763,18.0,41.98097884602764,25.123224665154336,32.51136045475789,25.678614860724792,26.805664516959837,25.665636836283397 
 06/04  08:45:00,60.671050276493276,31.35487140473809,36.45832980034835,30.89304702323823,18.0,42.616670581777335,25.19619428830173,32.62887912134602,25.915601161258564,27.16678452293229,25.90483682872099 
 06/04  08:50:00,60.53312698680445,31.666597482279332,37.20890223529116,31.215104382218325,18.0,43.221017287028914,25.257312900238922,32.74290163937144,26.15003933979807,27.524882090251594,26.141663636914473 
 06/04  08:55:00,60.36757714610555,31.977027091427104,37.948291262073546,31.53460395173494,18.0,43.822580346898405,25.313584423844382,32.854324639727,26.383015543653926,27.88037705883903,26.377155831073367 
 06/04  09:00:00,60.178130895598244,32.28626781477902,38.67673377590795,31.85186798462979,18.0,44.40255792595869,25.36608405419005,32.963366802320195,26.614777537648706,28.23302295351823,26.61155011158661 
 06/04  09:05:00,59.87809266912254,32.54713648592174,39.31992379553898,32.11312234822267,18.0,44.85874128387988,25.41557258855569,32.983208607597135,26.775371258374662,28.500472937844734,26.774294834103443 
 06/04  09:10:00,59.53392424142019,32.789922705647285,39.92548073256026,32.35339329466846,18.0,45.27489018928448,25.437161667742775,33.002794408364934,26.93664189329172,28.766706603556372,26.937127686305644 
 06/04  09:15:00,59.158329171144054,33.02139048953278,40.50331452787892,32.58053469884323,18.0,45.686443798944744,25.476583843371127,33.02335326819605,27.100113698725693,29.0316175504434,27.102074641487093 
 06/04  09:20:00,58.757738203099606,33.24484458699593,41.0581863741201,32.79839045972479,18.0,46.0463033346518,25.514451678879674,33.04191664357688,27.262566260011454,29.29195996893162,27.26618331212609 
 06/04  09:25:00,58.33609284364025,33.46228932224387,41.59295711916397,33.00929891343111,18.0,46.40224317703745,25.550881523541698,33.05844038373243,27.424262566696143,29.547696719618614,27.429696864414097 
 06/04  09:30:00,57.895974380813044,33.6750192686912,42.10946609153266,33.21477836493973,18.0,46.723147260334976,25.586012164353114,33.072612712634964,27.58532910123455,29.798806196140845,27.59273336438804 
 06/04  09:35:00,57.429593330524185,33.906297542360235,42.61626650308017,33.43750450727353,18.0,47.03508224284559,25.61979880892465,33.0782500662433,27.756160254932524,30.04820804212318,27.7649980212924 
 06/04  09:40:00,56.94610182706235,34.14119671991315,43.107434795812786,33.66292496322769,18.0,47.319437545845496,25.653382240174356,33.080909303120336,27.926263034539602,30.292019197371758,27.936714632138433 
 06/04  09:45:00,56.44808140229391,34.376598934518114,43.58208112136621,33.888111622237034,18.0,47.599176776054186,25.68590682681089,33.07988623280505,28.09536783580927,30.53018831527129,28.107559123426427 
 06/04  09:50:00,55.93715514943979,34.611084559594254,44.0399815537586,34.11179240051108,18.0,47.856017853433116,25.717498229073833,33.07464739873126,28.263543009955754,30.762862452390664,28.27758444041001 
 06/04  09:55:00,55.41451819386366,34.8438598082722,44.481147795297254,34.333293087416074,18.0,48.108506107078185,25.748143147128978,33.06458179025162,28.43081149279476,30.99015260751446,28.446806253559714 
 06/04  10:00:00,54.88111747102644,35.07447063915808,44.905712157671225,34.552257242881275,18.0,48.342060546472226,25.777941794557755,33.04912754366853,28.597243915819718,31.212218560740723,28.615284979937428 
 06/04  10:05:00,54.212197087003055,35.23471860282728,45.17469126128672,34.68690512381833,18.0,48.33450765992907,25.806874264363227,32.93029212955821,28.687927808906124,31.322608405423864,28.70905129849433 
 06/04  10:10:00,53.501527987213606,35.36905921391202,45.383421728554374,34.79156642459263,18.0,48.2747061215269,25.82839021459354,32.80304246818855,28.773969230345017,31.429986447125543,28.79744297299726 
 06/04  10:15:00,52.76759117906791,35.48742833191949,45.55177948435459,34.878362216096804,18.0,48.21551912685463,25.853702090585095,32.6715916743417,28.859404931890822,31.533417562373472,28.885108581479358 
 06/04  10:20:00,52.01954466649505,35.5947415188209,45.689560899778506,34.953244632051664,18.0,48.086429949003865,25.87830955267355,32.535653527472334,28.944091308186444,31.632455194193767,28.972055618865113 
 06/04  10:25:00,51.26298428302441,35.69403909521478,45.802800499847585,35.01986013318106,18.0,47.95998083343792,25.902252715297756,32.39526852024409,29.028222143811377,31.72738776058111,29.058480976464352 
 06/04  10:30:00,50.50159186513449,35.7873440755846,45.89550474243256,35.080606547885615,18.0,47.79832680331627,25.925591141299208,32.25055762785939,29.111904321611007,31.818487225793888,29.144488279901452 
 06/04  10:35:00,49.761255268443975,35.87090102122743,45.99327071003144,35.13228538401283,18.0,47.67495164471267,25.94830572477496,32.113425648032376,29.192928283343292,31.916676869611592,29.228144987602832 
 06/04  10:40:00,49.024368532795464,35.9497114799277,46.082972374328726,35.17992774692832,18.0,47.54004133496054,25.97053818762311,31.971031284936657,29.273891590649384,32.01221479749995,29.31172284186715 
 06/04  10:45:00,48.28826993230732,36.025463807640776,46.163176205950066,35.225261524277684,18.0,47.40810558333103,25.99223194479096,31.823751954944214,29.35481271016181,32.10488545560304,29.39527030996561 
 06/04  10:50:00,47.55210436332404,36.09921123031751,46.233683125375464,35.269353376690475,18.0,47.27739789396549,26.013468425117903,31.672564148573883,29.43577487461789,32.194818112277744,29.478862221634245 
 06/04  10:55:00,46.81565040381125,36.17171441267142,46.29462899753184,35.31295745814443,18.0,47.14943379939843,26.034228081588623,31.518766365664362,29.516813518950755,32.28212646964931,29.56253136694022 
 06/04  11:00:00,46.07901361488997,36.24355956139389,46.34628416732035,35.3566391610616,18.0,47.02373742165764,26.05460100418478,31.364067627169106,29.598005844926035,32.3669553851164,29.646347083001615 
 06/04  11:05:00,45.402653682021196,36.33353222499212,46.51640626844612,35.43383949746417,18.0,47.12117040988989,26.07456568263512,31.197900815065566,29.657916950240804,32.45947734408168,29.70576633028196 
 06/04  11:10:00,44.737661114859456,36.4293606736938,46.713680868120505,35.52125153057807,18.0,47.25037019776158,26.099599513343865,31.03234902463396,29.71500993641496,32.549464882516304,29.761732236178318 
 06/04  11:15:00,44.07412892559292,36.5287078558493,46.921136467116746,35.614406581333874,18.0,47.377065156929746,26.11961291191765,30.871427805326107,29.771302688712808,32.636523233110665,29.81681491999234 
 06/04  11:20:00,43.407586378797895,36.630643713108654,47.13127041030208,35.711454979225806,18.0,47.55180543808015,26.139304405915503,30.714352835415866,29.827874507511638,32.72120168364171,29.8720896206637 
 06/04  11:25:00,42.73563898016806,36.73474176679705,47.33988989978289,35.81146257251649,18.0,47.72409026665125,26.158183309208574,30.567487979807765,29.88468330771059,32.80338251799583,29.927569184085826 
 06/04  11:30:00,42.05701174312732,36.840834807568825,47.54448071509757,35.9139575753012,18.0,47.91806109141427,26.17714457261101,30.435841101499648,29.941954763288948,32.883201334008334,29.983469295483474 
 06/04  11:35:00,41.26505281463157,36.88385849002314,47.46740457275464,35.95848945256206,18.0,47.744893522165334,26.195851391439803,30.28869904480905,29.964901655343738,32.84144138857414,30.00766259957993 
 06/04  11:40:00,40.6416612612395,37.10305596927254,47.38524058827483,36.1677907120778,18.0,47.52305957541972,26.20901374405885,30.253431685305884,30.083021877262922,32.823584833805285,30.117573063972486 
 06/04  11:45:00,39.91349205590208,37.18242879236907,47.198584529979065,36.24514028285849,18.0,47.297408004745485,26.229415787788998,30.182807478898667,30.109376025430436,32.7738712299132,30.14558151461381 
 06/04  11:50:00,39.20992306137554,37.228387533707746,46.96694048258476,36.31670029160529,18.0,46.98611683457078,26.242403166408916,30.149426231524842,30.13716909398886,32.718793004682766,30.188076922546884 
 06/04  11:55:00,38.858082819610814,37.25786331081852,46.70480143901992,36.68398431985067,18.0,46.67154769468517,26.254639009120567,30.171270450808834,30.166177865043664,32.66101124234797,30.27908969350267 
 06/04  12:00:00,38.61990641325707,37.27768391866986,46.41976069426134,37.116342331539116,18.0,46.30945320950657,26.268388292853516,30.199014634826995,30.19628978777405,32.60110643520875,30.395093801054827 
 06/04  12:05:00,38.36920573240853,37.214716676446706,46.03123471361632,37.48086765868028,18.0,45.85982336160607,26.281900279405583,30.113679683767202,30.112114855081927,32.40370411471406,30.400728418293056 
 06/04  12:10:00,38.13549971970996,37.123172138276345,45.60331326639643,37.81453205300921,18.0,45.36787834456125,26.278087546195497,30.01616844199998,30.014645970425022,32.202598436724884,30.406388902140293 
 06/04  12:15:00,37.916484623304676,37.015498367498964,45.14984872160773,38.11644277738255,18.0,44.87380472077873,26.286777740790956,29.918999320781666,29.91734907368732,32.00126687049203,30.41508027224552 
 06/04  12:20:00,37.709070009511834,36.897816320685074,44.67784923623226,38.38397961064556,18.0,44.340407998153864,26.295501692456085,29.821963164718568,29.820171998726778,31.798651924794285,30.421405463463657 
 06/04  12:25:00,37.71134002934532,36.97447423963958,44.029123287208996,38.649726198788684,18.0,43.80543008346988,26.304143017778387,29.813053178727728,29.81109089207655,31.52775754627254,30.43579321196819 
 06/04  12:30:00,37.58659271420686,36.9125775901445,43.48814958782408,38.83288086407431,18.0,43.24698507706517,26.315490681724572,29.72012933486485,29.718046872547575,31.32496048292927,30.419458580464834 
 06/04  12:35:00,37.43998819129407,36.81979354443588,43.008330273420704,38.99194599802111,18.0,42.755202156750244,26.32406516752127,29.625035759945888,29.622893290121965,31.143923359351675,30.39992422297621 
 06/04  12:40:00,37.28540120413013,36.71201611208288,42.54587981309922,39.118897346393325,18.0,42.25918102469731,26.33265613561595,29.53018279680191,29.528014206417538,30.962955742484155,30.370879885087334 
 06/04  12:45:00,37.127532502584145,36.59538177373791,42.09147699740084,39.213305193826315,18.0,41.76243819843622,26.34089926573312,29.4355837580174,29.43342093266807,30.781903239553117,30.33098734290752 
 06/04  12:50:00,36.96870921532159,36.47327156099686,41.64128174727507,39.27511131503823,18.0,41.27237411276296,26.348825406073303,29.341292699876078,29.339164619510996,30.60099354551278,30.29300555628788 
 06/04  12:55:00,37.05746114495735,36.59522324025707,41.07846087918573,39.24519251650509,18.0,40.7821725650827,26.35632416356352,29.355801647570843,29.353668292613804,30.372445925071077,30.194866199734918 
 06/04  13:00:00,36.976656452910866,36.54456975657426,40.59841965219924,39.19846379275505,18.0,40.294394059037714,26.36733054993032,29.263460825411812,29.26135471334237,30.19293312034233,30.10791498925653 
 06/04  13:05:00,36.99001671793993,36.58402092052048,40.3098878159482,39.2879516918093,18.0,40.02418512058774,26.374336328994072,29.339545890868067,29.337518306032848,30.203499572199462,30.191523226209142 
 06/04  13:10:00,37.02988747446349,36.647449994963615,40.08025051536986,39.395882650133814,18.0,39.785689224935645,26.403541241164564,29.42432467119113,29.422353741323604,30.219467784044127,30.277294738756268 
 06/04  13:15:00,37.08525116677179,36.72432308783989,39.8827872663084,39.49909881003958,18.0,39.542925174921926,26.414698852890226,29.50801045915574,29.506081475563064,30.234349928062898,30.35203600719302 
 06/04  13:20:00,37.30909177988193,36.96805152733427,39.54891320463764,39.359436241436235,18.0,39.34946728585307,26.425512708198504,29.66213467328572,29.660197881858608,30.18423209943171,30.321693673291406 
 06/04  13:25:00,37.43411198612033,37.11151339924653,39.339409439832586,39.331475637300386,18.0,39.153180688994524,26.434498686827997,29.7466108079592,29.744655218833373,30.19891734426176,30.363132378532214 
 06/04  13:30:00,37.54271055673029,37.23719071883645,39.16311852416043,39.30201762084848,18.0,38.98057306975579,26.443410376771215,29.829968042587552,29.828009214411964,30.216466692402605,30.397148025090587 
 06/04  13:35:00,37.70257092057153,37.41297301577692,39.27420878225978,39.63122679107479,18.0,39.21535789497611,26.45161660614349,29.93942846777952,29.937421214309666,30.35828058815241,30.607135646214488 
 06/04  13:40:00,37.87918205456311,37.60449369496008,39.479005133936575,40.0893654785468,18.0,39.537634125373586,26.466179179995503,30.051153691137642,30.049117198161582,30.50375789490198,30.821782114266853 
 06/04  13:45:00,38.06621787260832,37.80551464260049,39.735702476232866,40.63200959069256,18.0,39.86231981321209,26.48123401300027,30.16285933616274,30.160814001758126,30.647869916275113,31.04293495914908 
 06/04  13:50:00,38.260811527995145,38.01324789874785,40.02436678407961,41.239687653144344,18.0,40.312931319056425,26.496815874473988,30.27458279730422,30.27255089819323,30.790104293728348,31.270843457558158 
 06/04  13:55:00,38.461233275383805,38.22603277993207,40.333117657984005,41.90160943682675,18.0,40.76841847156902,26.51279798064553,30.386292165676878,30.384294899216457,30.930137599894238,31.505547805769538 
 06/04  14:00:00,38.53645758451681,38.31283929244759,40.78355248169885,43.01652654144026,18.0,41.302758477416305,26.529109790469697,30.438585427591192,30.436679953368525,31.124910032984303,31.92812116792618 
 06/04  14:05:00,38.55499573250396,38.34384354329285,40.92451800528369,43.66366576627483,18.0,41.48435589716728,26.548635780093043,30.406700082893053,30.404921814414593,31.102591346877603,31.99792038983776 
 06/04  14:10:00,38.54396063055903,38.344988551220155,40.97117988872629,44.20368154302676,18.0,41.6414834287504,26.553941536331124,30.367291960158127,30.365640483213497,31.055960052325077,32.0658227620566 
 06/04  14:15:00,38.51374604044807,38.326457485927506,40.96207579402051,44.69359523850561,18.0,41.791192529025544,26.567662251789805,30.327571678422203,30.32606020305144,31.00856096628013,32.13497220843374 
 06/04  14:20:00,38.47025514534541,38.29408070765209,40.913765156918295,45.15632350911077,18.0,41.86027814549387,26.581520179488635,30.286989223915782,30.285618533885327,30.956897711220336,32.204692375367586 
 06/04  14:25:00,38.4171489621848,38.25149639068003,40.83550450608494,45.604293409934805,18.0,41.92344460425624,26.595461183122357,30.245742399495953,30.244510805371533,30.90085654080974,32.275169180624914 
 06/04  14:30:00,38.35677782818633,38.20105717436308,40.732818706838614,46.04471865770941,18.0,41.937877813933206,26.609458572704366,30.20386350088603,30.202764894881398,30.840438492654584,32.34647545681128 
 06/04  14:35:00,38.218760856797765,38.07237616803186,40.47505284087462,46.195149918513046,18.0,41.73171811473904,26.623447119774703,30.128514676377222,30.127472744412557,30.719628988470163,32.29601491196826 
 06/04  14:40:00,38.05280675195787,37.91517882284627,40.16399827676982,46.24965486007716,18.0,41.462797285158274,26.631463522498912,30.051042555825745,30.050046928509914,30.596280512188798,32.24039168628116 
 06/04  14:45:00,37.870252616752204,37.74084258769641,39.822723602280114,46.24771054753942,18.0,41.19659882190572,26.638103619718112,29.973244539590723,29.972276770718963,30.473042049555318,32.183326757475015 
 06/04  14:50:00,37.67672823331546,37.55503288695622,39.46258817462982,46.207986940090564,18.0,40.86176641848682,26.64416598149889,29.895286330529643,29.89432750124297,30.350275594806476,32.12525784569391 
 06/04  14:55:00,37.47566205105485,37.36121110676812,39.0904108300465,46.1414511922342,18.0,40.53066958465432,26.64943923265132,29.817095780241914,29.816126152449215,30.22805178378144,32.06619400347927 
 06/04  15:00:00,37.269270075125576,37.16162380535958,38.710534611925546,46.05497197731103,18.0,40.16669702636719,26.65407548122798,29.73872955147027,29.73772982970661,30.106560232969287,32.00620826557753 
 06/04  15:05:00,37.12946558611918,37.027771363556205,38.432963879489925,46.116635534586216,18.0,39.98888126875898,26.65808323096395,29.718484587544367,29.717428243353936,30.04756612831642,32.02960003487203 
 06/04  15:10:00,37.00894608022845,36.9127374129426,38.18143246159468,46.21467980255629,18.0,39.82064311540262,26.66219432000964,29.703303200779146,29.702167708131242,29.99377598958131,32.059454237718455 
 06/04  15:15:00,36.89805143606223,36.806954128523266,37.941027558900714,46.32903735920546,18.0,39.65005922532715,26.66601950901848,29.686023646586932,29.684776121885136,29.94051434463944,32.08946828358336 
 06/04  15:20:00,36.79237226383783,36.70606406882633,37.7051578178612,46.45108338492543,18.0,39.5119678854202,26.669442899797318,29.669478369058766,29.668112749439956,29.887335050708543,32.11868808622148 
 06/04  15:25:00,36.68936974518289,36.60756429274206,37.4701252096179,46.57608869654931,18.0,39.37179284283373,26.67249700668973,29.652400366387724,29.65090332711327,29.834447016671447,32.14693131826306 
 06/04  15:30:00,36.587480373011914,36.509918148222646,37.23369948184638,46.70127713690533,18.0,39.245625697953464,26.675211121030056,29.634804849283682,29.633168099552336,29.782189205979876,32.169008574922486 
 06/04  15:35:00,36.427737659710274,36.35417168291754,36.91566129010625,46.47112538530081,18.0,38.93225646598222,26.677574956304337,29.590278869346093,29.58847868214673,29.70192708088382,32.05169590875812 
 06/04  15:40:00,36.24784336448204,36.178040846385436,36.57711966685411,46.120094524921264,18.0,38.59554953720652,26.674086680510708,29.543227211810063,29.541293019667023,29.623681523725907,31.918830532549407 
 06/04  15:45:00,36.05551915689624,35.989267341144526,36.23141661080236,45.69136799838859,18.0,38.26023534376446,26.669173999510797,29.495381747580723,29.493345266939457,29.549484943007997,31.778608502305758 
 06/04  15:50:00,35.85429607812084,35.79139827452957,35.88505403312119,45.20402098449563,18.0,37.88159720147278,26.66318483213457,29.446814845806216,29.444712556240006,29.479377475820797,31.63178071973266 
 06/04  15:55:00,35.646211845022336,35.586485060255804,35.54205880341082,44.668744264732986,18.0,37.50419239146408,26.656118572791804,29.39747485621649,29.395346830763174,29.41314174092213,31.478438648897168 
 06/04  16:00:00,35.43251986402815,35.375793064627445,35.205170229561055,44.091946478691355,18.0,37.104551108670435,26.648176265809518,29.347404834982967,29.34529304253266,29.350530057979654,31.31868987731866 
 06/04  16:05:00,35.1672101714668,35.16555614126495,34.877616433032536,43.42856946063843,18.0,36.64787287408995,26.639327714260254,29.22424979915479,29.234723002859482,29.228392475892292,31.0723193631203 
 06/04  16:10:00,34.86531167119139,34.923022335610106,34.54788297896216,42.10301086273726,18.0,36.16914485158173,26.63760641557662,29.084961441377402,29.104491721213606,29.09293314853977,30.549273380693535 
 06/04  16:15:00,34.557266208385215,34.678034910743904,34.2282628815006,41.15391969639681,18.0,35.691910036165474,26.620650557638868,28.947609204457365,28.979772958591127,28.95888968290751,30.28546321566273 
 06/04  16:20:00,34.24074334728455,34.418100508398645,33.91032816706384,40.251426370345115,18.0,35.19288987118575,26.609183489941774,28.81152375610253,28.855398728915873,28.82587730728119,30.018167092042347 
 06/04  16:25:00,33.91714327108857,34.14005968293495,33.59201771070954,39.35323656067532,18.0,34.69537195123802,26.596688648418567,28.67474429668499,28.72844492710402,28.692062848923285,29.745102441843756 
 06/04  16:30:00,33.587577281152306,33.84201836596244,33.27227767651205,38.44495327708287,18.0,34.186631506163394,26.58345619876048,28.537396767355062,28.598018005427946,28.557539541329447,29.466345001504237 
 06/04  16:35:00,33.324921446403295,33.63661759573196,33.01981848995635,38.0030719772773,18.0,33.87026252707652,26.56938044403172,28.433231177135042,28.50916578854219,28.45356607530846,29.40072310508492 
 06/04  16:40:00,33.082869138973486,33.46159071784105,32.788513543465115,37.70969188909964,18.0,33.57833283399427,26.56225301884929,28.331129186042972,28.42420112925049,28.35175654962893,29.334515532742785 
 06/04  16:45:00,32.851510118686875,33.30451515959338,32.56830111834277,37.49911568235355,18.0,33.28295622013757,26.555443172612396,28.228692105502887,28.340733068518148,28.24965906751254,29.2679418718364 
 06/04  16:50:00,32.62620487677261,33.15981199284978,32.35442585791003,37.340837559359855,18.0,33.031883850291244,26.549013024555528,28.12596099898417,28.258847478531322,28.14728582236978,29.201259837028147 
 06/04  16:55:00,32.40421769213436,33.02427031605936,32.14407145643475,37.217081069331485,18.0,32.777743949047526,26.542878330829158,28.02294636181705,28.178582658938353,28.04464431963055,29.13448594012368 
 06/04  17:00:00,32.18382172218719,32.89591398773153,31.93545019482124,37.11676244816294,18.0,32.54449228880652,26.536907158828324,27.919618643764238,28.099913476999177,27.94170572505368,29.067564819877475 
 06/04  17:05:00,31.94654071268348,32.75765925007481,31.713603160856135,37.0349552967011,18.0,32.29681620887056,26.531050499218527,27.756816465228667,27.964491858394524,27.78016245284283,28.949061490375243 
 06/04  17:10:00,31.70250503737308,32.61907709107208,31.48628189721611,36.965912611412506,18.0,32.05515548731572,26.47941575472373,27.598309912298248,27.835453734137104,27.621835359155057,28.834781049011667 
 06/04  17:15:00,31.453533801026943,32.48196687680798,31.254670773338653,36.90622003887809,18.0,31.809525342707108,26.465803063690245,27.44594260625007,27.7146526664136,27.469159146892935,28.726707603551517 
 06/04  17:20:00,31.239993032890514,32.51013994039527,31.05783162346131,37.43142093869785,18.0,31.561284667127005,26.453133067470517,27.312399639925275,27.673223976218424,27.33426150713376,28.883072807998644 
 06/04  17:25:00,30.997634108215728,32.44348347551502,30.83263275910919,37.57643111920313,18.0,31.308819869042715,26.45049799077213,27.16130834715841,27.561924561493015,27.182721856547232,28.77961934595004 
 06/04  17:30:00,30.745812224734145,32.358702886438095,30.598029422301984,37.64317420512944,18.0,31.05018353477368,26.440386954960687,27.007333869819035,27.448910871406895,27.02820924298163,28.671336134583726 
 06/04  17:35:00,30.485782030233537,32.19871422276922,30.35509660348521,37.425966234703985,18.0,30.74244324790222,26.430655428157404,26.851314609945803,27.302333677283627,26.870984501726866,28.45077292426504 
 06/04  17:40:00,30.180571816350835,31.815999073384127,30.06725764224061,36.541037621716825,18.0,30.421185266736895,26.41828897083967,26.67363419002288,27.05833790954415,26.692480254128895,27.95202822494292 
 06/04  17:45:00,29.896452147066285,31.521596329249974,29.79973551234001,35.95712312518948,18.0,30.099513265890362,26.396381247803216,26.51323314084277,26.895266154607725,26.530280020623877,27.72790118074488 
 06/04  17:50:00,29.617222439441537,31.226661875475138,29.53632019390968,35.38423784151999,18.0,29.759172835167977,26.38216800727582,26.35587655547738,26.72921135473655,26.370797372701645,27.48863837079648 
 06/04  17:55:00,29.336282136155756,30.927202370014122,29.270383414173505,34.824002750164375,18.0,29.41799007867692,26.36746443879026,26.196597320113256,26.56063939402668,26.209139622299404,27.25450370842998 
 06/04  18:00:00,29.05388367397582,30.618366739669092,29.002101510714184,34.260211218456334,18.0,29.06406322006398,26.352803713517243,26.036732671893333,26.387964500946055,26.04660272820024,27.017853337883366 
 06/04  18:05:00,28.810323603259604,30.332565007347032,28.767119587639378,33.6949141136251,18.0,28.754870937549512,26.33796443498599,25.92088206184394,26.25300114226559,25.93074993515097,26.815327829304692 
 06/04  18:10:00,28.58133346470953,30.04880384502695,28.544508313888446,33.127803144575815,18.0,28.450803618203064,26.200246403937545,25.839249033953138,26.149086490196623,25.84887655543946,26.646219243756093 
 06/04  18:15:00,28.361343417820816,29.76232178602238,28.32954399057212,32.55963827476593,18.0,28.150744972415584,26.16737172669683,25.779500463341606,26.06454026149777,25.78875151591467,26.499375674465853 
 06/04  18:20:00,28.129279507210683,29.309514384196152,28.101704194593523,31.618314325769482,18.0,27.866881078206283,26.135523017670973,25.708568025654245,25.895784639438602,25.717527018617147,26.16634254119606 
 06/04  18:25:00,27.913815664944224,28.948593953291244,27.889795043974864,30.92048509102382,18.0,27.587066325874133,26.100181950767006,25.646112060680196,25.802911116587723,25.65464970959954,26.022994012659183 
 06/04  18:30:00,27.704938497412023,28.603718872337264,27.684004321292225,30.28081370667335,18.0,27.3218366479392,26.072109935535526,25.58514179845156,25.71031021168983,25.5932699482496,25.8843270425578 
 06/04  18:35:00,27.509086544345063,28.363904457581224,27.490847750068635,29.885187464669468,18.0,27.085101742780562,26.045675884370112,25.531565558554746,25.670950458020116,25.539791328929027,25.851383893184618 
 06/04  18:40:00,27.319353298445677,28.17278550207569,27.303526892500415,29.598773960487005,18.0,26.86366042772958,26.022990437389815,25.479098671352347,25.636492467548123,25.487411580449248,25.826166553541157 
 06/04  18:45:00,27.133621296727185,28.020612993266294,27.119998790598768,29.39446874472731,18.0,26.642526955790842,26.00203742342848,25.42701374836588,25.60784380154223,25.43540857495384,25.811700968384912 
 06/04  18:50:00,26.95071469647019,27.84972226911299,26.939142411038414,29.15131583171286,18.0,26.43719986193186,25.98248728964079,25.375035002298432,25.558706149654427,25.38350806115892,25.751245150462637 
 06/04  18:55:00,26.769902249487647,27.665422910113264,26.760267427866843,28.88424423676904,18.0,26.23235459332109,25.962571793384058,25.322885676202247,25.502773193921144,25.33143533447293,25.67902382506236 
 06/04  19:00:00,26.590759465773846,27.474291914400276,26.58297992481713,28.608106675980792,18.0,26.03822310609552,25.9427775699724,25.270795529561155,25.44518868209491,25.27941942850464,25.6048720763996 
 06/04  19:05:00,26.370059150732615,27.233775232246668,26.3644928464127,28.286296122927958,18.0,25.78548052195141,25.92338816521995,25.12937065186486,25.29629100527586,25.135885215749,25.437723295494607 
 06/04  19:10:00,26.13377432575204,26.96080254553012,26.130333247179397,27.926421849190763,18.0,25.52714478790393,25.895639153970638,24.98552798770288,25.13836701797777,24.989677528445668,25.257616206814248 
 06/04  19:15:00,25.888726701072915,26.64448231192252,25.887113316949833,27.50656003822688,18.0,25.267425571342663,25.873939183268448,24.84279431103772,24.967863345463343,24.844524157112687,25.057226452855048 
 06/04  19:20:00,25.494868569171647,25.97091207213232,25.49460598695729,26.606317607705964,18.0,24.798252951300352,25.85167850278408,24.62613339938099,24.625419429580006,24.625425816675715,24.62471814927102 
 06/04  19:25:00,25.23755131747529,25.596643384142062,25.237866363899553,26.126559354384504,18.0,24.58943323025275,25.815200260551386,24.50690272925192,24.50664527608842,24.50365590736419,24.50357307348696 
 06/04  19:30:00,25.01920087508678,25.30346891420715,25.01949091310852,25.761246779058684,18.0,24.342637693731945,25.79211074502638,24.39190849774468,24.391559277585372,24.38624370909838,24.385951163044524 
 06/04  19:35:00,24.822136345333227,25.05364155218827,24.82194064154859,25.4574408583439,18.0,24.093547212447753,25.76893757080024,24.276965772652716,24.276624032803852,24.26904724238824,24.268699610878798 
 06/04  19:40:00,24.63899784630257,24.831722704967397,24.63796073356456,25.193360817123168,18.0,23.875549440308404,25.746046294574164,24.16233338047971,24.16201467216149,24.15233859669263,24.151956923253124 
 06/04  19:45:00,24.465436307521188,24.62885879011449,24.46328326197388,24.95647255430667,18.0,23.656011294628602,25.7234001765275,24.048054937320217,24.04776273686531,24.036168824388824,24.035756598975922 
 06/04  19:50:00,24.2986740032647,24.439467441425407,24.29519388227132,24.73885075776429,18.0,23.453238337431973,25.7009080355673,23.934112458741765,23.933848166147982,23.920526804773772,23.920084953690548 
 06/04  19:55:00,24.136861656779345,24.259839113427848,24.131892561727657,24.535253653997067,18.0,23.249167640681204,25.678569087065032,23.820534990122155,23.820299933541435,23.805449651059803,23.804978417504458 
 06/04  20:00:00,23.978729058462566,24.087457613574745,23.97214774549724,24.342100605973403,18.0,23.0547407470243,25.656327862991013,23.70731551761685,23.707110897189295,23.690937885855874,23.6904375063192 
 06/04  20:05:00,23.81539068585917,23.91112897325638,23.810035573028696,24.144781241298897,18.0,22.909524997801643,25.634180212360995,23.556798122036298,23.556629695605807,23.54652290313902,23.546010469214536 
 06/04  20:10:00,23.649629046129828,23.733370284875704,23.646201136172202,23.94813973738401,18.0,22.7771703481583,25.549150315725146,23.412408574818244,23.40809995954021,23.40765970525689,23.407170447694398 
 06/04  20:15:00,23.481753340069012,23.55635230516845,23.480277258157766,23.752348284373966,18.0,22.639860544845703,25.50147077432779,23.27456923915952,23.27429833499059,23.274288802344245,23.273812526572783 
 06/04  20:20:00,23.311859224263614,23.378665008672765,23.311290983798983,23.557118605979735,18.0,22.516074863704535,25.455962402268558,23.134229266686418,23.137055819848683,23.134237659953726,23.136634357901983 
 06/04  20:25:00,23.13988172658586,23.199791588314845,23.139861108175687,23.362126349112017,18.0,22.38727845436786,25.41319977215876,22.99182115442693,22.996468998675482,22.991912858812952,22.996043055750306 
 06/04  20:30:00,22.965973307629255,23.01943250956994,22.96630283331567,23.16708251913254,18.0,22.26094456411351,25.37248861210394,22.847289846223703,22.85244779348193,22.84742913668657,22.8520062948524 
 06/04  20:35:00,22.790197570586862,22.837411906017213,22.790749257937247,22.97174953107223,18.0,22.130010254111248,25.333419817372477,22.70103486713549,22.70542442217942,22.701216389048454,22.70496266535372 
 06/04  20:40:00,22.61263685600513,22.65363811150325,22.613325418953753,22.775941570331575,18.0,21.99579549727121,25.295569978182062,22.552525394653856,22.554912545026355,22.552746127783905,22.554433551752254 
 06/04  20:45:00,22.433380017267822,22.468078797534975,22.434147821146837,22.579519424257494,18.0,21.857575591196582,25.258763014245588,22.40172278007833,22.40102116431342,22.401982226899747,22.4005237791597 
 06/04  20:50:00,22.252517418126033,22.280743330355644,22.253325240995952,22.38238358551729,18.0,21.713485843874693,25.222709824647676,22.24871624918933,22.2439164572001,22.249013880066457,22.24339982788723 
 06/04  20:55:00,22.06359209505187,22.091669875126293,22.070959477963367,22.184467220768937,18.0,21.56601037343559,25.187342970965904,22.083905949776863,22.083817642182225,22.0939948007142,22.083280297939268 
 06/04  21:00:00,21.87491693165631,21.900915880006824,21.887145848423586,21.99958112979021,18.0,21.411940476022956,25.15243736469035,21.920588393771425,21.920802300858895,21.93693981898639,21.93563039901676 
 06/04  21:05:00,21.676108792888222,21.70055609430162,21.691042892762198,21.798591278412285,18.0,21.223656086282563,25.118047049370265,21.739139887758427,21.739453002086748,21.757632748573144,21.756788592487055 
 06/04  21:10:00,21.474188104156358,21.497340097791803,21.49069692874585,21.59335238886513,18.0,21.026909944837865,25.08002971701795,21.583633405898354,21.58398465336512,21.60447634120493,21.603722067651688 
 06/04  21:15:00,21.270920164660023,21.292963324748907,21.28812454478931,21.38620772068764,18.0,20.832386509083612,25.158185049661057,21.444666813703066,21.445118842801207,21.468911939960037,21.4680841660101 
 06/04  21:20:00,21.067219934178834,21.088300316025897,21.084362696653955,21.17821830592782,18.0,20.62843413917827,25.227549699992405,21.289261931417172,21.289768483539888,21.312210108323768,21.311335403290173 
 06/04  21:25:00,20.863683798349516,20.88391928189869,20.88007809382708,20.97003384944284,18.0,20.425885713204636,25.190806876572545,21.106668920153254,21.107191010627957,21.126942376333773,21.126063812232474 
 06/04  21:30:00,20.660743186627943,20.680231149959656,20.67574179758098,20.762100671171027,18.0,20.219332348508242,25.128013948046874,20.92788396405774,20.928443490610448,20.944808535005336,20.94390595022884 
 06/04  21:35:00,20.458738842618224,20.477561371903537,20.471714548145414,20.55475483145909,18.0,20.0140415855126,25.069766109507935,20.756219046892,20.756829651426187,20.768953510355402,20.768013965692376 
 06/04  21:40:00,20.257961647061354,20.27618915769731,20.268295251259005,20.348273018856084,18.0,19.80757883985609,25.01677585406106,20.591083909150086,20.591753273114477,20.598628932034103,20.597645266196537 
 06/04  21:45:00,20.05867520382908,20.076368974785122,20.065750040115862,20.142902238172137,18.0,19.602443373796394,24.967535607470452,20.4315800650528,20.432310096361107,20.43283449528883,20.43180507873103 
 06/04  21:50:00,19.861127999611718,19.878341926890908,19.8643312670642,19.938878788438473,18.0,19.398044443544304,24.921735429909493,20.27786099837226,20.278655231282983,20.271691427069868,20.27061270204274 
 06/04  21:55:00,19.665559237953353,19.6823409867427,19.664292149509976,19.736442697226895,18.0,19.195172216494502,24.87841063750574,20.129767070297078,20.130626847048745,20.115071435197706,20.113941750812273 
 06/04  22:00:00,19.472199480664212,19.4885911174734,19.465900468962545,19.544119146510955,18.0,18.99465553128705,24.83710126688243,19.987421756721005,19.98834849390562,19.963237305416783,19.986619371754557 
 06/04  22:05:00,19.28832846437271,19.304114735184438,19.28002106289461,19.35053832848793,18.0,18.794838928763394,24.7974306691956,19.824546987747794,19.825514722426306,19.80131184021957,19.80104124342546 
 06/04  22:10:00,19.108840313231468,19.123962375270036,19.09958114032234,19.16590886335801,18.0,18.597102600105533,24.70426337078681,19.669812240988563,19.670792202756445,19.64771775707061,19.64667500486172 
 06/04  22:15:00,18.932326782348955,18.946764502943516,18.922722284348836,18.985422746247238,18.0,18.399826239777983,24.641454226677357,19.524500599944304,19.525532736847765,19.503483044788425,19.502261122985487 
 06/04  22:20:00,18.758012279357093,18.77176468681003,18.748450052502175,18.807785684561463,18.0,18.204546001029005,24.58249241324201,19.420213775734794,19.421274829019126,19.39966497059754,19.398409067503337 
 06/04  22:25:00,18.585380838840866,18.598458432166158,18.57611409935404,18.632284660159048,18.0,18.009864829307123,24.635373252507755,19.331738987362655,19.332886442314248,19.31139118884846,19.310058001171342 
 06/04  22:30:00,18.414068981379625,18.426489350413355,18.40526277379366,18.458441642955076,18.0,17.817558454114664,24.674576126958506,19.23178490375352,19.232960853144505,19.21182535578521,19.21047277464993 
 06/04  22:35:00,18.24381267917823,18.255597754252594,18.23557217115139,18.285917345109837,18.0,17.626412972101704,24.704909197015553,19.125734548781907,19.12693864703192,19.106328894297576,19.10495667466398 
 06/04  22:40:00,18.074417082600814,18.085591345080932,18.066805716151492,18.11446453289202,18.0,17.43543318282624,24.726815475800837,19.014440327090597,19.015666929517238,18.995726736219126,18.994339799790225 
 06/04  22:45:00,17.905738269296833,17.913697231150753,17.901299219096067,17.943901213570953,18.0,17.24482437492533,24.743388490165664,18.899715526309194,18.882663003263133,18.900149067467396,18.88039849673561 
 06/04  22:50:00,17.737671138150816,17.744360461430286,17.73459030699182,17.774093569748906,18.0,17.055254041455576,24.75508542342031,18.7820326935647,18.765134424514144,18.783187972743633,18.76359100258736 
 06/04  22:55:00,17.570140283056492,17.576095550529928,17.56792595140619,17.60494380707815,18.0,16.865927274976233,24.76287237737414,18.662057449379688,18.645990862675887,18.66336821707057,18.64456751527814 
 06/04  23:00:00,17.40309249083401,17.408596887459115,17.40148119871509,17.436380739573956,18.0,16.677631152034532,24.767268470596285,18.54018528976735,18.52513473003421,18.541538663507254,18.52371343906168 
 06/04  23:05:00,17.287784061741096,17.293468066747966,17.28659981742112,17.320198188488284,18.0,16.542378656334222,24.769102565712277,18.522957892746717,18.50698258659486,18.524348992178147,18.505533524950067 
 06/04  23:10:00,17.19349120818193,17.199646463950614,17.19261910275615,17.225311208141513,18.0,16.418944744276533,24.760022394998856,18.50762504422198,18.490627565971522,18.50901537761922,18.48918433494032 
 06/04  23:15:00,17.11257579053046,17.119409397222515,17.11193687268442,17.144004915728047,18.0,16.29456979100086,24.757110452665387,18.492859035267088,18.4748589483238,18.49426234873698,18.47340728469777 
 06/04  23:20:00,17.04114226004062,17.048808414395737,17.040680140776693,17.07233956282743,18.0,16.18894852639989,24.751246126920076,18.4773566857981,18.458400194828982,18.478770492542708,18.456941956276637 
 06/04  23:25:00,16.97673384742946,16.98534685824827,16.976407674715528,17.00781522202561,18.0,16.08258139560918,24.744602078001556,18.461594747353843,18.44171330112391,18.463020727822823,18.440246646971275 
 06/04  23:30:00,16.91763863645141,16.927301762236045,16.917417992058528,16.94873565025633,18.0,15.987651516162273,24.737141030923482,18.445506840359087,18.424741952839327,18.44694579905115,18.423265914279455 
 06/04  23:35:00,16.862635995349027,16.873443445144414,16.862498143216698,16.893877205623006,18.0,15.89204999829441,24.728861309774384,18.429029821885592,18.40742564533332,18.43048204921888,18.40593978655562 
 06/04  23:40:00,16.810836915043005,16.822877163428917,16.8107646883848,16.842348435018312,18.0,15.803624460394337,24.7199159452248,18.412235704493924,18.38983493773617,18.413701903910464,18.388338387624458 
 06/04  23:45:00,16.761579905398033,16.774937725513297,16.761560221092417,16.793485705181027,18.0,15.714569391822618,24.71030112330166,18.39508860456374,18.37193718859993,18.39656942423403,18.37042939711523 
 06/04  23:50:00,16.714363363673815,16.729121014657046,16.714386167327113,16.746785328042282,18.0,15.629961696090442,24.70014351000985,18.377650542058177,18.35379301641501,18.379146153373824,18.352273426674287 
 06/04  23:55:00,16.668800403855467,16.68503830261952,16.668857910727525,16.701858272930544,18.0,15.544747078708271,24.689436730001137,18.359891472794402,18.335374072458535,18.361401932281865,18.333843401430443 
 06/04  24:00:00,16.62458796267814,16.6423850374234,16.62467410390057,16.651834196301103,18.0,15.462156871166915,24.678275240174433,18.34186173579758,18.316729509705624,18.343387353155208,18.3392731666454 
 06/05  00:05:00,16.650716327530716,16.6624372828457,16.643071499304416,16.6674708121369,18.0,15.478604640172867,24.666727590661658,18.40197880172957,18.4023484766999,18.429805103334274,18.427696858431602 
 06/05  00:10:00,16.699738336816043,16.70914039356061,16.688356100929692,16.710708182973136,18.0,15.52076448020817,24.63774542857476,18.49407506679961,18.495326233707374,18.522913754775743,18.521269125314802 
 06/05  00:15:00,16.76541692717456,16.77334088476815,16.751418929996273,16.77209228769489,18.0,15.562971161238831,24.619600320847265,18.591071213355974,18.592484170937553,18.620200725646555,18.618635154506023 
 06/05  00:20:00,16.843355144716437,16.85021268996225,16.827428201581803,16.846669659174236,18.0,15.645717133450843,24.601675907630216,18.688798343543,18.690223452233624,18.71806697231341,18.71652949452306 
 06/05  00:25:00,16.930562512147002,16.936612931937386,16.913219441120802,16.93120839507538,18.0,15.728563451868304,24.584338071554082,18.787108312007604,18.788523312316386,18.816503730804982,18.814985969123654 
 06/05  00:30:00,17.02494610698007,17.03036511302904,17.006589588503047,17.02346273051521,18.0,15.838808565476018,24.567567426196632,18.88588631922653,18.887287519070412,18.915414430694796,18.913915239377445 
 06/05  00:35:00,17.124999442537327,17.129910853192783,17.105953500190402,17.121818850827044,18.0,15.949119382686474,24.55134710226701,18.985058875104073,18.98644547960191,19.014727217012364,19.013246536336737 
 06/05  00:40:00,17.229612372439696,17.234106068592595,17.210142208103832,17.225087749557964,18.0,16.07877497037179,24.535630818296543,19.084555259385525,19.08592681736684,19.114370230582722,19.11290828104495 
 06/05  00:45:00,17.337950353338126,17.34209324923364,17.318275981096328,17.33237522334821,18.0,16.208466763721688,24.52041286484113,19.184341272004417,19.185697480632484,19.214308664775444,19.2128656108315 
 06/05  00:50:00,17.44937504922117,17.453218093715243,17.42968111463084,17.442996811879535,18.0,16.35212398965943,24.505634340609312,19.284359656015567,19.285700041191944,19.31448386152408,19.313060053822824 
 06/05  00:55:00,17.563390619286384,17.56697340901668,17.543833692074514,17.556420395084185,18.0,16.49579236867822,24.491300924832853,19.384598852419913,19.3859230652443,19.41488410855925,19.413479769498792 
 06/05  01:00:00,17.679606514665156,17.68296041232574,17.660320625284246,17.672226476703617,18.0,16.64971670100221,24.477353234388026,19.48501210513058,19.486319585520903,19.51546144277836,19.514077010114192 
 06/05  01:05:00,17.732195722912675,17.73534462365405,17.714344076155296,17.725603377108435,18.0,16.719386513726846,24.46380692014039,19.45410664374856,19.455393306696863,19.483205333319233,19.481846003406417 
 06/05  01:10:00,17.759139459252527,17.76210279490366,17.742896458796228,17.75354165953492,18.0,16.775848420930643,24.449009775950422,19.417554807383794,19.418855003901285,19.445593878581235,19.44422406457943 
 06/05  01:15:00,17.769829347731623,17.77262349654454,17.755166911634884,17.765229233773205,18.0,16.83154496406006,24.433910941533558,19.38000682971972,19.38131535147113,19.40700573020979,19.405630601732412 
 06/05  01:20:00,17.769110867786946,17.771749804707934,17.755927579391635,17.76543682309509,18.0,16.859355072760856,24.418559643887786,19.34218186103908,19.34349764284957,19.368128619344702,19.366749129439995 
 06/05  01:25:00,17.760089840421312,17.762585647430587,17.748257654238326,17.75724225852236,18.0,16.88655943705632,24.402983982884944,19.30421616962252,19.30553861971805,19.329094199978385,19.327710834030768 
 06/05  01:30:00,17.7448841646474,17.7472474142575,17.734270492661732,17.742757604539435,18.0,16.895436598162366,24.387204020272407,19.266143694148695,19.267472255153848,19.28993637122494,19.28854958772888 
 06/05  01:35:00,17.724985323805456,17.72722536735497,17.715463648542,17.723479174179175,18.0,16.90388825955187,24.37125505874153,19.22799057392274,19.229324757963354,19.250682198278923,19.24929239208518 
 06/05  01:40:00,17.701468522667714,17.703593709992845,17.692923079320472,17.700491724091183,18.0,16.899766362437184,24.355150370639116,19.189766063174147,19.191105356828984,19.211341607841348,19.20994920642147 
 06/05  01:45:00,17.67512365252455,17.677141501665446,17.66745099822356,17.67459630234701,18.0,16.89533664450278,24.338924307353857,19.15149044074593,19.152834421386615,19.17193581078766,19.170541155632236 
 06/05  01:50:00,17.646540337214812,17.64845766710243,17.639649316620243,17.646393690171188,18.0,16.882127013068114,24.32258108183644,19.113165408555687,19.11451361728615,19.132466989201816,19.131070464479706 
 06/05  01:55:00,17.616164858586533,17.617987893863425,17.609975789108752,17.616340548128143,18.0,16.868689304408818,24.306154681095776,19.074809751370935,19.07616184992912,19.092954762287718,19.091556635235293 
 06/05  02:00:00,17.584339189990327,17.58607364458503,17.578782716585525,17.584788120799967,18.0,16.849041904438973,24.289640816658142,19.03641937623587,19.03777497651805,19.053395354881445,19.0519959483006 
 06/05  02:05:00,17.58140161537151,17.583067948832017,17.575162869014207,17.580901044442943,18.0,16.84496258748862,24.273073074599523,19.081617866706665,19.082998712618064,19.106041435909674,19.104610353121018 
 06/05  02:10:00,17.58921983599122,17.58736293701168,17.585173872127616,17.58714994499413,18.0,16.838057078050024,24.25750273013708,19.13159616217888,19.162592655878484,19.130210324284405,19.16200066189174 
 06/05  02:15:00,17.60339361245186,17.5988133344528,17.60024202384203,17.59931803952582,18.0,16.828867000499784,24.24236340579722,19.183270973824165,19.222056795812136,19.18425770862433,19.220771027127796 
 06/05  02:20:00,17.621699772214612,17.614371959356905,17.619131159132497,17.61530915985568,18.0,16.81864410173473,24.22752442147974,19.236224945437186,19.28169326429088,19.237572987976193,19.28026261195305 
 06/05  02:25:00,17.642720521797816,17.632594095128457,17.640574808228866,17.633821747715157,18.0,16.80585983096756,24.213063032114757,19.290578356484275,19.34176026963553,19.291988442090314,19.34029972536416 
 06/05  02:30:00,17.66547115866018,17.652570943168843,17.663644564186743,17.65399887245297,18.0,16.788683029785048,24.19891108146989,19.346448193953165,19.402047655588092,19.347875481427423,19.40057498103272 
 06/05  02:35:00,17.689219731610674,17.6737070641826,17.687640308249307,17.67527375841951,18.0,16.768569511414633,24.185097027857733,19.404053677235083,19.462174391416056,19.405491896836338,19.46069348267281 
 06/05  02:40:00,17.7133793116458,17.695640220793226,17.71199536600266,17.697301793982366,18.0,16.741307251695012,24.171582596915652,19.46357923123037,19.52143249519804,19.465027554346022,19.51994596818531 
 06/05  02:45:00,17.737436594286642,17.71823422101833,17.73621000431792,17.719957773540838,18.0,16.711271772283855,24.158373162836565,19.525232890248958,19.578753245076882,19.526691184361994,19.577264021859037 
 06/05  02:50:00,17.760907016796672,17.74165126135656,17.75980915327161,17.743410357837536,18.0,16.673268916791923,24.145407011675516,19.58900739536307,19.63241449563418,19.59047475325974,19.630926466017343 
 06/05  02:55:00,17.783366264581204,17.76653499317422,17.7823756490789,17.76830635050032,18.0,16.637864710160617,24.13271009490118,19.654210451622703,19.679920859457297,19.6556847306357,19.678438223857427 
 06/05  03:00:00,17.805419089587495,17.794343625126853,17.804521456299206,17.79610473733673,18.0,16.61085827420377,24.120204230541848,19.715033928052435,19.71739453496474,19.716508202017053,19.71592215350995 
 06/05  03:05:00,17.808077857772904,17.799742683256575,17.81081546194197,17.805045628693804,18.0,16.564156345964975,24.107861221295842,19.683994282032018,19.68552577000787,19.670115931201337,19.66874791794453 
 06/05  03:10:00,17.803091727249612,17.79664412770332,17.810497298214827,17.806508280316336,18.0,16.52714832822295,24.094685512122904,19.64427675492351,19.645739226658634,19.616393297444176,19.614954111725012 
 06/05  03:15:00,17.793405935827593,17.788362549276084,17.80543836626551,17.80272804182008,18.0,16.496190917173802,24.081272475155888,19.60072832300625,19.602182029192704,19.562972590591357,19.561528188867214 
 06/05  03:20:00,17.780561707068994,17.77659143868345,17.796789004368915,17.795011595080798,18.0,16.469939495471476,24.067696119953396,19.554858812134512,19.556310165941795,19.511079185062954,19.509640608716552 
 06/05  03:25:00,17.765563521137896,17.762426168711887,17.78540417138557,17.78431099569268,18.0,16.445906810338005,24.053995797132576,19.50771825199365,19.50916666375042,19.461009596210886,19.459579341950587 
 06/05  03:30:00,17.749113978141317,17.746629977601618,17.77193886384876,17.771347585391524,18.0,16.428228644783168,24.040185811957755,19.46007656387758,19.46152040678635,19.412776406276407,19.411355441601415 
 06/05  03:35:00,17.731722279418946,17.72975472284236,17.75690054289325,17.756675920715576,18.0,16.411490685921184,24.026293898937556,19.412504387639387,19.413942064765365,19.366310488077943,19.364899290529365 
 06/05  03:40:00,17.71376498778104,17.712208026410607,17.740684762857097,17.740725744876418,18.0,16.40042569497283,24.01233028767441,19.36539611519447,19.36682616018402,19.321501297777218,19.320100170509363 
 06/05  03:45:00,17.69552351581028,17.706654661228832,17.711571475032844,17.7238316197437,18.0,16.389769051483814,23.998315730393315,19.319028836065968,19.279925661257664,19.317952726731903,19.27684925930498 
 06/05  03:50:00,17.677208900793723,17.693612512653218,17.688898466927128,17.706254675087543,18.0,16.383603917285907,23.98425350042943,19.27357714482855,19.236704822381284,19.274690409081188,19.235031445663708 
 06/05  03:55:00,17.658979053580662,17.678457039610336,17.667875081424953,17.688198965368098,18.0,16.377577563382864,23.970169432369975,19.229163074099688,19.195965710930864,19.230520051682333,19.19455280473983 
 06/05  04:00:00,17.640951245372175,17.662141845999013,17.647863582399914,17.66982396413777,18.0,16.374866224992182,23.95605807786817,19.18584337024498,19.15667533360488,19.1872278633291,19.155310536754882 
 06/05  04:05:00,17.604444216791837,17.626314264164687,17.609914908959105,17.632493159706815,18.0,16.342839214279877,23.941934874431904,19.112809509559725,19.08675710215232,19.114192557621834,19.085404253899128 
 06/05  04:10:00,17.560017546247142,17.581962216335718,17.564412495473263,17.58701200067135,18.0,16.305764224698837,23.92742527473869,19.03910460144624,19.01605653666968,19.040489466671943,19.01470185029615 
 06/05  04:15:00,17.51043193727261,17.532017993160864,17.514010514003942,17.536202632976863,18.0,16.268522529473493,23.91273702753916,18.96576770721117,18.94564111115824,18.967152300701855,18.944284895059468 
 06/05  04:20:00,17.457197542921143,17.478085749442975,17.46014805500433,17.481596265266248,18.0,16.22109289467016,23.897893815249052,18.892948217195226,18.87565743589562,18.894332003886234,18.874299710012906 
 06/05  04:25:00,18.71893211123572,18.276409159210186,17.622452779729564,17.640461896261296,18.0,16.451292733560614,23.882901907666685,19.513289403861677,19.263545616845818,18.9881053602777,18.980770010926335 
 06/05  04:30:00,19.238744096257506,18.584821544701093,17.681233682849648,17.69621399841659,18.0,16.490565007931067,23.894783977111747,19.454457003159632,19.225442340216773,18.93535470463081,18.929730316865403 
 06/05  04:35:00,20.73243568891084,19.423624538484226,17.758935666411627,17.76901175945052,18.0,16.581854019454127,23.886471103940927,19.99781070699447,19.52097474047673,18.934177394707774,18.953886684975828 
 06/05  04:40:00,22.379575181638252,20.304391568396742,17.829459632584932,17.837100009801034,18.0,16.685299696560374,23.89429555080596,20.431055079008388,19.737803933998975,18.93219707335902,18.95792856226217 
 06/05  04:45:00,24.692277647004836,21.49896251379459,17.92346969695817,17.929465255453703,18.0,16.802366617211277,23.901200264682913,21.15249841109369,20.088947283330356,18.935554656725913,18.944365745898722 
 06/05  04:50:00,26.868708800278178,22.56391870666265,18.008069742744613,18.012870321029762,18.0,16.953705989375653,23.92024998685409,21.633615734137095,20.30310147955265,18.916765050490028,18.909813264437275 
 06/05  04:55:00,28.92059488854269,23.511719581578816,18.092483517393187,18.09639153080192,18.0,17.11761213131872,23.935658955198463,22.040030151594465,20.466506948899223,18.88322507605585,18.870874949547897 
 06/05  05:00:00,30.733862955164835,24.29302188929474,18.178255658848457,18.181489522678696,18.0,17.318418124648943,23.952268700349435,22.342284901723588,20.567626793332863,18.864271582482047,18.84789292097946 
 06/05  05:05:00,32.55716284401959,25.03160791232016,18.25892403855686,18.2616650906183,18.0,17.50946845943114,23.968208948243547,22.697532925576297,20.685359832667928,18.824805661369794,18.804330608287387 
 06/05  05:10:00,34.37962487378887,25.725074246016337,18.340669529262023,18.343053100828925,18.0,17.740919587593023,23.986681903226017,23.062742163142502,20.797709812684047,18.800860945014165,18.776851685557972 
 06/05  05:15:00,36.205795011204074,26.376881460996287,18.42541341027401,18.427556004185192,18.0,17.996262138909845,24.00747061597354,23.43488697899045,20.899306354722057,18.76346109761846,18.736067812226338 
 06/05  05:20:00,38.31033337473708,27.143705329575205,18.588237638949554,18.590246845343522,18.0,18.303116898064747,24.029642987913682,23.948910313536828,21.071016189766965,18.77182978937668,18.74151180577661 
 06/05  05:25:00,40.257673875067425,27.78021261186612,18.71481591941315,18.716794693682363,18.0,18.63323188980511,24.0590934528326,24.339100013065604,21.153627587277754,18.755799743874093,18.72291715387263 
 06/05  05:30:00,42.17346616077496,28.35612759412366,18.837090313424195,18.839134912876332,18.0,19.02700306941367,24.084169850162603,24.732458251451703,21.221385374033616,18.723818350626857,18.68857916539116 
 06/05  05:35:00,43.75552991110576,28.74123309806647,18.91999707454365,18.922191294782607,18.0,19.366570546159064,24.110234724281668,24.973402377428897,21.20247868376299,18.67558056328903,18.639282250794565 
 06/05  05:40:00,45.216648036321274,29.03305566377296,18.98885413659473,18.991263408417925,18.0,19.754397769000047,24.13182576730814,25.215345918861885,21.158378613247578,18.62755001524465,18.590550299880306 
 06/05  05:45:00,46.60092155187383,29.255466935204556,19.050407546642294,19.05307447494654,18.0,20.159562516507872,24.15290567207345,25.456429392860855,21.106417125567305,18.580500745773975,18.543166797385766 
 06/05  05:50:00,47.930458606666576,29.420972756183765,19.108256698359,19.11119960928469,18.0,20.603649981518,24.173495977673554,25.69683607977015,21.041957341372836,18.53421139220677,18.49690513652456 
 06/05  05:55:00,49.20474384934935,29.532739865111587,19.164043968939183,19.167257984793245,18.0,21.065071652314177,24.193679239041234,25.929701008411712,20.96168806073473,18.488298618250496,18.45137385453802 
 06/05  06:00:00,50.457028927868514,29.60433495611448,19.220518742575738,19.223978674256095,18.0,21.57644785561416,24.21332070592506,26.170040614435038,20.87076779110282,18.44353165587148,18.40733186543747 
 06/05  06:05:00,51.28687998714232,29.478725795087456,19.285598343487905,19.28921239226222,18.0,22.00172057425572,24.232907175730418,26.23108545969444,20.732192140375787,18.45194783712782,18.41770513781819 
 06/05  06:10:00,51.94100067752652,29.257797744149727,19.35454195514697,19.358235208038586,18.0,22.430679791932675,24.281544370620377,26.28413290440227,20.58288837977301,18.46541906637799,18.43338395900753 
 06/05  06:15:00,52.46746989914309,28.96873727401424,19.42625272461029,19.429952068328145,18.0,22.848509897391388,24.319855873232356,26.26528343721327,20.39679808594053,18.4256892988426,18.395816319414052 
 06/05  06:20:00,52.89324977246037,28.628117762962926,19.50015182033737,19.503787081844774,18.0,23.24075321870592,24.269628122974314,26.243026197600443,20.196388415027684,18.386067789052333,18.35853127849174 
 06/05  06:25:00,53.23661616370005,28.247932047849634,19.575845446736427,19.579351420513934,18.0,23.624450355573273,24.212525557076905,26.22694242683417,20.003062371481406,18.3584380066103,18.33333838458998 
 06/05  06:30:00,53.384323399265455,27.888521556058276,19.752068446938942,19.755385493788186,18.0,23.983983561284884,24.16209327838544,26.15674318243225,19.84249267553372,18.389569835166185,18.367003291594187 
 06/05  06:35:00,53.01660178025685,27.347349311104587,19.833176719916473,19.836253854630478,18.0,24.19979555921343,24.120163192283552,25.89709244553046,19.612200045906945,18.359152874154233,18.34029533548687 
 06/05  06:40:00,52.33669576148107,26.806403723980697,19.980416013636688,19.98321081091543,18.0,24.355625437243074,24.079708385839968,25.59404276722455,19.423451828405177,18.375872742842375,18.361768052183947 
 06/05  06:45:00,51.507273363454274,26.264489488597672,20.141669316640435,20.14414747187626,18.0,24.495986900727843,24.045787464752795,25.29906065615893,19.253459225169877,18.39708397144807,18.384648811308864 
 06/05  06:50:00,50.584703501432784,25.731409286755337,20.30618962773884,20.30832576127242,18.0,24.56226678672298,24.015956352375817,25.010645430783768,19.101000090280763,18.41747354711015,18.407574199532746 
 06/05  06:55:00,49.603011761894685,25.21431214676849,20.468962173782618,20.47073939200735,18.0,24.61754760900875,23.989323949305344,24.728761608714763,18.96534112382352,18.43762953839712,18.429983068046795 
 06/05  07:00:00,48.584866741417,24.717926944938153,20.62704646982601,20.62845586001319,18.0,24.61998604283643,23.96518668203526,24.453396993492788,18.84580265523357,18.45727227313421,18.451552182292517 
 06/05  07:05:00,47.97233256494769,24.35092515157037,20.808836086617887,20.809885568255254,18.0,24.809887297075193,23.94312496037879,24.354900979046988,18.777826429770585,18.49663781672723,18.492464244956864 
 06/05  07:10:00,47.094634713493285,23.91994050753294,20.902847580643936,20.903539146734428,18.0,24.997015144647616,23.938186435133332,24.091671166608307,18.667215283551286,18.489574149561918,18.48655106576979 
 06/05  07:15:00,46.521218444696125,23.59652355206678,21.055649863852718,21.055988005753203,18.0,25.177853646191043,23.919688181160176,24.02845788914715,18.644907259667946,18.546354577283182,18.544489428167537 
 06/05  07:20:00,46.014143943025054,23.312867978811358,21.220642199659355,21.220635272240663,18.0,25.383401281793557,24.009594174486818,23.964525053709565,18.642930234470896,18.619672151920213,18.618555267887587 
 06/05  07:25:00,45.53560563812776,23.0559629721995,21.390011062919957,21.389671605364324,18.0,25.582849291179176,24.085915582536085,23.887411897151253,18.64953832533115,18.68433585841956,18.683777796962715 
 06/05  07:30:00,45.06940043121143,22.82010122951575,21.56051957467515,21.559864046484638,18.0,25.788048320621435,24.151417609828776,23.801224039402427,18.66293245113343,18.74324709667644,18.743043163586435 
 06/05  07:35:00,45.138296179106426,22.58766494116391,21.709671889036812,21.708720157845576,18.0,26.170473138600133,24.20985990586679,23.94047456617949,18.674978325309667,18.788794587813868,18.78874954835692 
 06/05  07:40:00,45.36007274419257,22.403935114061,21.90615322694966,21.85149240873175,18.0,26.597918961169857,24.265285507033866,24.07877416351232,18.699553609310556,18.83727948690023,18.833713410746952 
 06/05  07:45:00,45.66115191577672,22.36037301114134,22.252663146374474,21.99150724965059,18.0,27.034112699973864,24.316878902166998,24.164097348648056,18.69984238034158,18.869281141796023,18.83361293817859 
 06/05  07:50:00,46.006186809544495,22.37077017433302,22.664318785168646,22.13034554541336,18.0,27.53796371960496,24.27985992076966,24.24406565249376,18.697691124985454,18.91185701344449,18.830398326672707 
 06/05  07:55:00,46.37421453652771,22.414405203322346,23.121234879798653,22.2689508548998,18.0,28.050854077798764,24.234556406003943,24.328100104661075,18.704119465268775,18.976050572279007,18.836346657181707 
 06/05  08:00:00,46.75194671545062,22.480961830494582,23.61343319052496,22.407923293976435,18.0,28.613699679107217,24.195412845392394,24.414598576755623,18.718503250599383,19.060791421676413,18.850403677378495 
 06/05  08:05:00,47.13511925744943,22.56752341213553,24.136920033613663,22.549756901279128,18.0,29.176136443024696,24.162837285996016,24.538523542271946,18.785266460222942,19.205376429325497,18.916845962090918 
 06/05  08:10:00,47.514220619629114,22.667692886748984,24.685989525141046,22.693257232034643,18.0,29.777501148436937,24.23954183164821,24.65294256966962,18.836762952927984,19.344294596063037,18.966433381097886 
 06/05  08:15:00,48.20631856960371,22.832703142242064,25.345001108596797,22.89441727208528,18.0,30.38753162165114,24.255282470628405,24.90234405098454,18.90275668119341,19.523773717697168,19.031751006897252 
 06/05  08:20:00,48.65631708205339,22.965128629176956,25.966388051708588,23.05534771075348,18.0,31.030282568959482,24.279595681102165,24.993711581076468,18.942876121945005,19.672093567618333,19.0683072252952 
 06/05  08:25:00,49.04786351565345,23.094480164235257,26.59285407521374,23.207425614595607,18.0,31.68157615028338,24.298769576171843,25.082964101939297,18.981888538307658,19.827483431994438,19.103641323258785 
 06/05  08:30:00,49.400628741372124,23.224459970323835,27.22933104666647,23.355503491252644,18.0,32.363639119683675,24.31801180956401,25.167416315477567,19.021016129146574,19.990695310222577,19.139238087657475 
 06/05  08:35:00,49.36539922192576,23.312464509763238,27.771794084180357,23.456674114552104,18.0,32.83109220362497,24.337275339155383,25.0856938426013,19.03734202225104,20.116894456690545,19.151992243447467 
 06/05  08:40:00,49.20490891835815,23.3860551834055,28.278282186777105,23.53961028339812,18.0,33.277756071358745,24.351273269685187,24.99944204810555,19.05240611667307,20.241287546919352,19.162730460934768 
 06/05  08:45:00,48.96834193061499,23.45121055244572,28.76013100862295,23.610988690104826,18.0,33.72459327761825,24.364452935408696,24.955544896804838,19.08976550368419,20.3989919454516,19.194541671464208 
 06/05  08:50:00,48.67918957453314,23.510728661796204,29.222442972710883,23.674137247901005,18.0,34.11752852934735,24.481336098433253,24.929227393603128,19.15068027437252,20.569275597477713,19.252320565525338 
 06/05  08:55:00,48.3511199820804,23.56623624272696,29.668132793653864,23.731095163887485,18.0,34.510571344410955,24.59699274624104,24.849577747083117,19.187090353800386,20.71270656728734,19.284839280723645 
 06/05  09:00:00,47.992567629296154,23.618738226284634,30.09896960781457,23.78319192270221,18.0,34.871760798554874,24.651686031764562,24.731437776224993,19.186159818256726,20.816346348394347,19.279650836803455 
 06/05  09:05:00,47.46928653478085,23.646004141371385,30.485638520790875,23.823139181294078,18.0,35.075296207742824,24.633131650994383,24.57423460386974,19.189634720347044,20.919367225378437,19.286036496274164 
 06/05  09:10:00,46.886856866577524,23.66306232128974,30.84656234756644,23.856670904215633,18.0,35.225133476603816,24.62294471882681,24.42267452866207,19.199418497612385,21.023381041822972,19.299834736290506 
 06/05  09:15:00,46.26719712913695,23.673512485364757,31.18590084115265,23.885411967693518,18.0,35.37094128137942,24.612167393820343,24.274572091967002,19.21190199957357,21.125245234851036,19.31662297793423 
 06/05  09:20:00,45.62166023386755,23.679211128816164,31.50583409819734,23.91029938423841,18.0,35.44895764448594,24.60487431789249,24.129820455752338,19.226659122402737,21.22501284072473,19.33590285428727 
 06/05  09:25:00,44.95734711532775,23.681331577701297,31.807786009953823,23.931973791431954,18.0,35.52385461603993,24.6002166841902,23.98711072104885,19.24250075639145,21.321603498572017,19.356543381804613 
 06/05  09:30:00,44.278997459148876,23.680662772496778,32.092759645285845,23.95089850909491,18.0,35.55402903773569,24.597417665137407,23.845680375649977,19.259029965433797,21.414607060060916,19.37709384075322 
 06/05  09:35:00,43.98391767184618,23.663535488565735,32.54119796980526,23.952803119642997,18.0,35.93453307054476,24.596083844954048,23.896577750914503,19.270053900769653,21.59253808768176,19.39127875238637 
 06/05  09:40:00,43.77225136220813,23.642193649370732,33.046648394644734,23.949984071871057,18.0,36.35398644205118,24.59892105935931,23.938591654209233,19.283573325827433,21.775736930698997,19.408303187109368 
 06/05  09:45:00,43.58535492515544,23.619816902919062,33.587475232345824,23.945627787023618,18.0,36.77509963427873,24.60356734684916,23.968567193867102,19.298313437669776,21.962165618787026,19.426695296493108 
 06/05  09:50:00,43.39509190926051,23.59804285978034,34.15287691134181,23.941393832436418,18.0,37.285611351244825,24.609485407593315,23.983755601887424,19.31423901411017,22.151005370356188,19.446337848558755 
 06/05  09:55:00,43.077623117524105,23.671385484979723,34.71011270048199,24.03487834808638,18.0,37.79527320543112,24.616448964147295,23.982571395559262,19.40036288616193,22.371170071347365,19.5396817505881 
 06/05  10:00:00,42.823493482827125,23.682118535574208,35.29998999366443,24.064250835061088,18.0,38.35473660284054,24.73199255165804,24.029995934851172,19.46276092331243,22.61813239221931,19.60776505437832 
 06/05  10:05:00,42.774657438116904,23.77678149454745,36.028895116788746,24.156091480191996,18.0,39.210420056797894,24.84664188580416,24.161716848999333,19.591346645095882,22.937867863935935,19.72875177060496 
 06/05  10:10:00,42.75813520994483,23.899317461639836,36.81175664589559,24.269097137282763,18.0,40.16081601512945,24.857794081355582,24.26120820153085,19.706365887211973,23.23611676996785,19.83396421992245 
 06/05  10:15:00,42.526857615662784,24.103131652097453,37.48021512020857,24.461553710355204,18.0,41.121704017062875,24.841629873961125,24.24964103705372,19.85618567934887,23.45905124838788,19.976986945505985 
 06/05  10:20:00,42.44452839034347,24.290838693618284,38.28604380630564,24.635200676876806,18.0,42.20866448034908,24.826983088576146,24.324805844537536,19.986939374889346,23.7824975622151,20.097381477032513 
 06/05  10:25:00,42.3616033191749,24.481140054486616,39.133642330036636,24.809742113887893,18.0,43.305411251644834,24.819011462741763,24.377194026517373,20.11645620023461,24.10050943699582,20.217709559264335 
 06/05  10:30:00,42.25137916008207,24.6742427740379,40.00593819097798,24.985844657172226,18.0,44.49157656143391,24.81515491646626,24.402744072851533,20.24568412007625,24.420630019007262,20.33820096405975 
 06/05  10:35:00,41.862701398699166,24.886110577355524,40.64393819766497,25.180106892149528,18.0,45.27045321335994,24.814988883754467,24.274973646315516,20.382245640225733,24.600028278398327,20.466518344605788 
 06/05  10:40:00,41.3794308264158,25.10429314321717,41.20328588629508,25.380059979268715,18.0,46.03439576430096,24.815181257123562,24.1315347638523,20.516527205815805,24.78187892179551,20.592667719635756 
 06/05  10:45:00,40.83618469153187,25.325610623546392,41.711713241905365,25.58256939494898,18.0,46.798843120333785,24.816863849403045,23.97436482188823,20.649482971191787,24.95920573182218,20.717675564845194 
 06/05  10:50:00,40.249077808590094,25.548400077600448,42.181834591654344,25.786013497280777,18.0,47.47374502708905,24.81959089900711,23.80471386241777,20.780944879012964,25.13117693916172,20.84137832062993 
 06/05  10:55:00,39.627437884870886,25.771636668997346,42.6209623941572,25.989407919413377,18.0,48.15026728597695,24.823164451868728,23.624376923527734,20.91085068516645,25.297682659544762,20.963728414274442 
 06/05  11:00:00,38.977016497514484,25.994673796973906,43.033642680495355,26.192148544857798,18.0,48.77394862505217,24.827370048137396,23.435805376480857,21.03915307721445,25.458737217738303,21.084699662938192 
 06/05  11:05:00,38.041609557364424,26.119857418290096,43.21864081270405,26.333137251768814,18.0,48.71414900045315,24.832157568382616,23.206566085550435,21.171208446255378,25.580556557134514,21.22778696820552 
 06/05  11:10:00,37.02392415999119,26.209828302411463,43.31795415677658,26.451690435260062,18.0,48.50588882256746,24.953039990958743,22.973958003932353,21.29642697023951,25.67376619925301,21.36427425317231 
 06/05  11:15:00,35.9707485304194,26.279393093814445,43.36139975468001,26.556978207222684,18.0,48.30323648431475,25.004906881285226,22.7268123092897,21.39218627464254,25.72437625779901,21.469626250933516 
 06/05  11:20:00,34.90692072182063,26.33622929952263,43.36431973191233,26.653718191537873,18.0,47.883527214125245,24.998327378356386,22.506327798629627,21.480842320511442,25.769187613428926,21.56699974691071 
 06/05  11:25:00,33.93081700359826,26.38689410739808,43.609791727742,26.746635772288,18.0,47.4783988140711,24.988768481640427,22.36156854109379,21.575103786203726,25.94277950297476,21.669591784510715 
 06/05  11:30:00,32.91038312557171,26.4438472900581,43.656396911911756,26.847305170686464,18.0,46.962102571376676,24.987518391949457,22.217133341094552,21.678753868328783,25.999535681501982,21.78154525979994 
 06/05  11:35:00,31.85326188208943,26.512764978881343,43.329916555581775,26.960939777947818,18.0,45.99258295424547,24.985932931399223,22.111767173020155,21.78903284990122,25.89014583081746,21.900064077420552 
 06/05  11:40:00,30.80635858854569,26.52869801459925,42.99898985168344,27.019344743589684,18.0,44.909443908733635,24.985189509030974,22.04816081914339,21.87497885379662,25.83763089803324,21.991549873517727 
 06/05  11:45:00,29.841524489255857,26.5839185203048,42.513876946391186,27.11751467261592,18.0,43.85720112789766,24.985736085304946,22.049765068174622,21.986888026624058,25.734676219440473,22.111153346131914 
 06/05  11:50:00,28.982669300525014,26.647888864517626,41.957625088070436,27.249848595177756,18.0,42.6883344547737,24.98756513456011,22.101721043410976,22.100052309439604,25.630126198536573,22.233380374069895 
 06/05  11:55:00,28.559704503133414,26.71616163590323,41.35277255846226,27.755224233105828,18.0,41.55426258780056,24.990459406008327,22.213752280914946,22.21417447858505,25.52483890515589,22.425031191866765 
 06/05  12:00:00,28.470973405303205,26.96442353328607,40.73032240613294,28.5068404586931,18.0,40.39292062353792,24.996051710623025,22.415473964046214,22.416014046005444,25.42808336155781,22.736489555308708 
 06/05  12:05:00,28.364502174298053,27.08716285985115,40.1448664410439,29.128585503311882,18.0,39.567978136008385,25.009598776712174,22.415536794811317,22.415900863546653,25.25013923851168,22.855764852749644 
 06/05  12:10:00,28.29212554285157,27.183116978607277,39.55318590925503,29.694617264341336,18.0,38.767393645991376,25.014389914805093,22.439828540773817,22.440033533656788,25.104207445500492,23.014854912838018 
 06/05  12:15:00,28.246864636502632,27.266539101058463,38.9489150320747,30.200862125846584,18.0,37.95761193216869,25.132934143473197,22.449183065372438,22.4492977695337,24.92494330250844,23.148336088374037 
 06/05  12:20:00,28.413981470340087,27.535494632058413,38.13965855076808,30.69628641145455,18.0,37.20687826206351,25.15073890956716,22.520284968363512,22.520213364988535,24.625723022484976,23.267916394330143 
 06/05  12:25:00,28.4772025961354,27.68143270512642,37.46262772249468,31.070441080848664,18.0,36.44892183323262,25.143948909894224,22.516189761607222,22.516011571758554,24.43016939080269,23.338149429572013 
 06/05  12:30:00,28.799812354049195,28.072926705138478,36.67731018215114,31.435500966634894,18.0,35.71315233193847,25.13862174963863,22.63164986981019,22.631389939628207,24.170643647639167,23.422515503089357 
 06/05  12:35:00,28.85329607385188,28.184724541867226,36.2329929136021,31.73806720567776,18.0,35.36610234672591,25.14139618157422,22.597269469209436,22.596849251112985,24.116365419592285,23.47201471107246 
 06/05  12:40:00,28.841646802414616,28.222948766564187,35.88635377146724,32.01212767091056,18.0,35.09460317333148,25.139352105972854,22.559705517587304,22.559211878584506,24.05968699309915,23.521407922740707 
 06/05  12:45:00,28.79795160109176,28.222594473859793,35.59132354785228,32.26661375348223,18.0,34.81944000187089,25.138394566498665,22.522771268209624,22.522215342615254,24.002911124229854,23.570906366871554 
 06/05  12:50:00,28.735214454200836,28.19801265516281,35.32689513926554,32.50618177475433,18.0,34.6528507056239,25.13832045687395,22.486683052996568,22.48608200333649,23.945795291101945,23.619747225281003 
 06/05  12:55:00,28.41771550666501,27.914249648290333,35.20457956425665,32.79748155956018,18.0,34.48385250311022,25.13869739145973,22.342385392774304,22.34182608008797,23.944755205252477,23.696036484020283 
 06/05  13:00:00,28.25980849444748,27.786536934908977,35.00879977900209,33.0628982171983,18.0,34.37365155303221,25.13594666893191,22.306997554829422,22.30648527166477,23.884973472290937,23.753209584274487 
 06/05  13:05:00,28.09735447966439,27.65443345340165,34.76105047713199,33.28337012867331,18.0,34.08761713723529,25.135995649432843,22.279719773847546,22.27922297596831,23.82327488527227,23.806652220248907 
 06/05  13:10:00,27.937389077144683,27.52305574881207,34.49531193110686,33.481788991244194,18.0,33.806750314116556,25.1292165382547,22.254584608017126,22.25412450800718,23.761666035540657,23.856895614366067 
 06/05  13:15:00,27.77911683641358,27.391455838634084,34.21878093159993,33.66286792650252,18.0,33.52755001924162,25.12600075597467,22.26197901647049,22.261589789730692,23.7472855346208,23.9451099723442 
 06/05  13:20:00,27.621866716579156,27.259019666804253,33.93468250280085,33.82884718258152,18.0,33.223446910680885,25.236173071673594,22.254617980269927,22.254340120860775,23.69134319372847,23.99933369363663 
 06/05  13:25:00,27.4652579415492,27.12547684139979,33.644781576124835,33.98107465697697,18.0,32.92124872311307,25.237494111587996,22.220263682779887,22.220061031091745,23.615903235236146,24.02592457744231 
 06/05  13:30:00,27.309067024249636,26.990729741828854,33.35010723086895,34.120426250033574,18.0,32.6088981241035,25.219454801139598,22.18917349702093,22.189065209402656,23.542777208031225,24.04670458490216 
 06/05  13:35:00,27.204383110690415,26.906020514020543,33.45491903722482,34.828482658239714,18.0,32.90925205623037,25.20347544908568,22.18406391870826,22.18403556664532,23.671349100542557,24.37255018740359 
 06/05  13:40:00,27.025289401285374,26.74551597360206,33.86933881974047,36.13433724424365,18.0,33.29787023044682,25.19860124511202,22.145003835647856,22.145214370010308,23.884513955783518,24.88157574754439 
 06/05  13:45:00,26.919632027887292,26.657183211679854,34.1940139573016,37.352887330423044,18.0,33.67054278211907,25.202803571586816,22.147630502029642,22.148109108737344,23.99554813050952,25.236685388416902 
 06/05  13:50:00,26.829300183871624,26.583044323440962,34.501554695539284,38.634600927575626,18.0,34.18101367321252,25.206957338594613,22.149840044503208,22.150664848160716,24.09045200149592,25.6003156187046 
 06/05  13:55:00,26.685699641800426,26.454553599537537,34.852500382260814,40.168177298573255,18.0,34.67313225313987,25.214476065182986,22.126902574476162,22.128249737375313,24.19990565767648,26.055287982437676 
 06/05  14:00:00,26.58616989185836,26.36913896956462,35.13444315724602,41.654439360024604,18.0,35.218887718627784,25.225382412175563,22.12850235281917,22.130310456737902,24.266802973846893,26.441024753169813 
 06/05  14:05:00,26.491459147930602,26.28655009495738,35.38152772098332,43.203387373093676,18.0,35.83108679747394,25.237474553709262,22.05521212607124,22.057688213327594,24.245074718821115,26.774397179618177 
 06/05  14:10:00,26.393546920153106,26.199676541324575,35.58461360619032,44.802457279858224,18.0,36.47712970140195,25.143583722014196,21.98578635552758,21.988881789207767,24.211746712411014,27.121033355932354 
 06/05  14:15:00,26.386259736713434,26.202615458933902,35.75628005963122,46.33537975482302,18.0,37.111190364708904,25.117071415456227,21.972229280181637,21.975915241540235,24.18044332116915,27.436403418528812 
 06/05  14:20:00,26.301511263601093,26.127397196076213,35.875006246043505,48.00737377332009,18.0,37.766393748251026,25.09612521142291,21.944830526776855,21.94924784157604,24.16904981254993,27.86427818848557 
 06/05  14:25:00,26.28377156346988,26.118578816395665,35.90290027333434,49.454862089401736,18.0,38.408213672971854,25.192950457153433,21.93481916469841,21.94009450190856,24.10596935349986,28.1523026388586 
 06/05  14:30:00,26.19894412952764,26.042129353339355,35.919672663748074,51.16153059717789,18.0,39.04830729308055,25.221663343430993,21.866142385680178,21.872059209354006,24.011983401998577,28.54485466142637 
 06/05  14:35:00,26.123684384913354,25.97474462897187,35.68709686393275,52.20959986456724,18.0,39.18832158718056,25.19159843088018,21.804549505407977,21.810659301376006,23.810898113783878,28.598260314231084 
 06/05  14:40:00,26.04720567109983,25.905693190555663,35.362455021987536,53.07022818727281,18.0,39.24243225580505,25.162034272088896,21.74449262000485,21.75070789398302,23.60854975327635,28.65847512712304 
 06/05  14:45:00,25.968816068462957,25.83431930299355,34.97906118435235,53.821432043297555,18.0,39.29550887645185,25.135953612245576,21.68565224286033,21.691888617738982,23.405716873556685,28.71988229363393 
 06/05  14:50:00,25.888474026106838,25.7606128229129,34.553004137211865,54.498464284181736,18.0,39.209587553803715,25.11387550426824,21.627655181450677,21.633825029479,23.202534370855346,28.78170991128968 
 06/05  14:55:00,25.80617163781531,25.684593356719333,34.093854330560795,55.12141296449263,18.0,39.1222484729378,25.095029528945556,21.569873318452153,21.575884792071406,22.99891561293282,28.843062081514745 
 06/05  15:00:00,25.721891574572375,25.606267969616574,33.60765780337207,55.7024350913516,18.0,38.95424752524737,25.078226539197864,21.51193993882373,21.51770050205812,22.7951855909605,28.903320004559305 
 06/05  15:05:00,25.638622308186484,25.52941200191427,33.0868601583948,56.1592433121801,18.0,38.639733627131626,25.063217379176297,21.505851595296576,21.511254654487175,22.642744968549664,28.970354807314834 
 06/05  15:10:00,25.55589471754119,25.452991995649704,32.54609661777998,56.55868678830902,18.0,38.255959611272885,25.046527829300118,21.504084682679604,21.509009417472384,22.498518107934615,29.036022139601187 
 06/05  15:15:00,25.47378117071269,25.376965837660997,31.99045647127408,56.91503126876416,18.0,37.87652617516624,25.03274363649867,21.504859567867584,21.50923801707006,22.36075745748667,29.099551143031704 
 06/05  15:20:00,25.39235969231033,25.301366688485988,31.42310989699979,57.2358771699488,18.0,37.43421569985661,25.020253860521198,21.506939627545137,21.51071872191062,22.229834668754847,29.160213544034946 
 06/05  15:25:00,25.311686833317808,25.226232557375763,30.846290099578056,57.52601928747073,18.0,36.997020260473676,25.008926691833064,21.539679614348813,21.542765921238356,22.140666801481245,29.26515913360356 
 06/05  15:30:00,25.231802077446154,25.151598211547196,30.261653666943875,57.788664818016706,18.0,36.52885648623906,25.112624486041483,21.577475432075403,21.580054292689738,22.068475237194775,29.36982986314183 
 06/05  15:35:00,25.1471018209672,25.071862364960946,29.662853498739114,57.99914817385554,18.0,36.05221120589079,25.20205095086121,21.586507874256824,21.5884039892606,21.96641280293784,29.401608189955255 
 06/05  15:40:00,25.061395016587277,24.99084117149663,29.056600286415073,58.17793289500965,18.0,35.560503584236685,25.185537760254505,21.577514325064726,21.578654170509367,21.857553466885633,29.409834936298978 
 06/05  15:45:00,24.975532170158473,24.90939552063827,28.445048810654242,58.3294846705711,18.0,35.07480809021796,25.149381996550666,21.568807550462907,21.56937813875527,21.76603204202752,29.422053984263243 
 06/05  15:50:00,24.889927519287127,24.82795102580662,27.829583785022276,58.456317234581064,18.0,34.583395976553795,25.118371174299945,21.56385354509314,21.56398429444141,21.69515319034724,29.43668755751446 
 06/05  15:55:00,24.804833767480417,24.746772157467756,27.211250881113603,58.5601295667112,18.0,34.09814140154251,25.09165138739511,21.559097990085434,21.558987837842665,21.645093774868883,29.450620205063387 
 06/05  16:00:00,24.61143785441327,24.557048094437725,26.47586257243745,58.94946004703313,18.0,33.61530996493862,25.06989402819335,21.51286283237357,21.512670028309117,21.56424468472312,29.598567435255916 
 06/05  16:05:00,24.407121969650465,24.562471319516927,25.94829660763678,59.008280160892845,18.0,33.040222018078836,25.049538085375115,21.38336126007198,21.39851377566015,21.43168640304691,29.481778927597134 
 06/05  16:10:00,24.191131330078676,24.667715123523116,25.531343409691754,58.984626678848784,18.0,32.455203967695795,25.03281187751149,21.243624960748036,21.29328793877869,21.293047087473155,29.35101921596157 
 06/05  16:15:00,23.967308208163146,24.814098515476783,25.16500660739878,58.90985156895556,18.0,31.875797597630278,25.01741026480244,21.10241451774607,21.203849945978163,21.153737662070057,29.214431697963164 
 06/05  16:20:00,23.738333232130586,24.98278220115077,24.829990201140134,58.79706029878296,18.0,31.280602691495965,25.003296963807987,20.96109966282779,21.129745327131445,21.01472877745266,29.073301351980263 
 06/05  16:25:00,23.50595645700651,25.163631470020842,24.515838372638104,58.65358223108173,18.0,30.691323606529124,24.990214523986413,20.819844757368116,21.06929754662326,20.876098418628317,28.927852714346727 
 06/05  16:30:00,23.271343635966264,25.350461318004818,24.2161278451803,58.48385619139724,18.0,30.09978536801286,24.977924866970742,20.67861261777182,21.020654621522,20.737778939578106,28.778179200842374 
 06/05  16:35:00,23.022663455227462,25.5121897076691,23.9131254839301,58.12381213210197,18.0,29.462915735144307,24.966310661140714,20.548005246050593,20.995376702557394,20.61171414569276,28.585637930455277 
 06/05  16:40:00,22.769577568959026,25.66104569159188,23.613529062891192,57.69526660656893,18.0,28.82582831314198,25.067089775470244,20.436449654280295,20.982981889515486,20.507456699449108,28.401841521607594 
 06/05  16:45:00,22.514478927330245,25.798007737389845,23.317614044258736,57.21983888968894,18.0,28.198279865636913,25.151772326974026,20.294503029509656,20.955467519142587,20.368528858879984,28.163067258184583 
 06/05  16:50:00,22.258595925736042,25.923032564061312,23.02512556232605,56.70810612640359,18.0,27.571854936873137,25.131622172414772,20.126625764611447,20.910483243694728,20.211706005339636,27.90513433295439 
 06/05  16:55:00,22.002694183768693,26.035926577621655,22.73577490639067,56.16644536091766,18.0,26.9550048511918,25.09034157955963,19.970077249798692,20.867099842212497,20.057245924123436,27.64827792252612 
 06/05  17:00:00,21.747282547087323,26.136488585570103,22.44930853059789,55.599012251665954,18.0,26.348733465529786,25.054034661253272,19.826515224340028,20.826719193009012,19.906800858151428,27.392985878692002 
 06/05  17:05:00,21.52821018902602,26.323090414303213,22.19242862437168,55.25064936347631,18.0,25.89356371835039,25.02123824812237,19.68355157258901,20.81539047594208,19.76135657866996,27.228108053549647 
 06/05  17:10:00,21.319155479586946,26.535379905897162,21.945551952129275,54.946800230785556,18.0,25.46218430325688,24.964141498505683,19.545844847490685,20.81449848795785,19.62282444797478,27.07070214319873 
 06/05  17:15:00,21.11469516463657,26.76213899541883,21.704197874751202,54.65906715499343,18.0,25.026351524678386,24.927274915250223,19.412592626053822,20.82019401957325,19.489488103475992,26.911031183462683 
 06/05  17:20:00,20.912392719286366,26.998529649380067,21.466179880991366,54.37482111459076,18.0,24.62311228838607,24.89356324543338,19.28087682856949,20.82830872209138,19.357812762914932,26.74968898276893 
 06/05  17:25:00,20.71085072159086,27.24181678233395,21.230167141916986,54.08713004368051,18.0,24.216260380993177,24.862473221239807,19.150567546756804,20.83776430380385,19.22762330383216,26.586765808832467 
 06/05  17:30:00,20.509193775910983,27.490302050769795,20.995285658071435,53.79198580942706,18.0,23.822784542258287,24.833352232134278,19.0216141299735,20.847685367727365,19.09880183345456,26.422191135249193 
 06/05  17:35:00,20.298155886189452,27.66473148826178,20.751753526143123,53.211463761761145,18.0,23.374132418314403,24.805637010540657,18.889331597543674,20.828939382148974,18.96542956669981,26.130073236096848 
 06/05  17:40:00,20.08371729646149,27.808556270999013,20.505819186516444,52.53749958256859,18.0,22.924178484801672,24.775790221947688,18.757191682708253,20.79816151975473,18.83197806907623,25.838289491267687 
 06/05  17:45:00,19.866989590085815,27.928600969278357,20.25872604474876,51.80175269225304,18.0,22.474474266910075,24.74577660145428,18.65632485162166,20.77738979660893,18.732046335489486,25.584686670304563 
 06/05  17:50:00,19.649126683037135,28.031610953682755,20.01175200508637,51.03198059463984,18.0,22.014968833372787,24.826374905181073,18.570236964766195,20.767432797601487,18.647367860502243,25.33711721529437 
 06/05  17:55:00,19.359604954165107,28.111028615550158,19.69162905542667,50.35784453773075,18.0,21.555487400353947,24.888451423376026,18.44604080504928,20.73913690849338,18.520330746824584,25.1423740926366 
 06/05  18:00:00,19.1146246646654,28.17704175869952,19.418705283536703,49.55915462046196,18.0,21.09069723671397,24.93806143284413,18.30761457511278,20.66871455761924,18.378377224251153,24.813528551684158 
 06/05  18:05:00,18.846020194174145,28.109644734407286,19.128162357287426,48.548729359978374,18.0,20.557346304908062,24.872275178314865,18.1182721166183,20.497553111804677,18.186888125818655,24.382415996587497 
 06/05  18:10:00,18.57107498550817,27.981162111489976,18.833730033801753,47.4595544377536,18.0,20.017571921215648,24.80279102677956,17.931603661346514,20.31460655200101,17.998708149084052,23.952495828486633 
 06/05  18:15:00,18.293128666940532,27.80621224736744,18.53792736678371,46.31935087844961,18.0,19.487505235889806,24.72863955446043,17.74985567975739,20.1238651128578,17.81538569268207,23.525764964492396 
 06/05  18:20:00,18.013739826729793,27.591603659747687,18.24191950877449,45.14254277648185,18.0,18.95043704411714,24.660687318429318,17.573701580213196,19.926767455540016,17.637543760897188,23.10225903042965 
 06/05  18:25:00,17.73387247310516,27.34136860581181,17.946436583958043,43.938312941851265,18.0,18.42328596928238,24.596960586099186,17.401731990600865,19.722187866307138,17.463630793985203,22.680335528922114 
 06/05  18:30:00,17.454164170813396,27.058081139398713,17.651965964428857,42.71301224337988,18.0,17.903648019905013,24.536967590145526,17.233721675448805,19.510010896887593,17.293380273991716,22.25945303949584 
 06/05  18:35:00,17.16333881031843,26.663610133260672,17.346755195048058,41.30655541193526,18.0,17.373125962948635,24.47779967704942,17.0609870688686,19.239794198850518,17.11720932418575,21.761283556447154 
 06/05  18:40:00,16.869509340620006,26.208700232943436,17.038975613347258,39.83873019272926,18.0,16.857442790271193,24.418563382510445,16.891340139060844,18.967963222738376,16.943875477263475,21.26501383916417 
 06/05  18:45:00,16.574727912175042,25.705579452301833,16.730694232234207,38.33713482344167,18.0,16.35525331510452,24.360958320872687,16.726422776005336,18.68835868606311,16.774912645360587,20.771675154608715 
 06/05  18:50:00,16.28006191705538,25.050867107419766,16.422984290589078,36.595605140562036,18.0,15.8731520470851,24.304821107093595,16.567405627623202,18.34738532284655,16.611359879702377,20.17381549639083 
 06/05  18:55:00,15.986193618320852,24.2581447760848,16.116525838542504,34.665558616912975,18.0,15.406474827141594,24.24598391024661,16.433894485741916,17.964680601678708,16.451063933964576,19.525680357106012 
 06/05  19:00:00,15.69359754195555,23.37279029394851,15.811782090660273,32.64953400482573,18.0,14.971366520676595,24.18642256225616,16.327943832429355,17.594526479522756,16.31937436645086,18.904917691982007 
 06/05  19:05:00,15.438855642008136,22.458172102106392,15.5441090259422,30.632250939041658,18.0,14.582258178229417,24.228739121572293,16.270849757890346,17.303092658435105,16.247528408219296,18.349211919298284 
 06/05  19:10:00,15.198887692976397,21.489292111928886,15.291686874977474,28.599380362200698,18.0,14.229475201393821,24.251593239260504,16.18582906133213,16.995636157960462,16.156734218262272,17.8040792875712 
 06/05  19:15:00,14.968780869361119,20.475167758380923,15.049932502391565,26.57638900451806,18.0,13.886824986254394,24.262085209279174,16.07475381655172,16.67928616881619,16.047946617506113,17.276886780408518 
 06/05  19:20:00,14.573332266299714,17.974404506431625,14.639343016695273,22.292426622174826,18.0,13.439084831183486,24.261535928033542,15.618667933088659,15.623286895695628,15.638406397151584,15.639717711608625 
 06/05  19:25:00,14.334399483227864,16.860176060251447,14.38850083610262,20.35212567392801,18.0,13.19163772880964,24.21397438042007,15.540080851320681,15.542658005232738,15.560155580966125,15.557693991310998 
 06/05  19:30:00,14.140082026600945,16.111138794443615,14.184579685681594,19.04014163493185,18.0,12.948499213655653,24.203787889350984,15.470737727466826,15.472551944581596,15.491075716805085,15.487308139795914 
 06/05  19:35:00,13.970109159128437,15.554701249573569,14.006815403119214,18.06879520036673,18.0,12.70346676992148,24.190478721698746,15.399459425831026,15.401040374234412,15.419748755258183,15.415653035280059 
 06/05  19:40:00,13.815855450265012,15.120040188766499,13.846248765028964,17.31675431052828,18.0,12.500236015325005,24.17622648684209,15.327563043831105,15.329021844899444,15.347647451384887,15.34340122133392 
 06/05  19:45:00,13.672293578453033,14.766904627593192,13.69759541487992,16.71393601075123,18.0,12.29561515855564,24.160831966503405,15.255267967469308,15.256639090428962,15.27500302322153,15.27065346118593 
 06/05  19:50:00,13.536228091422744,14.470283209506242,13.55746002421734,16.216243123806215,18.0,12.114560180185261,24.144385026829767,15.182720344909058,15.184023509971553,15.20196919260411,15.197539627040669 
 06/05  19:55:00,13.40554257313158,14.214239590822677,13.423570388613056,15.79469832772661,18.0,11.932405464271405,24.126933499880536,15.110006746279623,15.111257570818339,15.128636645713868,15.124144855827694 
 06/05  20:00:00,13.278794405281337,13.987262771944138,13.294361369681639,15.429638591441945,18.0,11.764354673068498,24.108601414351806,15.037230739801316,15.038443227598918,15.055113246898657,15.050574473086726 
 06/05  20:05:00,13.159081305025188,13.78627893206431,13.172644356796676,15.110833671506429,18.0,11.601451669793699,24.08938232691029,14.970589916093388,14.971775929562341,14.987719308651549,14.98314896733018 
 06/05  20:10:00,13.043168176330422,13.603553371340595,13.055243404372977,14.826453736413042,18.0,11.44844063253256,24.069480832663103,14.904368692172511,14.90553849605169,14.920619673495253,14.91603169578184 
 06/05  20:15:00,12.929943454545574,13.434679089536191,12.941007920865156,14.568908061498622,18.0,11.294651426602938,24.048826393281242,14.838219394491432,14.839383571444614,14.853483660297684,14.84888903420972 
 06/05  20:20:00,12.818733062038945,13.276560712038316,12.829219151180581,14.332689215255689,18.0,11.148178817584302,24.02753630497985,14.772162849292044,14.77333116240436,14.786335853212677,14.781744019712733 
 06/05  20:25:00,12.709072887198491,13.12692898336591,12.719371181857296,14.113680849111663,18.0,11.000998839151135,24.005578918083707,14.706181300207163,14.707362205119125,14.719158632542246,14.714578029190989 
 06/05  20:30:00,12.600630449386905,12.984086429192034,12.611093804294637,13.908751699702348,18.0,10.858250041850944,23.98305924436786,14.640333738713366,14.64153501030762,14.652012703769174,14.647450199393347 
 06/05  20:35:00,12.493161543602836,12.846742973416074,12.50410916900384,13.715485779152889,18.0,10.714830728325625,23.95995047127204,14.574609115966041,14.575837324278382,14.584886969624847,14.580348499860122 
 06/05  20:40:00,12.386483030507353,12.713904263886729,12.398204256200245,13.532003041561488,18.0,10.57401153661747,23.936345995589097,14.509059736536528,14.510320820118181,14.517835053294846,14.513325175008731 
 06/05  20:45:00,12.280454938162746,12.584793967364655,12.29321256604428,13.35687925429977,18.0,10.432536443478382,23.91222690638066,14.443676794018529,14.444975631408624,14.450848326954883,14.44637080807729 
 06/05  20:50:00,12.174968347102935,12.458798717484976,12.189001586923744,13.188835258487043,18.0,10.29242720969963,23.88767409816532,14.378505128915265,14.379846051459708,14.383972781180319,14.379530255425664 
 06/05  20:55:00,12.0699370154138,12.335428505670146,12.085464030655897,13.02702287146942,18.0,10.151661355035738,23.862677076259203,14.313539273322817,14.314925732076517,14.317203460141684,14.312797937532537 
 06/05  21:00:00,11.965291492244946,12.214287788432811,11.982511593019133,12.870633504388158,18.0,10.011386528525867,23.83730374547725,14.24881679340865,14.25025179056422,14.25057910118096,14.246211709929923 
 06/05  21:05:00,11.880603128789385,12.114217149686928,11.898980190438744,12.736640146333869,18.0,9.898366710400074,23.81155152903761,14.213089491803089,14.214571190860795,14.2138269083066,14.209505989593254 
 06/05  21:10:00,11.804059105566047,12.023527928856957,11.823489847592977,12.61409799058171,18.0,9.79161647836465,23.785834465416215,14.178971476806396,14.180494133654236,14.178706370999748,14.174440221517955 
 06/05  21:15:00,11.732758894004851,11.939218612949059,11.753231344617435,12.499988423548842,18.0,9.684424372095203,23.759985681251898,14.145150511566044,14.146716118143615,14.143878332193253,14.139665644763795 
 06/05  21:20:00,11.665206399863893,11.859680521401305,11.686747748720501,12.392598815714583,18.0,9.587198644865934,23.73403644164837,14.111437875103775,14.113047334685803,14.109146997577227,14.104986768585036 
 06/05  21:25:00,11.600444960312975,11.783852285463318,11.623102858410977,12.290746246317607,18.0,9.489591747935275,23.707993923653767,14.077796901107035,14.079450678230842,14.074474653342577,14.0703656915166 
 06/05  21:30:00,11.53782276266306,11.71098809869678,11.561655561090827,12.193561981550888,18.0,9.398250808324768,23.681866641532036,14.04422058238589,14.04591886649257,14.039854249103144,14.035795132715634 
 06/05  21:35:00,11.476879651753919,11.640544575351496,11.50195078689918,12.100384596112836,18.0,9.306567975653156,23.655668544785733,14.010710354092453,14.012453132108249,14.005287346787327,14.00127645057023 
 06/05  21:40:00,11.417281758768853,11.572114593414023,11.443656414713455,12.010696360842324,18.0,9.218978234780566,23.62939974700613,13.977261736522905,13.97904877706037,13.970769634581757,13.96680522785482 
 06/05  21:45:00,11.358781147353916,11.505385890982618,11.386524244556965,11.924082649744708,18.0,9.131070912515998,23.603080275149278,13.943882224700701,13.945713195286316,13.936308785510732,13.932388986264073 
 06/05  21:50:00,11.301189876373705,11.440114046973202,11.330364858152505,11.840204890533945,18.0,9.04585859519277,23.576704380954233,13.91056531350273,13.912439694806494,13.901898508033469,13.898021425576701 
 06/05  21:55:00,11.24436281274847,11.376104277015381,11.275030921945218,11.758781933446114,18.0,8.960343567769357,23.55029639917083,13.877322045732114,13.879239288776375,13.867550031514156,13.86371365980267 
 06/05  22:00:00,11.188185956109152,11.313198843203145,11.22040581703477,11.679576865386696,18.0,8.87658516923327,23.52384591787135,13.844143914341316,13.846103302750521,13.833255116188411,13.829457508077667 
 06/05  22:05:00,11.152658423124139,11.27092417337433,11.184946234115499,11.619742716512892,18.0,8.832513633140056,23.49738029367447,13.83059352382088,13.832587228822888,13.82077039663892,13.81703019408576 
 06/05  22:10:00,11.125982889879031,11.237758380758509,11.15767914286419,11.569067179249092,18.0,8.799259273122576,23.47115359005951,13.818028343250887,13.820046281775717,13.809273092069759,13.805592230766194 
 06/05  22:15:00,11.105194510345179,11.210783140181416,11.135851592599707,11.524919418084508,18.0,8.766196176532997,23.445082167604586,13.806035013280052,13.8080753691915,13.798378708440623,13.79475236657305 
 06/05  22:20:00,11.088720974213485,11.18843751066762,11.118008464937569,11.485868393188365,18.0,8.749584549254442,23.41913195654507,13.79435306663379,13.796414030922904,13.787798474132842,13.784223473434508 
 06/05  22:25:00,11.075532146230799,11.169689850382296,11.103199472570026,11.450951749734429,18.0,8.73305992059747,23.393332201944467,13.78289988097606,13.784980021573915,13.777437237234551,13.77391078863252 
 06/05  22:30:00,11.064910299966325,11.153814373524,11.09076441139079,11.41947874886687,18.0,8.727566987186622,23.367648782739426,13.771608761315406,13.773707507751055,13.767224599451197,13.763744185798146 
 06/05  22:35:00,11.056338099445997,11.140282209417611,11.080228570627584,11.390934326566036,18.0,8.722095451463767,23.342109320501148,13.760479741990594,13.762596225593995,13.75715799282733,13.753720983705193 
 06/05  22:40:00,11.049432891818727,11.128697427614416,11.071241528524356,11.364922785990405,18.0,8.724291455565591,23.31668235189956,13.749480196181139,13.75161344521996,13.747202449972974,13.74380814828612 
 06/05  22:45:00,11.043905450246847,11.118756794441737,11.063538823781455,11.341132370479327,18.0,8.726462912406957,23.291394923157416,13.738623591638088,13.74077283976169,13.737371941207812,13.734018694211215 
 06/05  22:50:00,11.03953299170262,11.110223389116916,11.0569169562352,11.3193120134012,18.0,8.734045848384786,23.26620797132304,13.727883653606739,13.730048008424774,13.727640112708286,13.724326516312203 
 06/05  22:55:00,11.036140985106943,11.102908763547907,11.051216582513133,11.299255585284522,18.0,8.74157197714147,23.24115727625155,13.717279388680424,13.719458188045849,13.7180259683999,13.714750529976186 
 06/05  23:00:00,11.033590580395568,11.096660574831027,11.046310942947825,11.280790939213336,18.0,8.752953964327597,23.21620368853919,13.706786129008094,13.708978600664523,13.708504785082255,13.705266266820331 
 06/05  23:05:00,11.025619454173516,11.085404827101508,11.037854768633498,11.260050852843333,18.0,8.739421939775015,23.19138426970558,13.70158644384486,13.703803946009089,13.702686561192877,13.699471811231433 
 06/05  23:10:00,11.015781769355588,11.072540659177937,11.028274232223136,11.239049843610095,18.0,8.723103652153588,23.166724534981604,13.697124387651286,13.699366418807472,13.697407213773658,13.694214992456978 
 06/05  23:15:00,11.004884451095139,11.058827401902349,11.018107968577876,11.218193582232471,18.0,8.706673671322942,23.142212269723373,13.692939244438321,13.695206490189321,13.692343969229114,13.689172611282743 
 06/05  23:20:00,10.993316556060845,11.044625094549936,11.00760966341872,11.197651442944908,18.0,8.683131600459264,23.117814081608362,13.688865284920098,13.691156335805545,13.687374064938126,13.68422247795479 
 06/05  23:25:00,10.981313144015107,11.030147678231954,10.996929031533432,11.177509804279063,18.0,8.659431368149473,23.093562640134156,13.684868677104987,13.687182896007243,13.682480571791984,13.6793477221579 
 06/05  23:30:00,10.969024884737715,11.015529460783112,10.986159271746365,11.157811341614748,18.0,8.631200781445946,23.069416767135635,13.680902556315402,13.68323907721333,13.677623544443918,13.674508706744462 
 06/05  23:35:00,10.956550909335483,11.000856382154181,10.975359354662986,11.138573164848255,18.0,8.602780969821955,23.045416288318254,13.676982206570187,13.679340351399446,13.672820877279037,13.669723204047727 
 06/05  23:40:00,10.943957427212785,10.98618369509198,10.964566598299616,11.119796910471104,18.0,8.571232116118166,23.021519624091372,13.673078761395573,13.675457668310287,13.668045073740132,13.664963967264214 
 06/05  23:45:00,10.931289000896337,10.97154665132039,10.953804247410543,11.101474734832864,18.0,8.53947132186179,22.997767186771807,13.669215663709394,13.671614697939162,13.663319794368135,13.660254505270757 
 06/05  23:50:00,10.918575647694977,10.956967215187271,10.943086220480408,11.083593003739313,18.0,8.5054146855049,22.974117366397156,13.665366598473724,13.667784951171825,13.658619320688103,13.65556934395488 
 06/05  23:55:00,10.905837444521904,10.942458401322144,10.932420167139037,11.066134619945773,18.0,8.471128419564549,22.950610761656502,13.661556746052497,13.663993845849689,13.653968568127311,13.650933244231737 
 06/05  24:00:00,10.893087583598042,10.928027138908883,10.921809480912755,11.037869237817072,18.0,8.435053183408282,22.927205768412023,13.65775988911912,13.660214989198266,13.649341914832007,13.655908440269059 
 06/06  00:05:00,10.87795922258566,10.9113573654818,10.909838002147998,11.013489202340624,18.0,8.386607380736724,22.9039709253853,13.658491590043184,13.660971448181158,13.648413229708467,13.657508107549859 
 06/06  00:10:00,10.861801134575975,10.893754245818464,10.897279389765654,10.989725331078091,18.0,8.333405064912279,22.88087765476117,13.65975933860193,13.662262356856104,13.647978518125058,13.659129114578661 
 06/06  00:15:00,10.84493181988868,10.875521909823556,10.884306102659199,10.966189544230582,18.0,8.279466621751892,22.857938152165392,13.66129843152072,13.663824898030157,13.647800289146232,13.660820836622804 
 06/06  00:20:00,10.827511004592257,10.856810876949165,10.870998544242,10.942772526639594,18.0,8.218642380580878,22.835118933620315,13.662976766827455,13.66552644743524,13.647766707067944,13.662570070820834 
 06/06  00:25:00,10.809638731402504,10.83771424633291,10.857402505264242,10.919419293839049,18.0,8.156976645462164,22.812452981056666,13.664777202804544,13.66734995009682,13.647868875254233,13.664408657627405 
 06/06  00:30:00,10.791381854265898,10.818293328782785,10.84354431614228,10.89609587051941,18.0,8.089550390216285,22.789898526256053,13.666654914798414,13.669250329432543,13.648068534133074,13.666311024933009 
 06/06  00:35:00,10.772786801584061,10.798589965458532,10.829438059877738,10.872779141061205,18.0,8.021190120084606,22.767492580576064,13.668629959624809,13.671247863701296,13.648388424242512,13.668304906769436 
 06/06  00:40:00,10.753886995780096,10.778633677403965,10.815089707734952,10.849452425724609,18.0,7.94757118344342,22.745194905214905,13.67067129118243,13.673311292426888,13.648802803757519,13.670362334610275 
 06/06  00:45:00,10.734707496939413,10.758446134083863,10.800499655809444,10.826103340500074,18.0,7.872934618347865,22.72304075806897,13.672803934886247,13.675465873051735,13.64933906894214,13.672509577790265 
 06/06  00:50:00,10.71526805882844,10.738044090939214,10.78566434370087,10.802722745543498,18.0,7.793215590927247,22.70099189301436,13.674998938357817,13.677682442202013,13.649974453126447,13.674718198976734 
 06/06  00:55:00,10.695585232435496,10.717441410076066,10.770577318172583,10.779304257739902,18.0,7.712402660738755,22.679081459448007,13.677281105567431,13.679986029581983,13.650736875064126,13.677013225610779 
 06/06  01:00:00,10.675673881206281,10.696650515926278,10.755229949110488,10.755844076044918,18.0,7.626483112888893,22.657273380010523,13.67962167739762,13.682347664104896,13.65160522433473,13.679366006405758 
 06/06  01:05:00,10.683545501525508,10.670310486211552,10.731554873245617,10.726715769339839,18.0,7.578512032845857,22.63559820412741,13.612796441319063,13.644747954679815,13.614271658196913,13.641783270122232 
 06/06  01:10:00,10.668590568681484,10.641565884924006,10.704309992240473,10.695221630778681,18.0,7.536218916393226,22.61341033811422,13.570482167793102,13.602979458702407,13.572972936322287,13.600023856432585 
 06/06  01:15:00,10.64676265411494,10.611214088998084,10.67469303120843,10.662195108628005,18.0,7.493860226233549,22.591187324590194,13.528385553277644,13.560576408671238,13.53107117920058,13.55763190537624 
 06/06  01:20:00,10.620912775595496,10.579682393560756,10.643340675017301,10.628079746611254,18.0,7.4645652337120705,22.568867428801017,13.486266183588214,13.517956509189617,13.488980623293514,13.515023101347936 
 06/06  01:25:00,10.592282286638525,10.547252234001553,10.610670085379503,10.593165403665816,18.0,7.435103623059211,22.546462243633975,13.44407410095289,13.475211438071312,13.446791670966036,13.472288720989184 
 06/06  01:30:00,10.56162603747319,10.514119887353798,10.576971302398675,10.557652311610417,18.0,7.41433439203971,22.52395855013148,13.401798915457562,13.432352838550855,13.404515485863271,13.429440484277507 
 06/06  01:35:00,10.529446048198428,10.480426347835646,10.54245247781347,10.521682619188605,18.0,7.39335138918396,22.50139108373295,13.359462909122385,13.3894076888256,13.362177878554576,13.386505267506209 
 06/06  01:40:00,10.49609020383686,10.44627505106305,10.507266530053633,10.485359106538477,18.0,7.378270901631586,22.478749847563353,13.317061728628005,13.346372468183972,13.319774944346705,13.34347966974758 
 06/06  01:45:00,10.461806525606502,10.411743140179798,10.471527964027777,10.448757077954827,18.0,7.36294399045068,22.456059741598352,13.274611497809929,13.303264386133094,13.277322987502146,13.300380832489282 
 06/06  01:50:00,10.426775859178584,10.376888928713306,10.4353239286432,10.411932236093604,18.0,7.351590680116794,22.433312871378757,13.232108191717202,13.260079714650885,13.234817935554815,13.257205119617993 
 06/06  01:55:00,10.391132574790076,10.341756997065128,10.39872171037069,10.374926055440095,18.0,7.339969316415677,22.41052900407036,13.189563977266744,13.216831440809756,13.192272036712893,13.213965464166677 
 06/06  02:00:00,10.354978154848652,10.306381758145578,10.361773936158231,10.337769537911512,18.0,7.330954795620718,22.387700696776403,13.146974562791058,13.173515525603534,13.149680948670664,13.170657903894153 
 06/06  02:05:00,10.301840263630774,10.253661445341818,10.307981563692229,10.283415135416977,18.0,7.292002809952192,22.36484428745154,13.080096626516308,13.107050976625032,13.082807112220962,13.10419328546476 
 06/06  02:10:00,10.241553796830486,10.193661413090286,10.247144914750965,10.221883244303251,18.0,7.247822454397752,22.341666843231337,13.012027733658101,13.039513874674299,13.014749190117868,13.036649157266424 
 06/06  02:15:00,10.176587926860845,10.128897074043945,10.181711027107017,10.155675481629512,18.0,7.203640952279051,22.318310888514485,12.943688941805988,12.971720799921059,12.946420628342139,12.968849554766734 
 06/06  02:20:00,10.108245536980913,10.060695285905332,10.112966384562846,10.086109935459099,18.0,7.148964124908212,22.294777659947947,12.875229952587688,12.903807291911221,12.877971805154857,12.900929392449711 
 06/06  02:25:00,10.037374461145912,9.989920633715942,10.04174632772469,10.014044533837389,18.0,7.094290384698297,22.271082366736476,12.806686781351061,12.835807259088881,12.809438831846535,12.83292250197212 
 06/06  02:30:00,9.94420445097207,9.91717160504884,9.968627238673465,9.940072379546093,18.0,7.032638707661406,22.24723543546996,12.763874977939281,12.767732582266206,12.740833799341203,12.764840772620687 
 06/06  02:35:00,9.861551349197358,9.84287619222952,9.894020125711707,9.884825520750212,18.0,6.970986506004942,22.223311656527688,12.696618077830294,12.6996299444815,12.672202408355759,12.670522494445322 
 06/06  02:40:00,9.780693932414616,9.767347954416675,9.818225373172021,9.81639402250889,18.0,6.904481161234357,22.19914708279018,12.628543825558268,12.63139633792332,12.60344397567286,12.600796930279785 
 06/06  02:45:00,9.700432556115933,9.690821218220917,9.741467019730617,9.744027291281585,18.0,6.837972889953886,22.174909937495777,12.560307135938217,12.563145510202673,12.5346695978115,12.531831752167363 
 06/06  02:50:00,9.62038455459153,9.613474104221732,9.663915112840163,9.669327093116499,18.0,6.768012159157329,22.150557397098122,12.491995636034972,12.494842082945354,12.4658447704619,12.46297191972991 
 06/06  02:55:00,9.540364012476893,9.535444055624454,9.585700736965643,9.592982216349228,18.0,6.698046810862711,22.126098766634833,12.42363498311181,12.426492982613922,12.3969762007506,12.394092385378485 
 06/06  03:00:00,9.460271215104774,9.45683856917295,9.506926366465947,9.515414985630358,18.0,6.6255822407824665,22.10153788884289,12.3552300387189,12.358100111178942,12.328065735850032,12.325174537953217 
 06/06  03:05:00,9.422169673874114,9.419865223702836,9.469545624725182,9.478765745956178,18.0,6.616815037586445,22.076881778576556,12.357290590274374,12.360167763791992,12.330757377879763,12.327863297536055 
 06/06  03:10:00,9.401616116769988,9.400169697753242,9.449144857553781,9.458766448237624,18.0,6.621518254550602,22.053023920555074,12.362413307742372,12.365273412079091,12.33673205195862,12.333857784646625 
 06/06  03:15:00,9.392463108799774,9.391671731177594,9.439661171891236,9.449450330750757,18.0,6.626173157853181,22.02949581903802,12.368909344497183,12.371755571169956,12.344176626553349,12.341318923533947 
 06/06  03:20:00,9.391450882879168,9.391160683898963,9.437917546887178,9.447707618158795,18.0,6.6546827134300885,22.006263539046635,12.375997924322519,12.378831091655684,12.352268767279668,12.349426383098944 
 06/06  03:25:00,9.39644692913476,9.396540304934579,9.44185461962459,9.451526920669965,18.0,6.682987442134854,21.98332716863286,12.38337452637927,12.3861950544715,12.360684703461345,12.357856896239582 
 06/06  03:30:00,9.405970918367013,9.406357329399327,9.450054557008507,9.459525096658366,18.0,6.726908826828735,21.96063777839121,12.390883977491058,12.393691967965367,12.36926217516725,12.366448555488887 
 06/06  03:35:00,9.418962437119347,9.41957175411431,9.461509504847646,9.470719647732567,18.0,6.77053054504816,21.938199523507034,12.398480360957024,12.401275993193849,12.377951394190404,12.37515152570279 
 06/06  03:40:00,9.434644111729789,9.435421739677645,9.475485962043592,9.484395760494607,18.0,6.824600744414889,21.915967011156503,12.406114980017833,12.408898273757927,12.386702859746379,12.383916477760522 
 06/06  03:45:00,9.45243523182755,9.45333849601588,9.49143973247755,9.500023098234958,18.0,6.878307139248446,21.89394825985171,12.413786680213377,12.41655777729602,12.395514221704843,12.392740961381719 
 06/06  03:50:00,9.471894982103054,9.472890421858557,9.508960384352568,9.51720155089749,18.0,6.938962502635012,21.872104033524057,12.421468504667871,12.42422740812151,12.40435863005473,12.401598275516506 
 06/06  03:55:00,9.492683999030787,9.493745322210248,9.527733873872545,9.535624777622916,18.0,6.999211966130927,21.850444989166107,12.429167970085643,12.431914793441194,12.413242914623993,12.41049515914176 
 06/06  04:00:00,9.514537709845447,9.515644233616236,9.547516782634492,9.555055106967005,18.0,7.063983929632976,21.828937838519753,12.436865138952271,12.43959986605671,12.422147270285507,12.419411947108586 
 06/06  04:05:00,9.519357902840568,9.52049724872543,9.551940863931,9.559146284307154,18.0,7.07710967265979,21.807595075779144,12.431641880569032,12.434379667647363,12.416198740722677,12.413464610704295 
 06/06  04:10:00,9.517582368302845,9.518743416864607,9.550462931115643,9.557345871808435,18.0,7.081608925234267,21.786185320119877,12.424922679369388,12.427669659622268,12.408448764437594,12.405709217702679 
 06/06  04:15:00,9.511698696076392,9.512872483313679,9.54533185217603,9.551901913729118,18.0,7.086119798872417,21.764881570180016,12.417675945864858,12.420432066706383,12.400094064258724,12.397349194409514 
 06/06  04:20:00,9.502959672160683,9.504139068426277,9.537677087438544,9.543943911753143,18.0,7.0732922452374325,21.743660199958637,12.41019521721563,12.41296034464483,12.39148896615336,12.388738899541295 
 06/06  04:25:00,12.394181248233775,11.29602346455358,9.76037495077777,9.766352412381497,18.0,7.3280128290598485,21.72253526274258,13.914002501909295,13.394380323377732,12.682436650854015,12.728648419553338 
 06/06  04:30:00,13.996238975007959,12.23555148625286,9.874375576198053,9.868628132275813,18.0,7.414904053396639,21.74764408922106,14.10086533874852,13.494652485834933,12.69714328305156,12.768004116220368 
 06/06  04:35:00,15.961896112331274,13.361406127938086,9.982276036898929,9.97194272673997,18.0,7.539978457214168,21.742716040158815,14.598163624860035,13.810408977452198,12.751576416688408,12.828894776983248 
 06/06  04:40:00,18.09360434027524,14.523069734553994,10.089137946623326,10.07616979001588,18.0,7.685929159738702,21.745892902113884,15.152032145306293,14.115714020293638,12.794636359632534,12.864284460294812 
 06/06  04:45:00,20.51054614382382,15.802524815896822,10.236728411749034,10.222724466874316,18.0,7.85106368112984,21.751854031429797,15.81542186513434,14.471692968011894,12.845445803479038,12.891804095870157 
 06/06  04:50:00,22.967805064296495,17.037506518976624,10.367915482831144,10.353740811479598,18.0,8.061017987889977,21.76385344058182,16.4451480598143,14.77783916474499,12.868193675683642,12.894146109100916 
 06/06  04:55:00,25.317211130113293,18.160002207186256,10.499243220665575,10.485662429361978,18.0,8.29088042602275,21.776907748435324,16.987917937504392,15.028925687161973,12.893142956729093,12.914793101383566 
 06/06  05:00:00,27.461214035404637,19.127077693391602,10.63380340009386,10.621522243039566,18.0,8.577070661263614,21.791504272806694,17.428207175865282,15.221693813384832,12.92125282067343,12.939663713138884 
 06/06  05:05:00,29.550848652248217,20.031043274461844,10.819530800920761,10.808418788804245,18.0,8.943098121294865,21.80632796592802,17.941635296700497,15.47295311838161,13.033079863527632,13.045119870993403 
 06/06  05:10:00,31.600583454527733,20.871773412897586,11.029555108684704,11.019966573348158,18.0,9.384146794312718,21.824600918132695,18.45686546519596,15.715133022208988,13.151098912953103,13.157045912194349 
 06/06  05:15:00,33.619137070323184,21.65311157687543,11.257332249564929,11.249653429062102,18.0,9.841310015677477,21.845966258061505,18.97152615124031,15.945499034179306,13.27233089780259,13.272788100362561 
 06/06  05:20:00,35.61062523102475,22.377586113479293,11.49947583265888,11.494067342480967,18.0,10.38441871970089,21.869053648158893,19.48392428839543,16.161868592912413,13.395363922244655,13.39087998921866 
 06/06  05:25:00,37.57660581911237,23.04681848983683,11.753793797085457,11.750972106393911,18.0,10.94209512804982,21.892587089011727,19.99332292009467,16.36302162085849,13.519727852652295,13.510747383658781 
 06/06  05:30:00,39.6973636630537,23.661932380747974,12.018768461207063,12.018794783131707,18.0,11.575967432351266,21.91732181153383,20.631317046164668,16.548520731554618,13.645676334616724,13.632734115671155 
 06/06  05:35:00,41.36518126076633,24.107751406918105,12.284442476116586,12.285259852321584,18.0,12.172465013149884,21.943575939536597,20.97420433354131,16.647999138439218,13.765308650432075,13.722230613921283 
 06/06  05:40:00,42.88592246586753,24.467244749015716,12.553945602609225,12.555750282938906,18.0,12.814851898298773,21.96707148334339,21.325258692556076,16.735509456645104,13.8849173477156,13.840627731239579 
 06/06  05:45:00,44.312158068372135,24.760577884094392,12.827275171695936,12.829972226687747,18.0,13.490388023313885,21.990789304018836,21.673635385028376,16.81064688961601,14.005871488199375,13.961667157386842 
 06/06  05:50:00,45.66891680630699,24.9985557367572,13.104270795507075,13.107750867195273,18.0,14.199229216254388,22.014614427336998,22.01887733412235,16.873089042781658,14.127921111909473,14.084377236217733 
 06/06  05:55:00,46.818019091356355,25.199106181178333,13.470154405431717,13.47430430787662,18.0,14.915921204439815,22.03864438580284,22.28411922397379,16.9288483247808,14.294841882454534,14.252400568156872 
 06/06  06:00:00,48.03438393506445,25.356226484242526,13.791064382382318,13.795766655598351,18.0,15.673513792749834,22.063492654513936,22.62836750286806,16.970061985241102,14.420140964391123,14.379136016032987 
 06/06  06:05:00,49.40244388604537,25.570143145710947,14.14699030011421,14.15214787750664,18.0,16.518173310782167,22.088359492053353,23.12788725493681,17.11268722099942,14.63314940776354,14.593587681339159 
 06/06  06:10:00,50.800157927837724,25.781139001230798,14.518562677892897,14.524064927755928,18.0,17.429804681778744,22.114844846769376,23.61827932361365,17.24526330195772,14.850973536486379,14.813190781280923 
 06/06  06:15:00,52.2045013393601,25.97703054365009,14.901821264198261,14.90755527933409,18.0,18.358425027527478,22.142142919603252,24.106345245378577,17.365239269709605,15.070376968397909,15.034647496432854 
 06/06  06:20:00,53.603653545001144,26.15190548404862,15.29480387109717,15.300658136968726,18.0,19.372116063734943,22.17018617503811,24.591561680936707,17.472586839352743,15.29082075614508,15.257390188781585 
 06/06  06:25:00,54.990197129601036,26.302144351375265,15.696217660564903,15.702084822113916,18.0,20.401943948623426,22.199046364350902,25.073559397940357,17.568128416334048,15.512278297128432,15.481355057222856 
 06/06  06:30:00,56.35908818965379,26.4253709726299,16.1051437939228,16.110922835666816,18.0,21.512231163179774,22.22860591714103,25.551838038471942,17.652903012838294,15.734685063296752,15.706439171026545 
 06/06  06:35:00,57.247856074223336,26.41684458859773,16.501409953608047,16.50700837469537,18.0,22.495489966218393,22.258969981075122,25.789813936856035,17.6769596223387,15.946414324605371,15.921599979448501 
 06/06  06:40:00,57.98479623342121,26.352107104166766,16.8944265710967,16.89976117773268,18.0,23.51279655873255,22.284908602843675,26.03892832201865,17.700833536135974,16.156405719832208,16.134917283918412 
 06/06  06:45:00,58.62410158620637,26.248548793569817,17.285939041059496,17.29093612386866,18.0,24.533497135057594,22.31043795406671,26.283877735561248,17.727011560654034,16.366521170434794,16.348222154441032 
 06/06  06:50:00,59.192773488996814,26.115178311995418,17.676659604927636,17.68125524855443,18.0,25.552478578780512,22.33565177414421,26.523795925228683,17.75706969137559,16.576646807083705,16.561367837537375 
 06/06  06:55:00,59.706715302021806,25.957662813356343,18.06696257411867,18.07110274317066,18.0,26.57464988442442,22.36069550077569,26.75830688687313,17.792854014985892,16.78679546498455,16.774334239854056 
 06/06  07:00:00,60.17575108705951,25.77977212810736,18.457049061249766,18.460689580399222,18.0,27.60171052902122,22.3856411493587,26.98712825736203,17.836324116029914,16.996956238722532,16.987082712784172 
 06/06  07:05:00,60.6331499569084,25.627582516318014,18.895681069509443,18.89878643471489,18.0,28.66297190731322,22.410607298256956,27.30094730961241,17.98559108058612,17.31556947035972,17.308047858383475 
 06/06  07:10:00,61.06462183221071,25.476521304240354,19.353471558398066,19.356016412002024,18.0,29.736042231802013,22.436726116156247,27.59839655279086,18.160089570474724,17.628355367263453,17.62290851938883 
 06/06  07:15:00,61.47018207508636,25.322269088321317,19.823234559035193,19.825203839735718,18.0,30.807858290845083,22.463515176704064,27.890283280523647,18.331590868330522,17.941175727399354,17.937491147351977 
 06/06  07:20:00,61.850405133650064,25.162991371272113,20.301167557745813,20.30255599001031,18.0,31.896332571976824,22.490990157870108,28.17626570744403,18.538354837157954,18.254163952122667,18.251911512249194 
 06/06  07:25:00,62.205873186292045,24.99767920002822,20.784781629830928,20.785593128065468,18.0,32.98274292779855,22.51917661933452,28.45622717722938,18.745975169470057,18.567315942081564,18.5661501338642 
 06/06  07:30:00,62.53709356417522,24.720181485281802,21.333790036711342,21.27258963171448,18.0,34.07956626025701,22.548048113118774,28.73004745799784,18.939414881897846,18.926419248864136,18.880167882796172 
 06/06  07:35:00,62.87717910536565,24.556744942491093,21.90391372013305,21.813711430940064,18.0,35.212284915803174,22.57770622911374,29.015314171212196,19.244226007595557,19.26875541685166,19.223086258484557 
 06/06  07:40:00,63.19976389065562,24.50673268330241,22.57508411971497,22.375834806572357,18.0,36.35662632756086,22.610531652547746,29.292206391573075,19.563710559066635,19.612712763918296,19.56542353814973 
 06/06  07:45:00,63.50086309134998,24.704473670310716,23.4942924651704,22.95026499482271,18.0,37.496323046417906,22.644575816289183,29.561699916805196,19.906175631965482,19.997516048579996,19.907400922275826 
 06/06  07:50:00,63.77868576946518,25.009233548112157,24.520257096683093,23.53219920057739,18.0,38.649810254781116,22.68046677078313,29.824014656646966,20.24831666272314,20.409686305996956,20.249332488889877 
 06/06  07:55:00,64.03236223986654,25.382565526309957,25.61152259492749,24.11843346813372,18.0,39.79795947298507,22.717824455356343,30.0793473265295,20.591194243594032,20.845536268800174,20.59181384571093 
 06/06  08:00:00,64.02243123412511,25.66267304053824,26.621171965480595,24.64556922988719,18.0,40.95048042057367,22.75633346927524,30.151689582682366,20.85075795278817,21.22194000897491,20.893493198342355 
 06/06  08:05:00,64.09748353500531,26.02166694142317,27.695513115993617,25.175165077965243,18.0,42.02413989228915,22.79112518094298,30.316057571733836,21.132647996319406,21.627159711466106,21.1736612109965 
 06/06  08:10:00,64.5632617958713,26.408857345062952,28.786060299017095,25.611348073161086,18.0,43.080090229571965,22.82939391148352,30.745157690464225,21.41092725664896,22.041832553034226,21.409427291798693 
 06/06  08:15:00,64.71635167760454,26.813527577659265,29.88102410668628,26.09040050089727,18.0,44.13051439474651,22.86987182863213,30.883436580625357,21.687916467171817,22.464745011730884,21.686006355465338 
 06/06  08:20:00,64.8017073014011,27.229939018994337,30.97367080884733,26.574349549144095,18.0,45.14350182961302,22.911117851158266,31.034014083711895,21.963069713842174,22.893075897778544,21.960511732706777 
 06/06  08:25:00,64.84136302204699,27.65417268244908,32.0593816470845,27.057933772042613,18.0,46.15243831044021,22.95361684620736,31.179775608404896,22.236845737259046,23.325363912964463,22.23374310463214 
 06/06  08:30:00,64.8447114417264,28.083400840102147,33.13487700017895,27.539228770608876,18.0,47.12931347254896,22.997056152508264,31.321191901895475,22.509129284371,23.759785356230054,22.50556174967562 
 06/06  08:35:00,64.85244324743407,28.4645632124337,34.16369430108912,27.96608075577923,18.0,48.1088245171609,23.04154457558132,31.477335146561813,22.75093437434799,24.171700508292247,22.746898462916533 
 06/06  08:40:00,64.84108051755759,28.829211431711617,35.17042011058663,28.370962813072012,18.0,49.06424691884396,23.084829815264737,31.62796796717913,22.992622897887145,24.587009278632877,22.988195647600378 
 06/06  08:45:00,64.80814062072422,29.184106128422595,36.160214520432696,28.761487051017497,18.0,50.01828415100012,23.128721013859515,31.77471425351564,23.23400969425785,25.004019211407922,23.229291694471556 
 06/06  08:50:00,64.7525448820068,29.532521818707536,37.13554427209224,29.14162896041904,18.0,50.953637457539266,23.173096008355564,31.917623473179276,23.474998681425063,25.421674002422662,23.470096719304934 
 06/06  08:55:00,64.6736819254212,29.87643268057095,38.0978148955462,29.513940741143408,18.0,51.88709099532142,23.21808075266491,32.05688844199267,23.715656500609327,25.839176441194013,23.71068053468059 
 06/06  09:00:00,64.39685287967663,30.349937087442413,39.09190290170288,30.013202718161025,18.0,52.80418745279398,23.263549617925786,32.10139500831497,24.031100076378607,26.28037640758305,24.02622579197532 
 06/06  09:05:00,64.1237336309796,30.664668817683875,39.955391570573504,30.351783142485303,18.0,53.580937763552086,23.311711169862903,32.10072046055774,24.143878358630616,26.561082402585328,24.139206482200507 
 06/06  09:10:00,63.81840788322372,30.929850699620978,40.76803036960369,30.638634204255585,18.0,54.31659973730332,23.357023215834726,32.096046556514125,24.260389816276813,26.842004792792693,24.255954803772624 
 06/06  09:15:00,63.48187310605947,31.165480202245213,41.5448557722865,30.89399108925408,18.0,55.049119772575,23.402263747473295,32.09232630560308,24.376756960278954,27.119410279310387,24.372669113362463 
 06/06  09:20:00,63.11551174385018,31.38083052165434,42.29323639212708,31.1273485895974,18.0,55.713479596088334,23.44729200583146,32.079261758878715,24.492798978370274,27.39297789183297,24.48915977429874 
 06/06  09:25:00,62.720326503559996,31.58159852093002,43.017681277848894,31.344600369731914,18.0,56.376885775969384,23.492215376996562,32.061005603833166,24.608583039568998,27.66245170002776,24.60548490468591 
 06/06  09:30:00,62.29703212573122,31.771544691836503,43.72109287972964,31.54967902777478,18.0,56.98877240579265,23.53699046846439,32.03722494460396,24.724089924625503,27.92754352615941,24.721617476044855 
 06/06  09:35:00,61.75412543582106,31.89575146647606,44.33130918938047,31.687768101151214,18.0,57.5012166550006,23.58168453185663,31.958916022690403,24.807724355328105,28.144425806231993,24.80593535260141 
 06/06  09:40:00,61.15871326146919,31.992706232108265,44.89797159269258,31.79747647837297,18.0,57.95743368374581,23.622813820226042,31.875424409614993,24.890453512671,28.36026766956809,24.889397905242845 
 06/06  09:45:00,60.52253928434974,32.07221283774475,45.43177143970979,31.88874281508322,18.0,58.41250949712588,23.66313979501774,31.784792783958835,24.97335116854657,28.57110919757531,24.97308058014903 
 06/06  09:50:00,59.85176662908422,32.139630165686995,45.93830950735041,31.967037555273052,18.0,58.80029088343999,23.702715490602813,31.6860750500457,25.056414142318147,28.776702397674512,25.05696659861769 
 06/06  09:55:00,59.15025770867157,32.19846559586557,46.42109592067976,32.03596272391674,18.0,59.18783011347518,23.741593225384992,31.57825171910963,25.1396558587997,28.976978197822575,25.14105386780625 
 06/06  10:00:00,58.165267108441206,32.330094884499744,46.74962719114188,32.27585496332623,18.0,59.52518028482019,23.77983985944906,31.327703751707645,25.265449089745232,29.102239573022757,25.277700424112254 
 06/06  10:05:00,57.426783101238414,32.45757901810196,47.21391100042846,32.350428154893166,18.0,59.9700635269397,23.81479732802543,31.28857946645428,25.407886065899163,29.365182225209708,25.411545351929817 
 06/06  10:10:00,56.722039949304005,32.58820488951794,47.69990465341978,32.4750445961265,18.0,60.39455401809464,23.85258326675398,31.233019433983202,25.552712982307753,29.62350936120987,25.556835495337225 
 06/06  10:15:00,56.02457102401873,32.720974366498034,48.19098438231765,32.60811693720883,18.0,60.81673886649862,23.890283810175323,31.16315423762029,25.697157779789563,29.877246254534498,25.701985407876293 
 06/06  10:20:00,55.32294634753868,32.85489986238803,48.67989277380223,32.74450348563105,18.0,61.246061379073396,23.92792484838178,31.077498455182536,25.841879383569562,30.126152102965534,25.847405417723508 
 06/06  10:25:00,54.61068970926665,32.989317540908125,49.162396431809455,32.88243754881109,18.0,61.670821077982616,23.965493507787883,30.975036560540673,25.986764644834977,30.370201717511293,25.99291658820698 
 06/06  10:30:00,53.883866863248535,33.123789549441625,49.63583327783181,33.02095799972378,18.0,62.0939325256149,24.0029473700282,30.854996579294607,26.131745007749487,30.609383705507753,26.138427896991516 
 06/06  10:35:00,53.164051025305646,33.3771388010674,50.11918900504988,33.27864368727517,18.0,62.47419615605759,24.040279268448916,30.721488948845092,26.340820693907744,30.845740319158665,26.34785826487621 
 06/06  10:40:00,52.43403558912661,33.66405702502956,50.583638022744196,33.570026927346134,18.0,62.83756621369171,24.082885089002204,30.57475543806754,26.54549844371786,31.07071440928621,26.552780060245993 
 06/06  10:45:00,51.8704785360307,33.92331425424369,51.2444408052169,33.833737856657436,18.0,63.194389100269866,24.12594284407841,30.510851846530784,26.72343703735112,31.399786361245503,26.730803839061537 
 06/06  10:50:00,51.19332952409192,34.24561901231858,51.76759022248426,34.16043020937612,18.0,63.52227576077545,24.17343957786184,30.352855295583254,26.937132136419905,31.622345716120435,26.9444564131353 
 06/06  10:55:00,50.48870171096391,34.58801802772253,52.246434190730504,34.50711802350573,18.0,63.84504206610384,24.219559235420864,30.189851898610527,27.14805105702743,31.837468825258725,27.15524249748057 
 06/06  11:00:00,49.76666842104764,34.940288750560484,52.68951949232324,34.86354513332686,18.0,64.14044405422032,24.2661523876705,30.02399304369669,27.356820024077876,32.04355380865377,27.363769572537535 
 06/06  11:05:00,48.91889897142039,35.23227883081925,52.9751041998072,35.15979291437615,18.0,64.20021068806906,24.313162627308678,29.77622924608113,27.503068324837557,32.138993211504726,27.509655556950634 
 06/06  11:10:00,48.07235598297488,35.434473280384054,53.340389982310384,35.36611087662605,18.0,64.19345049800697,24.35949925228499,29.563472006368556,27.608967251188346,32.302387712447796,27.615084226628255 
 06/06  11:15:00,47.17145206968373,35.666700382070815,53.56969173562023,35.60229633070016,18.0,64.18092059861688,24.406869705080844,29.34189848184178,27.749507018455233,32.38950341764951,27.755117361401858 
 06/06  11:20:00,46.24957441366197,35.89778777951823,53.740695299450536,35.837170007800744,18.0,64.06089327503966,24.45366956322626,29.14148377587719,27.88799951612839,32.47072751541225,27.893117856763297 
 06/06  11:25:00,45.31693595767193,36.12490465496612,53.86638198012745,36.06789100613748,18.0,63.94005112891919,24.50049178522017,28.967770697119306,28.024837836166,32.54516613555245,28.029478275559654 
 06/06  11:30:00,44.3804062725516,36.34772955926566,53.95345201228071,36.29413577158013,18.0,63.74273976978671,24.547372942954237,28.82639402276868,28.16024188027984,32.61329134542382,28.164448374527467 
 06/06  11:35:00,43.35327794907252,36.45946046910048,53.978842541448515,36.40908684731543,18.0,63.53635061240505,24.594379508717534,28.66537443607399,28.238796720786922,32.6701257485621,28.242622061445218 
 06/06  11:40:00,42.293479688489654,36.53113249823577,53.968983836473384,36.48378100721473,18.0,63.27420169945884,24.63631903388823,28.546086628414855,28.316520255820365,32.72251481435296,28.32002251873655 
 06/06  11:45:00,41.21425266921806,36.579229219088084,53.93098422576866,36.53471784793994,18.0,63.01146002313349,24.677447549834312,28.47834560245269,28.394756521119405,32.77147770017939,28.398057765193585 
 06/06  11:50:00,40.14980201243272,36.61217254818977,53.868999775395594,36.59745865341405,18.0,62.706421088522454,24.718148592660203,28.472808868830782,28.47361675756872,32.817187420190635,28.477264226726447 
 06/06  11:55:00,39.5470989916423,36.6351925585488,53.78582936677574,37.12289457696287,18.0,62.400847907154194,24.75851320684715,28.552488930634695,28.55324972336041,32.85992538755556,28.645726978246557 
 06/06  12:00:00,39.108081733622235,36.65169549260752,53.68346406210851,37.81029611095077,18.0,62.064539642666695,24.800946193060636,28.634099360231744,28.634104309743975,32.900202149854294,28.867960438556906 
 06/06  12:05:00,38.774656546484636,36.67062559164136,53.5668598966308,38.596768331722444,18.0,61.709183056478864,24.843760192556957,28.729194543932863,28.728029571092634,32.94925400504076,29.146182380756215 
 06/06  12:10:00,38.511952509595254,36.68952112822857,53.43506040996315,39.442639714398716,18.0,61.32916507839374,24.887216320760885,28.82653801354826,28.82383789367941,32.99664523442999,29.461341493268378 
 06/06  12:15:00,38.29982612826281,36.70852805828312,53.28863506374927,40.32455854586479,18.0,60.94996347479349,24.93124728044518,28.925397980428954,28.920854681564265,33.042026660762986,29.80132925515261 
 06/06  12:20:00,38.12517545458676,36.72787658860156,53.12819298215445,41.227117729938044,18.0,60.5500434917858,24.975878004063798,29.02555671199974,29.0189048212211,33.085358319460966,30.16004545580978 
 06/06  12:25:00,37.97908811777495,36.74771257905637,52.95430062059253,42.13976837214316,18.0,60.15144677079782,25.021034101045977,29.126823142213823,29.117833116827,33.12659970751179,30.531027450895692 
 06/06  12:30:00,37.85530132722797,36.768097093856866,52.76747796131631,43.05511438629345,18.0,59.73979902514872,25.06673034728728,29.229072418055353,29.21754582921767,33.165754928698675,30.908717124439477 
 06/06  12:35:00,37.76463698350091,36.80458231256296,52.54283628562558,43.9599600040217,18.0,59.2773520452938,25.112874929856172,29.339565463248277,29.32552655246866,33.18297910071135,31.28568675157794 
 06/06  12:40:00,37.69423937784508,36.84761687030992,52.2998254230266,44.851492236480404,18.0,58.79993021008451,25.160038779669065,29.451011578845225,29.434348699798306,33.20215174294958,31.657347971188074 
 06/06  12:45:00,37.63955856686838,36.89509614925863,52.042859791101336,45.72679115667867,18.0,58.32608735681111,25.207657041194413,29.56320946016831,29.54383763572571,33.221189247077064,32.020575539068204 
 06/06  12:50:00,37.59767946815869,36.94596153989365,51.774412623311434,46.58375365746723,18.0,57.83515661546685,25.25573869135206,29.67609654417447,29.65394255746969,33.23952754274109,32.373098258776736 
 06/06  12:55:00,37.566496116152386,36.999537399152246,51.49619118490479,47.42090880788586,18.0,57.348561127691106,25.304169681713827,29.789569297301682,29.76456432024969,33.25693086220872,32.71324579767003 
 06/06  13:00:00,37.54442201159077,37.05535613171523,51.20947523107967,47.920253906506574,18.0,56.855628831145346,25.35296439143808,29.90359122413679,29.875669851629766,33.27336355881903,32.95778427714407 
 06/06  13:05:00,37.66055707959456,37.0940897720081,50.961541837773176,48.61232966799907,18.0,56.51967188917701,25.401783855231997,29.924533340249468,29.91950157074234,33.252492921187354,33.210032692918446 
 06/06  13:10:00,37.689779693538554,37.127155578190255,50.7184187240525,49.328477369363476,18.0,56.202345528965814,25.4501557419862,29.963010343256315,29.959378254281546,33.21977203252925,33.450297734186734 
 06/06  13:15:00,37.702111394999996,37.15686686580799,50.47361065359157,50.046652196302325,18.0,55.88161406887688,25.498319922968996,30.001694614355188,29.99854139907569,33.182576674218694,33.67818211042368 
 06/06  13:20:00,37.707399832835236,37.18427440276087,50.224155737981796,50.75858801225821,18.0,55.59923281587495,25.54629302013697,30.040244835195153,30.037468604122978,33.14200631816516,33.89379569630495 
 06/06  13:25:00,37.7091309368185,37.20997942037728,49.968416374569614,51.45977509479724,18.0,55.31318256461021,25.59393801091625,30.078533492310044,30.076158974385294,33.098191532768055,34.09750000716042 
 06/06  13:30:00,37.70908110930963,37.23434595872685,49.70546321173331,52.14751423271232,18.0,55.04564375874166,25.64136124403296,30.116600500385573,30.11466285944482,33.05123210149924,34.28994162696705 
 06/06  13:35:00,37.692450182203636,37.24180311852989,49.489302547904614,52.909432775147486,18.0,54.88669252802814,25.68841481693652,30.146972644723064,30.14550227476991,33.02944246820687,34.5184818521559 
 06/06  13:40:00,37.66861272774605,37.24131403374232,49.277992508746145,53.69010517217505,18.0,54.752259320794735,25.735412617662977,30.176667078817786,30.175707764868207,33.00237219720299,34.740702919780574 
 06/06  13:45:00,37.63957619356363,37.23468521403194,49.062470357099414,54.478721919440744,18.0,54.61199039730087,25.78207425295529,30.205372986734233,30.20495414915979,32.969459085618496,34.956716841579464 
 06/06  13:50:00,37.60623393939292,37.22271767302373,48.838145104792325,55.269938274765025,18.0,54.50279698065602,25.828525855694945,30.233144966114992,30.23328467994793,32.930594002961584,35.1670751121768 
 06/06  13:55:00,37.56905197558499,37.20584854896449,48.60216216847554,56.06041198569176,18.0,54.38746975677934,25.874589972731478,30.202328974705836,30.203027455947904,32.823181012103305,35.30657215909508 
 06/06  14:00:00,37.52826563480074,37.184321090156665,48.35261720130269,56.84787176752425,18.0,54.28414356776209,25.805067689884698,30.165151135009182,30.166339664823113,32.708711379652925,35.44303788781224 
 06/06  14:05:00,37.574035036497065,37.24925447820807,48.01796285029535,57.39849987075875,18.0,54.016916593828256,25.765350501173202,30.203472727829705,30.205171212332175,32.598113665102005,35.5081124962353 
 06/06  14:10:00,37.54474209505388,37.23836225189991,47.66044203835034,58.006148540895694,18.0,53.72731384673831,25.71526637913231,30.20063849673852,30.202811326701067,32.496963540931006,35.636880432220664 
 06/06  14:15:00,37.49481378361322,37.205900600167126,47.280832552675776,58.604011104269425,18.0,53.43644859015403,25.67019429666553,30.20362992755321,30.206266399167134,32.39842715109404,35.76890295319561 
 06/06  14:20:00,37.43289783108615,37.16051730799048,46.88198151948942,59.187496966208556,18.0,53.100175016636996,25.63401127959013,30.205125140292353,30.20814283266924,32.30138006454041,35.903377454371025 
 06/06  14:25:00,37.36245030149342,37.10569054070221,46.4658010361871,59.75570612941463,18.0,52.763649934600814,25.6053064721494,30.213680259726175,30.217049972032328,32.20412842808253,36.038793371906706 
 06/06  14:30:00,37.28538836952214,37.043372673766434,46.03355774490891,60.30824504374637,18.0,52.40046357534495,25.58295954585344,30.226046439650588,30.229711781533638,32.10584527706408,36.174402715826204 
 06/06  14:35:00,37.246084332188,37.018001617555214,45.55320798038509,60.64303130244868,18.0,51.901231100946966,25.56608757240281,30.258676811086843,30.26241447777045,31.994088598528435,36.218977352104275 
 06/06  14:40:00,37.219607740342475,37.00469976177048,45.05786162709794,60.8961391285865,18.0,51.37040972069163,25.552995349232436,30.303275461464125,30.306986492101146,31.88605462211268,36.25985922486183 
 06/06  14:45:00,37.20104881138915,36.998588676677215,44.55598090880213,61.09189376987762,18.0,50.8478203329413,25.54314568691162,30.341507821872256,30.345098472163954,31.782499975803375,36.29784784021581 
 06/06  14:50:00,37.071234180629865,36.88047733109356,44.00206298787367,61.39022590356202,18.0,50.289420782869,25.535874602644448,30.326340250975647,30.329761205673435,31.66127181509671,36.39624492974872 
 06/06  14:55:00,37.01991157693427,36.840179990596866,43.47918192674739,61.55472326162612,18.0,49.73998735220513,25.528719439343373,30.41112786762062,30.414305893876872,31.611451913458723,36.484192095882804 
 06/06  15:00:00,36.77838656201846,36.818989480185465,42.96509744441471,61.66952387019736,18.0,49.17982473212868,25.64158926500958,30.573483473330157,30.504078603396977,31.570264104033754,36.56798739713645 
 06/06  15:05:00,36.70591394813274,36.82142038172133,42.513020795787185,62.95062145329149,18.0,48.775818371801336,25.73582760770326,30.642304397858936,30.569296636112767,31.514826742232344,36.99444838848257 
 06/06  15:10:00,36.67611968275664,36.834935155663224,42.08055407389673,63.47613876334161,18.0,48.3907605008948,25.816258816191883,30.699611334114365,30.627289226965615,31.456362611699774,37.09132717849434 
 06/06  15:15:00,36.668497515351824,36.855659771608615,41.65897838378877,63.85856173740992,18.0,48.00550689663637,25.881922334256338,30.751657190365904,30.68037126627803,31.39766540213884,37.17647272915502 
 06/06  15:20:00,36.67487770365716,36.88151911596597,41.244461543888825,64.1629562342954,18.0,47.65835663862831,25.951170851488172,30.80150901746299,30.731207065197907,31.341975675491426,37.25297396417358 
 06/06  15:25:00,36.690767718026606,36.91125100525352,40.835014437572795,64.41249227676842,18.0,47.31136118114737,26.02082294945882,30.849328583535396,30.779864617046826,31.290283561126216,37.321395950240685 
 06/06  15:30:00,36.71347613206486,36.94405544741925,40.42963029926001,64.61913644104136,18.0,46.985713286871906,26.088237868398775,30.895221324526403,30.826459667748168,31.243641552534427,37.38179176157968 
 06/06  15:35:00,36.690152095877565,36.926370114050926,39.99424602065006,64.95336167214833,18.0,46.70808562873109,26.15235179491261,30.86457869146318,30.791243938286584,31.12955172310012,37.43980492912078 
 06/06  15:40:00,36.65145424970411,36.89026092382565,39.54293496808025,65.30805255621873,18.0,46.44677083045873,26.114666320031155,30.828129905556807,30.750420417887995,31.017767337287864,37.49695343831468 
 06/06  15:45:00,36.60320327475109,36.842317522824196,39.07744803595833,65.6668129980577,18.0,46.181034841669586,26.07135227711521,30.80160285511232,30.720450708619296,30.925088456396566,37.564507056299874 
 06/06  15:50:00,36.54789063906126,36.785558441359136,38.59824182004624,66.0223775049236,18.0,45.929605856477956,26.025437509787874,30.7815735422256,30.697566734665315,30.84962221241642,37.63719870432112 
 06/06  15:55:00,36.48688911866447,36.721734328023054,38.105437416267335,66.37063683909867,18.0,45.67387943968458,25.98488084931465,30.766075386138425,30.679718030070887,30.79124341299803,37.71226666578252 
 06/06  16:00:00,36.42100245778706,36.65192521878588,37.59996204294037,66.7090829477335,18.0,45.421759925422364,25.952010431748892,30.754195184961134,30.665985934201103,30.75153064485346,37.78826246374058 
 06/06  16:05:00,36.25561463683501,36.685421417389094,37.176592091388436,66.94010830433919,18.0,45.069162739512535,25.92519460551334,30.59191349904495,30.527309977772802,30.58846849974691,37.71558449467926 
 06/06  16:10:00,36.053938423915724,36.793299789567186,36.81371554428846,67.131773957727,18.0,44.69753530628156,25.90261296037217,30.420282360499414,30.397301293542455,30.417055641636864,37.63311610912001 
 06/06  16:15:00,35.82979946154972,36.9370413674388,36.47483003852758,67.29515779047343,18.0,44.32235457517653,25.8833248552626,30.24785861317315,30.283165118404042,30.245148997462593,37.546825145086586 
 06/06  16:20:00,35.58973248089194,37.104472582157385,36.14912848302591,67.43524056210191,18.0,43.91422817125784,25.86657947475294,30.075592051610386,30.184856054557997,30.073650422839137,37.457241325103496 
 06/06  16:25:00,35.33758444458764,37.28887434346768,35.830880579999814,67.55473570275016,18.0,43.5025356630348,25.85226515455034,29.90356110696223,30.10152499465994,29.902633687216394,37.36430398952382 
 06/06  16:30:00,35.07576739877549,37.4859825797238,35.51657660280743,67.65516551311089,18.0,43.06768015344054,25.83915203656936,29.731466788113494,30.031882906126043,29.731797712231128,37.267662044606425 
 06/06  16:35:00,34.82806181637553,37.67520447247846,35.22614371758365,67.36118169269395,18.0,42.52724943925083,25.8272937322729,29.614870388093436,30.025373934075162,29.616541866871785,37.04758461654268 
 06/06  16:40:00,34.58328382770249,37.85600712937631,34.945828754353506,66.94039147181492,18.0,41.95874609240306,25.933981602356475,29.492581282106016,30.029201887536374,29.495758868103167,36.83995889780806 
 06/06  16:45:00,34.33979967750707,38.02583823421789,34.6722476968417,66.43764169193595,18.0,41.39551184947383,26.02046816307591,29.37839046613908,30.024987118011666,29.383100802702074,36.59460750698054 
 06/06  16:50:00,34.097107043336536,38.182590348931264,34.40366482350766,65.87413508473625,18.0,40.800560553505605,26.09138914893446,29.250036319473793,30.015541669822596,29.256374608993383,36.35523039431337 
 06/06  16:55:00,33.85501906094109,38.32457136031158,34.13900582030716,65.26209577796304,18.0,40.211053253598706,26.147769950498414,29.116490608854065,30.00191087364533,29.124504517015282,36.09728852233462 
 06/06  17:00:00,33.613487410877006,38.45037460335838,33.87757121122562,64.60897084597894,18.0,39.60879294340678,26.200368238354315,28.980005670784635,29.983833692996427,28.98971798675518,35.82922438069863 
 06/06  17:05:00,33.39774823825333,38.580745132049856,33.64379167478079,63.92571968347858,18.0,39.013571212212064,26.253719745320705,28.894349200430554,30.00750452674231,28.905715786050166,35.59335506372247 
 06/06  17:10:00,33.19160166938358,38.699741431506546,33.421328957335504,63.211378557056925,18.0,38.41860550301618,26.304867141026847,28.810403362704676,30.02656819521735,28.82336155079571,35.352198085050304 
 06/06  17:15:00,32.88928135365734,38.65331437213276,33.10424353017594,62.15913269380852,18.0,37.831379069692716,26.352492158139714,28.628660452265763,29.907476773088604,28.643072675839562,34.888939226938874 
 06/06  17:20:00,32.654373101252645,38.6882639116733,32.85589678646032,61.32565996792993,18.0,37.25241347737371,26.294678108120454,28.48489747474514,29.846313722470654,28.50067243473967,34.58806102064477 
 06/06  17:25:00,32.43651199407329,38.726947498374834,32.62571196365445,60.515867345700904,18.0,36.68141271550347,26.227290920330656,28.352701975730895,29.79107013768538,28.369726029910453,34.294241748266415 
 06/06  17:30:00,32.22786828829618,38.757744885562104,32.40573304505143,59.708634891984595,18.0,36.12392740077345,26.160450918869184,28.228862912418435,29.737152538806072,28.246988724742494,34.00761662839625 
 06/06  17:35:00,31.9780048419547,38.730035168245074,32.14543245430691,58.85851690349498,18.0,35.52828542539839,26.09982033883495,28.089286491137045,29.660012961464645,28.108527293295197,33.70666059041042 
 06/06  17:40:00,31.715416890935938,38.67067472567136,31.873219838577565,57.98639635137234,18.0,34.93925386137754,26.04471261101775,27.95373657860347,29.578769386493605,27.97393427860186,33.4072929165996 
 06/06  17:45:00,31.445769144305135,38.5841523897315,31.59466892674022,57.094589921784504,18.0,34.356947029541935,25.994567886397995,27.821170839323713,29.4919081313829,27.842135459553106,33.10813243935297 
 06/06  17:50:00,31.173258950058667,38.47661210779369,31.3139005306006,56.19430235493484,18.0,33.777678359752386,25.948744976115105,27.69178723876894,29.40064901412177,27.713314559910373,32.81321505175259 
 06/06  17:55:00,30.896740900637305,38.34214049379748,31.0297044773887,55.27020168827096,18.0,33.20535021243746,25.90619949590037,27.563521724075315,29.300351562483286,27.58539301727518,32.51308302660391 
 06/06  18:00:00,30.617924241996974,38.18310822084349,30.743734364901396,54.32813890502661,18.0,32.64288405799693,25.865691606637036,27.436643291879022,29.192288112665892,27.458626167345358,32.21149504277378 
 06/06  18:05:00,30.312627001447392,37.99379519872204,30.43231514378324,53.397918861463204,18.0,32.0851454408335,25.826749700280477,27.244580025399273,29.02569181138648,27.266620592063987,31.86270674948878 
 06/06  18:10:00,29.996105293600277,37.77825190821864,30.110263774316937,52.45766293386216,18.0,31.534895771056565,25.78806482491039,27.04879689827351,28.84759762292981,27.070658778100437,31.523010907281673 
 06/06  18:15:00,29.671721163618322,37.53698739135633,29.780811452844894,51.5032772027066,18.0,30.985989702129018,25.749579381356675,26.895211564242004,28.710829228565785,26.916710514376575,31.227016584904504 
 06/06  18:20:00,29.341031372421803,37.26983685769145,29.445438810958784,50.53271513962758,18.0,30.443644174952016,25.831429434660492,26.738851326773215,28.57057616421355,26.759678124903644,30.917409060899615 
 06/06  18:25:00,29.00491786902921,36.97624986800332,29.104974516494146,49.54453703735918,18.0,29.90285353947099,25.89227628712412,26.590162836078548,28.408652389976282,26.60994635782089,30.61073391457984 
 06/06  18:30:00,28.663891535123923,36.65531503265908,28.75988962377232,48.53739322431947,18.0,29.367836024255432,25.9375872043395,26.427708337858576,28.229847117912527,26.44606191845827,30.282911192193524 
 06/06  18:35:00,28.344395050576207,36.2813310320307,28.43658836867853,47.42441280737601,18.0,28.85183531870102,25.970086624766413,26.270030040688084,28.020600439183227,26.286054107281984,29.904809359764442 
 06/06  18:40:00,28.031487108546916,35.87321104083449,28.120098905546126,46.277933123377515,18.0,28.349250760689323,25.992465950387658,26.11013706200879,27.80060113683402,26.12347018569278,29.524374756055806 
 06/06  18:45:00,27.72205629865222,35.43781259998937,27.807290526939198,45.11856755047806,18.0,27.85308048246408,26.011471107089836,25.94979401656167,27.572840141840288,25.95999075130885,29.145320138780562 
 06/06  18:50:00,27.414700643688295,34.88839656725607,27.496742392006436,43.77948562555878,18.0,27.37579470060309,26.030650624115932,25.791145107241277,27.293748666706392,25.79742902450232,28.68175460247744 
 06/06  18:55:00,27.10862036038463,34.200076864042806,27.18763449043954,42.23472662705065,18.0,26.905736181911703,26.044595323036287,25.65241613541332,26.96411939987547,25.637407544874577,28.144167542409036 
 06/06  19:00:00,26.80334580514074,33.42679609958132,26.879474212493356,40.60440539626881,18.0,26.456945555874967,26.05319532849597,25.505268896876032,26.618932181750722,25.469267069275134,27.60261776370993 
 06/06  19:05:00,26.550047344894445,32.62741132014094,26.623275700727095,38.95992750086391,18.0,26.094954200866148,26.0564406909162,25.436289323350934,26.351592905382915,25.389544379159986,27.148815235993766 
 06/06  19:10:00,26.317578009404272,31.783097796145892,26.387906479148302,37.29834449826921,18.0,25.76498719104609,26.05527285846758,25.353072421901174,26.078877962915954,25.304240856990077,26.700524552872025 
 06/06  19:15:00,26.09921260877843,30.897359485190563,26.166690946698086,35.63457140146182,18.0,25.443194128235607,26.049481644975327,25.252514892199997,25.796547741173413,25.20870388245487,26.25675517278154 
 06/06  19:20:00,25.728152611723115,28.812734325000616,25.79258465771147,32.20296494603134,18.0,25.001869121660278,26.039715227481036,24.90031714497104,24.88608244509794,24.899425791402166,24.87298033958774 
 06/06  19:25:00,25.513481282163557,27.851977570112368,25.57488437854082,30.621155749058747,18.0,24.78996496431778,25.991909420355814,24.842302375270265,24.839327111287616,24.84140700500552,24.836977302611444 
 06/06  19:30:00,25.347228386613562,27.200631308375932,25.40566314207894,29.547727908399228,18.0,24.584756547416042,25.981513724396557,24.79693731703651,24.79670168464213,24.79612250815495,24.794855833986503 
 06/06  19:35:00,25.20890175969131,26.717791611761815,25.26442888289309,28.753652821543255,18.0,24.37802008695017,25.97008518498331,24.751343995882905,24.75352814114001,24.750560475704617,24.751803510963384 
 06/06  19:40:00,25.08943923711978,26.34435546207659,25.14213242367701,28.141444310572044,18.0,24.225442616168127,25.959861925561015,24.706627825798023,24.711029197940434,24.705873644018766,24.70935460900239 
 06/06  19:45:00,24.983412129725934,26.046034174981504,25.03336031197868,27.654335541329942,18.0,24.07210504216545,25.949649517385332,24.662562059113498,24.66899677321703,24.661836712796458,24.667363004276353 
 06/06  19:50:00,24.887285967648527,25.801073001840955,24.934592346386598,27.25631386514583,18.0,23.95252875035026,25.93957121381202,24.619196521403182,24.62747891086542,24.618500343051323,24.625885100656546 
 06/06  19:55:00,24.798667144828332,25.595061851230586,24.843446587990606,26.923523181082544,18.0,23.832604504157693,25.929536597161626,24.576527715285977,24.586467321006808,24.575860868727602,24.584913834730116 
 06/06  20:00:00,24.71589021708464,25.418188014694977,24.758265885487116,26.639650138366147,18.0,23.735456533760164,25.919473568581978,24.53455211708581,24.545953799790027,24.533914600416892,24.544441011253753 
 06/06  20:05:00,24.723646889233084,25.344311082707815,24.763424045259093,26.468799241199488,18.0,23.758067157623636,25.909322376426374,24.65652490661688,24.665568062936245,24.65592326281319,24.664110465013152 
 06/06  20:10:00,24.769979024555553,25.321340504195454,24.807207915437733,26.358602345166652,18.0,23.824157190326577,25.901072386476823,24.78577137668327,24.79256082999268,24.785161317593463,24.791197736141612 
 06/06  20:15:00,24.841398795547367,25.333568609271627,24.876184223219386,26.29223854873777,18.0,23.890613095857276,25.89353576831699,24.915924517001656,24.92060479074462,24.915311388331986,24.919329118245912 
 06/06  20:20:00,24.930679270141532,25.37190132706046,24.963149057660235,26.259533447601473,18.0,24.01172748308706,25.88656495286332,25.04602666543525,25.048736468705386,25.04541061641953,25.04754587971695 
 06/06  20:25:00,25.033086504051283,25.430127854253413,25.06337813690627,26.253350668454097,18.0,24.132575385575784,25.880123944629297,25.175921733479242,25.176800467660257,25.175302409748497,25.17569288864638 
 06/06  20:30:00,25.14533609357609,25.5038000951568,25.173589079622573,26.268489347142207,18.0,24.288219774643167,25.874119838138014,25.305544162718434,25.3047322098148,25.304920930730304,25.303320832997827 
 06/06  20:35:00,25.2642779610148,25.589647153187038,25.291428800571346,26.300835275176883,18.0,24.443130961112143,25.868532269596606,25.433820676794767,25.43253040860776,25.434264174459543,25.43263989842626 
 06/06  20:40:00,25.388513568170062,25.68521521144961,25.41517041666426,26.347533162862455,18.0,24.620380186814174,25.86329033762138,25.561496072002058,25.56016806420064,25.56330485305932,25.561742948581355 
 06/06  20:45:00,25.51705339548439,25.788632518241837,25.543521804380237,26.406285654514267,18.0,24.79659990300751,25.85839281922571,25.688997021978707,25.687660399315178,25.692058217698786,25.6905743043381 
 06/06  20:50:00,25.64905011808384,25.898450515378656,25.675499829356067,26.475147578117173,18.0,24.986868310667955,25.85378126177718,25.816329631154872,25.814990705446235,25.82050801999833,25.819104915154867 
 06/06  20:55:00,25.783836527828885,26.013533604723715,25.810345277773113,26.5525788040678,18.0,25.175927077940443,25.849472217139912,25.943526982985077,25.942187632937532,25.948683462774056,25.947361180786288 
 06/06  21:00:00,25.920886777960334,26.13298105018919,25.94746396049843,26.637312664520078,18.0,25.373445114940026,25.845826657651305,26.07068326955391,26.069344431432057,26.07667797185286,26.075435217070776 
 06/06  21:05:00,25.97976725100536,26.175810796400327,26.007052270789444,26.64773866539982,18.0,25.430382951586626,25.842150530282893,26.05046335200234,26.049135583677526,26.05945571225209,26.058304309250673 
 06/06  21:10:00,26.009258269820503,26.19071173220382,26.037769597874124,26.632864089569587,18.0,25.464006663392624,25.83640717376954,26.023035726494413,26.02176003541217,26.035423257900675,26.03432650795162 
 06/06  21:15:00,26.021238376983884,26.189417534704535,26.051514918808447,26.604448314335954,18.0,25.49764022440225,25.83068079224281,25.99544560616937,25.994217216270442,26.013887612100348,26.012855767967835 
 06/06  21:20:00,26.021708049746703,26.177788998731685,26.05431318144225,26.56829707403474,18.0,25.49096157616788,25.824732454421834,25.968518038838738,25.96733540483234,25.99203411130594,25.991060672245226 
 06/06  21:25:00,26.01441565536419,26.15944906174378,26.049927112550286,26.527939087086345,18.0,25.484930556038282,25.818629136307596,25.942398300180116,25.941260502459272,25.97075361506006,25.969836939723336 
 06/06  21:30:00,26.001844741475505,26.136770166512836,26.040844504421287,26.485630587029103,18.0,25.456860689932725,25.812383380589807,25.917077295400077,25.91598324200379,25.950384740771142,25.94952333049457 
 06/06  21:35:00,25.98569018010847,26.111349183613907,26.028756362880216,26.442841190379863,18.0,25.429849298295732,25.806051090467953,25.89255246203419,25.891501092946214,25.931063256781783,25.930255528720295 
 06/06  21:40:00,25.967132801823404,26.08428063710923,26.01483364616026,26.40053439662879,18.0,25.39100658180454,25.799631921515914,25.871254480263133,25.870249707595804,25.912803907854254,25.912048404024688 
 06/06  21:45:00,25.947008500705753,26.056324431036924,25.999898164241326,26.35934002681649,18.0,25.353409201211417,25.79317258862708,25.849132518461943,25.84817028244072,25.895615539760684,25.894910662633038 
 06/06  21:50:00,25.925916466743253,26.02801280247516,25.984532225712442,26.319664111673145,18.0,25.31007214235949,25.786677285795765,25.827169990268942,25.826247748100457,25.879468413672157,25.878812624908846 
 06/06  21:55:00,25.904290465020164,25.999720445941637,25.96915098516812,26.28176074179446,18.0,25.268045279175606,25.780212910001502,25.805714029594583,25.804828884837832,25.86436057921736,25.863752132019385 
 06/06  22:00:00,25.882446860032793,25.971711513234034,25.954051251338523,26.245779984726493,18.0,25.22393335107016,25.773744521631627,25.784853518711145,25.78400321984907,25.85024006869719,25.84967741775199 
 06/06  22:05:00,25.853575922588288,25.93766935807191,25.92593477464353,26.20105987262932,18.0,25.175748423508637,25.76733394162287,25.749195561213696,25.748365986889212,25.81170966771367,25.81117663697904 
 06/06  22:10:00,25.821927219506104,25.90139903695081,25.893089360134805,26.153667269919968,18.0,25.125139986953734,25.760728605735498,25.715622840967058,25.71481896594412,25.77387847917663,25.773371636532715 
 06/06  22:15:00,25.788528271062365,25.863796111532857,25.857409313613882,26.104900603104078,18.0,25.074334156167886,25.75397528628013,25.682304329722456,25.68152591944323,25.736093944236927,25.735614048266655 
 06/06  22:20:00,25.753900179149067,25.825305027495734,25.819810669620257,26.055355397096502,18.0,25.02094114814462,25.74705336306135,25.64900498310908,25.64825103007655,25.69831765142277,25.69786426728325 
 06/06  22:25:00,25.718370342061306,25.786200057575208,25.78084860520971,26.005377471023646,18.0,24.967295959557543,25.740024551668927,25.615722740138835,25.614992364240607,25.660578512056986,25.660150833063653 
 06/06  22:30:00,25.68215780760148,25.746661083758077,25.740883024731605,25.955180315818932,18.0,24.911710727673732,25.73288973914971,25.582442246988364,25.58173449726138,25.622868158224264,25.62246542460298 
 06/06  22:35:00,25.645414210613875,25.706809697264163,25.700156141066888,25.904899013776568,18.0,24.85582850627256,25.72568652388408,25.549182307755473,25.54849641390831,25.585207827532145,25.584829122311703 
 06/06  22:40:00,25.608247134733165,25.666729706735918,25.658835664844393,25.854619901580833,18.0,24.79833206239619,25.718375671363827,25.515920624693536,25.51525566756891,25.5475781920087,25.547222777979187 
 06/06  22:45:00,25.570734351980484,25.626479583395984,25.617040476147434,25.80439802293736,18.0,24.74049582905254,25.71101943820962,25.48268868507307,25.482044028067037,25.510012950929536,25.509679849770578 
 06/06  22:50:00,25.532932866794166,25.586100326447077,25.574856529867034,25.754267832704116,18.0,24.68119794091925,25.70357846657871,25.449461451815978,25.448836278351564,25.4724904791035,25.472178932927704 
 06/06  22:55:00,25.494884845105044,25.545620590059876,25.532347037929455,25.704249977313893,18.0,24.621516887483846,25.696106302887344,25.41626620365946,25.41565995575388,25.435041195531312,25.43475023601735 
 06/06  23:00:00,25.456621603581713,25.505060109957277,25.489559172016836,25.654355707843518,18.0,24.560417645615832,25.688566342277007,25.38307918276746,25.382491138826538,25.397645330137493,25.397374202389358 
 06/06  23:05:00,25.389192577155683,25.435302447302394,25.41945059894189,25.57670426027156,18.0,24.469190925253926,25.68100489519584,25.29707644410928,25.296509795063912,25.311483364408446,25.311234178817642 
 06/06  23:10:00,25.310377349128416,25.35422330423868,25.338707775668258,25.488508339289382,18.0,24.37067410710209,25.672735226330477,25.208360316570065,25.207828149496606,25.222738698730666,25.222498142343795 
 06/06  23:15:00,25.224466970428526,25.266133281733186,25.251351431483517,25.393906331916504,18.0,24.2721227914169,25.664192586775666,25.119194452701436,25.118694144087385,25.133564800382658,25.133333374824247 
 06/06  23:20:00,25.133627825192242,25.17320559043893,25.15940754321911,25.294973836393424,18.0,24.16287027625138,25.655385357787214,25.029897045718485,25.029427552040204,25.0442629988745,25.044039882244874 
 06/06  23:25:00,25.039217582077463,25.076799982423516,25.064143392609928,25.193001686930597,18.0,24.05357099255951,25.64634626425823,24.940535008784536,24.94009561689768,24.954897677838062,24.95468194280113 
 06/06  23:30:00,24.94214271783446,24.97782250338516,24.96640364577799,25.088843896581217,18.0,23.93763587874694,25.6370779210209,24.851113174362354,24.85070317939551,24.865473281608956,24.8652636388033 
 06/06  23:35:00,24.843029903174163,24.876897948328075,24.86677134698666,24.98308440762122,18.0,23.8216627332963,25.62760865097265,24.76164520354041,24.761264023103365,24.776003355684566,24.775798369778897 
 06/06  23:40:00,24.7423240250142,24.774468492648687,24.765659864919478,24.876132339165352,18.0,23.701344706820983,25.61793687809808,24.67212735945151,24.671774396026194,24.686484139730055,24.686282605113604 
 06/06  23:45:00,24.640348047380183,24.670853919977446,24.663368951291456,24.768280057091168,18.0,23.580992860825894,25.608084168564382,24.582569061544177,24.58224381818593,24.59692500857477,24.596725712305272 
 06/06  23:50:00,24.5373410550978,24.566289893441358,24.56012030873209,24.659740011469847,18.0,23.457705960841125,25.598049031691374,24.492966648283414,24.492668622354472,24.50732229855396,24.50712412432847 
 06/06  23:55:00,24.43348317431551,24.46095301961769,24.45608085172647,24.55066881789654,18.0,23.33438749985076,25.58784785381323,24.40332701831585,24.40305579302367,24.417682882589077,24.41748471728488 
 06/06  24:00:00,24.336756210758164,24.354977672558803,24.351378301255586,24.441183389074848,18.0,23.20903152685869,25.577478471952368,24.327363336734265,24.313401785653696,24.32800322344383,24.327804038874888 
 06/07  00:05:00,24.22010601784927,24.234803924522474,24.231546993311294,24.31696800461399,18.0,23.06976872579949,25.56698738558849,24.219215543227392,24.20610763747777,24.219231107506346,24.219028510616567 
 06/07  00:10:00,24.096248887264842,24.10890647517197,24.105663655875446,24.1869722093774,18.0,22.926097668968854,25.571867694189926,24.10707069153102,24.09538608322032,24.10700844788505,24.10678805396435 
 06/07  00:15:00,23.967962016825773,23.979359520210764,23.975935042315776,24.053364299875692,18.0,22.782370456113703,25.56788019929754,23.99262271106852,23.982386998829952,23.992566444877696,23.992338371495066 
 06/07  00:20:00,23.836581898430307,23.847222310633935,23.843481141471965,23.917240378891087,18.0,22.63281082297371,25.56296601716467,23.877952272355174,23.869128064388292,23.877918385746852,23.877679883370377 
 06/07  00:25:00,23.70293361217013,23.71316444662817,23.70900646108706,23.779287085897575,18.0,22.48315461947464,25.55729342073295,23.763105352531966,23.755639461952,23.76309617250695,23.76284633779983 
 06/07  00:30:00,23.567564527075767,23.577637091712287,23.572983662965317,23.63996276974503,18.0,22.32963128243315,25.55090780467342,23.648117308174562,23.64195518181475,23.648133264950275,23.647871237172467 
 06/07  00:35:00,23.43085216199051,23.440955413586106,23.43574171840595,23.499584421764936,18.0,22.175989614687477,25.54385741225452,23.533029307730146,23.528116792731794,23.533070605952616,23.532795501261717 
 06/07  00:40:00,23.293064701691065,23.303345792761764,23.29751620156388,23.358377260041312,18.0,22.019585608286533,25.536206540059386,23.41788566907917,23.41416915249613,23.417952572169042,23.417663448671703 
 06/07  00:45:00,23.154397415524365,23.16497464997457,23.158479880965523,23.216504885528487,18.0,21.863046081058705,25.527977402720623,23.302703726886534,23.300129754337604,23.302796426532723,23.302492452877345 
 06/07  00:50:00,23.014995520152574,23.025966769561716,23.018762087154148,23.074088372354282,18.0,21.704418205930722,25.519237911649668,23.18752392861586,23.18603937437115,23.187642764906172,23.18732300341651 
 06/07  00:55:00,22.874969012041124,22.886417322385633,22.878461370115392,22.931218742249744,18.0,21.545640622775117,25.50999424203723,23.072349696483286,23.071901312416628,23.07249488920695,23.072158562859272 
 06/07  01:00:00,22.73440256219682,22.7463999725978,22.737654000013215,22.787965339628542,18.0,21.38519743170167,25.5003090162776,22.95721612188595,22.95775077950418,22.95738805174517,22.957034259356362 
 06/07  01:05:00,22.65163526036448,22.66332291567773,22.655687813159734,22.703392751837907,18.0,21.304004864662534,25.49017870199952,22.948345591439306,22.94853590060586,22.949737711780358,22.949367879499675 
 06/07  01:10:00,22.591481680841063,22.602821923550483,22.597159538749963,22.642295561505232,18.0,21.23974410445924,25.480944971349558,22.942117088612747,22.94228370886782,22.945226029726655,22.944870064372367 
 06/07  01:15:00,22.545578221687663,22.556506141399847,22.553398390386008,22.596045685623796,18.0,21.17622932176557,25.471940180179985,22.93709900306959,22.93725875449644,22.94203159385944,22.941684945701127 
 06/07  01:20:00,22.50960126382321,22.52007854178781,22.5199476401954,22.56020467269889,18.0,21.140377511964754,25.46309856487494,22.932611065806782,22.932771665768996,22.9394204981038,22.939081250448282 
 06/07  01:25:00,22.4808046747923,22.490813280733768,22.493971353089126,22.531945214316167,18.0,21.104963111556753,25.45440265132954,22.92837856014478,22.92854300659286,22.93709489108528,22.936761962778064 
 06/07  01:30:00,22.457336385592612,22.466871753631775,22.473551464330676,22.50935252779128,18.0,21.086968917740812,25.445828316790063,22.92428150031418,22.9244509263375,22.93492499303676,22.934597658598705 
 06/07  01:35:00,22.437905788048422,22.446972193145978,22.45734759369411,22.491086317141995,18.0,21.06918743849076,25.4373640421612,22.920271071125853,22.920445913477636,22.932857447357264,22.932535098931453 
 06/07  01:40:00,22.421591135221185,22.430198623757736,22.444399859418823,22.476184827938066,18.0,21.062766127348407,25.428986769626906,22.916316927656112,22.916497295245676,22.930859706393107,22.930541851345424 
 06/07  01:45:00,22.40772053406687,22.415882860725876,22.434006769974758,22.463943496896917,18.0,21.056413899058494,25.42068953921798,22.912409129663047,22.912595042014914,22.928920345277902,22.928606514658895 
 06/07  01:50:00,22.395795462543365,22.40352868586005,22.425646560614997,22.453836767052145,18.0,21.057542106909168,25.412453820154482,22.90853479501294,22.908726177368862,22.927025631573315,22.92671543952156 
 06/07  01:55:00,22.385440146075883,22.392761663139147,22.41892500299995,22.445466207030172,18.0,21.058647298017654,25.40427575137644,22.904691773447894,22.904888545674282,22.925172504864634,22.92486558393523 
 06/07  02:00:00,22.37636724277239,22.3832951217045,22.413539947933383,22.438525257656416,18.0,21.06468962330498,25.396141547455187,22.90087249154169,22.901074518743485,22.92335284240039,22.923048898335196 
 06/07  02:05:00,22.408460978800534,22.415018220937185,22.448710383297662,22.47225619246753,18.0,21.13176629464521,25.388049752053842,22.96987213741079,22.970078787461944,22.992863901822375,22.99256144284118 
 06/07  02:10:00,22.45680414590581,22.463010528403913,22.499708698855592,22.521907406261967,18.0,21.214465332622915,25.38088561763311,23.04281528943727,23.043010030389212,23.06611825594382,23.06583335705011 
 06/07  02:15:00,22.51530630316855,22.521180281953907,22.560506452892948,22.581440564399582,18.0,21.296903635700613,25.374072344440847,23.116305480558708,23.116490694833146,23.13982219817558,23.13955252683286 
 06/07  02:20:00,22.58085492631135,22.586413962361544,22.628032196322383,22.64777720335693,18.0,21.400710936480895,25.367543513403316,23.18984271862803,23.19001857812418,23.213494305926588,23.213239367683627 
 06/07  02:25:00,22.65148345595819,22.656744121339866,22.700351647826455,22.71897732847458,18.0,21.50412937016204,25.361304364917537,23.263354472491244,23.26352095284102,23.287064465879098,23.28682394786847 
 06/07  02:30:00,22.749673456375987,22.730847379306997,22.776168133537357,22.793739384471717,18.0,21.6200062082175,25.35531160168636,23.35883957642386,23.33696343121528,23.360499443752417,23.360273205694966 
 06/07  02:35:00,22.836152490265775,22.80780199995414,22.854581479100858,22.847792628956835,18.0,21.735392314501173,25.349629582360794,23.43343353180751,23.410378350069095,23.433830705794662,23.411568414901467 
 06/07  02:40:00,22.921310870180502,22.886948545078575,22.934949703748025,22.918103766757152,18.0,21.858170782142274,25.344065130153787,23.506781386379316,23.48366538122457,23.50696146696805,23.48370073114131 
 06/07  02:45:00,23.00636629834745,22.967804415123265,23.01680441027429,22.99341491722889,18.0,21.980399959819938,25.339083827654186,23.57990817840198,23.55698279444141,23.580044832599697,23.556835830218233 
 06/07  02:50:00,23.091592314840742,23.050009317931686,23.099796939700482,23.07170546772381,18.0,22.10690929939841,25.33405041930627,23.652798272814266,23.63016210869216,23.65291860121124,23.62999758310559 
 06/07  02:55:00,23.1770636347159,23.133289408754685,23.183663058140233,23.152083388337637,18.0,22.23283731080083,25.329203432515722,23.72553877409206,23.703269959415593,23.725647195123543,23.703113729024267 
 06/07  03:00:00,23.26278229859305,23.21743311975082,23.268199218454583,23.233997300739883,18.0,22.361082834273603,25.324530692438223,23.79812092263745,23.77629270015541,23.79821796577255,23.776148982918926 
 06/07  03:05:00,23.27586426104054,23.232663275443453,23.280417000105114,23.247519522752558,18.0,22.386549627824238,25.320045825944,23.750191789416704,23.730127345185394,23.750278542188937,23.729995735356965 
 06/07  03:10:00,23.262772797692413,23.222533724480673,23.26666966118391,23.23602281631977,18.0,22.39455850201633,25.313948786817875,23.69459233021854,23.676875426639867,23.694696807377056,23.676727600967297 
 06/07  03:15:00,23.234325016381906,23.197291914549425,23.237712638618373,23.209656586026238,18.0,22.403621322942804,25.307614963334903,23.638200552004946,23.62278505162965,23.638319302957598,23.6226246030335 
 06/07  03:20:00,23.195777860336058,23.16197466902195,23.198762289033812,23.173393622458896,18.0,22.383689090881095,25.30091495315987,23.581963544626717,23.56871860615172,23.58209581062556,23.5685462564785 
 06/07  03:25:00,23.150317768451135,23.11966705301605,23.152977262333188,23.130275242335347,18.0,22.364472107586707,25.29387224719154,23.52606307993176,23.514841987156956,23.526208596572815,23.514657979258516 
 06/07  03:30:00,23.10000764500574,23.072385404916503,23.102400998480363,23.082287116716117,18.0,22.329051525884218,25.286527242641103,23.470557195007245,23.461208814477004,23.47071579852195,23.461013298723856 
 06/07  03:35:00,23.046233181508985,23.02149561975771,23.048405296618064,23.03077317535768,18.0,22.29422488533334,25.278905811502078,23.415474514774587,23.407844740329324,23.41564603536807,23.40763787950334 
 06/07  03:40:00,22.98995232491079,22.96794882999248,22.991938020379582,22.97666850715057,18.0,22.249873683265765,25.271042510227453,23.360845347886652,23.354777378646133,23.361029660169493,23.354559294017577 
 06/07  03:45:00,22.931843929223124,22.912423078156205,22.9336705922765,22.9206392203974,18.0,22.206044185765887,25.262959378820366,23.306693248210138,23.302027197937605,23.30689022988662,23.30179801010155 
 06/07  03:50:00,22.872399914398496,22.855411927451083,22.87408937735708,22.863169846534714,18.0,22.15656276272336,25.25468094669339,23.25304448444456,23.2496172368634,23.253254051020633,23.24937702911393 
 06/07  03:55:00,22.811984179315157,22.797281595029954,22.813554067534376,22.804619654685606,18.0,22.107563559562113,25.246226960485462,23.19992410075713,23.197569010854806,23.200146197408458,23.197317836704997 
 06/07  04:00:00,22.750871235977385,22.738308727142456,22.75233594943193,22.745259861996082,18.0,22.055266358385182,25.237612671759933,23.147356910398116,23.145903528819417,23.147591512416398,23.145641410908752 
 06/07  04:05:00,22.67750560849212,22.665952181257357,22.678871440423123,22.672526006477295,18.0,21.96645237912114,25.22885609741239,23.070136593334382,23.06829161709902,23.07038031664979,23.068021181522283 
 06/07  04:10:00,22.59899169559198,22.58795780218414,22.600267017549417,22.594173527962266,18.0,21.86749205230921,25.21964068780326,22.991501747515713,22.989233437911366,22.991760470494,22.988948344707183 
 06/07  04:15:00,22.51711265895603,22.506280356858046,22.518305289013743,22.512157757109474,18.0,21.768460583010224,25.2102977001374,22.912683247009113,22.90998656677891,22.9129561797252,22.90968763974024 
 06/07  04:20:00,22.432797801705682,22.421941397378557,22.433914783785525,22.42749959800137,18.0,21.655404715834695,25.20084539183648,22.833842226814113,22.83071790766087,22.83412922505795,22.83040527669516 
 06/07  04:25:00,23.30299449498595,22.989796529768665,22.554347923382863,22.548845290870332,18.0,21.80576530840125,25.19129282810474,23.232067260403028,23.08677675908632,22.88380533485065,22.887996628476344 
 06/07  04:30:00,23.539094455282612,23.126406665627297,22.57280852249899,22.56795849864832,18.0,21.76645321368807,25.20479282036828,23.13871653016554,23.00117845436546,22.824129500353592,22.827576949184845 
 06/07  04:35:00,24.1211373250576,23.460544111312384,22.617534911315875,22.613507019259377,18.0,21.799848730565813,25.199672456733335,23.28988166867532,23.06701831233022,22.80071161338128,22.80573002405208 
 06/07  04:40:00,24.808099099177557,23.84031631652425,22.672040102173206,22.66897864250662,18.0,21.836117014354027,25.20288073325036,23.441582046769554,23.128272901108915,22.772772388175326,22.77685130504102 
 06/07  04:45:00,25.90625087844398,24.429843201438814,22.752919836709474,22.751082598574506,18.0,21.87631765384407,25.208363274537817,23.771774142086542,23.281605605531524,22.74063301703984,22.74068619783793 
 06/07  04:50:00,26.895588386714664,24.934767135817545,22.830374083703404,22.829873527437332,18.0,21.938340166898215,25.22204147317339,23.96489026044128,23.349217122453865,22.715579411033673,22.711452959107646 
 06/07  04:55:00,27.75781169469926,25.35273302502777,22.910594999263907,22.91154182418163,18.0,22.004324762564185,25.232201150703997,24.087592440714616,23.3765970952295,22.67458589423393,22.669353121201084 
 06/07  05:00:00,28.458384858111334,25.672468584879425,22.993836215062228,22.99484084021102,18.0,22.08848055823066,25.241874284627386,24.14747145111795,23.37688662288201,22.64823761181873,22.64352714816198 
 06/07  05:05:00,29.135984461008018,25.996140546878035,23.134004357665216,23.135199671425926,18.0,22.26252085953867,25.25025534131294,24.30528593770066,23.46444727818232,22.712291007805106,22.706854896914137 
 06/07  05:10:00,29.791911537534787,26.307311251414195,23.296763405221352,23.298094605678738,18.0,22.468441206713916,25.27080220690193,24.46747817785979,23.559715902609696,22.78722893751899,22.78101126514707 
 06/07  05:15:00,30.43277873799275,26.605686579464216,23.47326818693596,23.474690006153587,18.0,22.67583283106254,25.28450504219186,24.629725004125987,23.653089364066318,22.863124183884167,22.856216140506376 
 06/07  05:20:00,31.062519040296586,26.891588337924393,23.658841269028493,23.66032671315644,18.0,22.92182151731148,25.300104809897,24.79202230694665,23.744040207572368,22.93935213520558,22.931848530606146 
 06/07  05:25:00,31.683178313625152,27.165113289154903,23.850464483528942,23.852000426099234,18.0,23.167032380066313,25.31605501043538,24.953558431769864,23.831646183951307,23.015310732476053,23.007292026445043 
 06/07  05:30:00,32.29569018729252,27.4262087210381,24.046078911828104,24.04766103211155,18.0,23.444227525125683,25.332516679209757,25.11412807074373,23.915730930600375,23.091059890657164,23.082616632391648 
 06/07  05:35:00,32.481122722302786,27.51528763393111,24.230068195426476,24.231696423960194,18.0,23.658308353325424,25.349541850877696,25.077085507796767,23.904197723680852,23.155295268195857,23.147851882753002 
 06/07  05:40:00,32.515688432777594,27.545319202848614,24.409097101446026,24.410771885959512,18.0,23.87170417334897,25.361550179268274,25.039067005504194,23.895660179903075,23.217501537926864,23.21103276337317 
 06/07  05:45:00,32.461036807069185,27.54382659074766,24.584135801310964,24.585855518358347,18.0,24.07923618022838,25.372998952281968,25.001741158232562,23.890867933376285,23.279462121064057,23.273947284760993 
 06/07  05:50:00,31.79249035616933,27.31904003050244,24.715423681834633,24.717183555498305,18.0,24.26914318278796,25.383839634326502,24.69687601312239,23.788763856232094,23.320648711705246,23.316044536608786 
 06/07  05:55:00,31.456786744658068,27.224401074477687,24.865392172279048,24.867183837755558,18.0,24.45330743808769,25.384347078795436,24.662554600518035,23.79055535683085,23.37751572636205,23.373780275302295 
 06/07  06:00:00,31.15506172570639,27.155187297206954,25.019693554578982,25.02150537693635,18.0,24.621257724395623,25.391897188524496,24.62211783483633,23.797366703516502,23.43774203744556,23.43481086788546 
 06/07  06:05:00,30.947132234982664,27.179255144993952,25.25119412589013,25.25301312594591,18.0,24.898989202312464,25.399448545915547,24.716459569413587,23.948540245273534,23.631114437576684,23.62892533948866 
 06/07  06:10:00,30.77411802704661,27.24475553384028,25.509752007135468,25.511563178016683,18.0,25.18398742273239,25.411587271294334,24.73494440225079,24.04089003072744,23.77190640303195,23.770434075387016 
 06/07  06:15:00,30.62144523629603,27.339005422761144,25.783181543549365,25.784969835865862,18.0,25.463561698862733,25.201514736057668,24.785746180967863,24.146660631598195,23.917811260633016,23.917043993289894 
 06/07  06:20:00,29.998343620808548,27.333633157396648,26.05375152763458,26.055502800960685,18.0,25.762867720292235,25.124959886607623,24.630232571529973,24.21737536892465,24.0753751625183,24.075089036848794 
 06/07  06:25:00,29.694428719686968,27.431006375571414,26.338125115661217,26.33982673588579,18.0,26.056758124963636,25.04724560812181,24.70584910593834,24.362909654102623,24.24826763580961,24.248432718415984 
 06/07  06:30:00,29.46625963616451,27.565009822454375,26.627356507304118,26.628997762869115,18.0,26.35559722801518,24.98572940749713,24.7916880966265,24.5193157055578,24.427109762535565,24.42763486220622 
 06/07  06:35:00,29.408591701229145,27.71733082639128,26.882873784833702,26.884446329002763,18.0,26.643902824565934,24.931860678522817,24.939785358033873,24.676587971241588,24.59169591211446,24.59224857688787 
 06/07  06:40:00,29.426132406874643,27.88342435123078,27.12683540834517,27.128333260382608,18.0,26.932830450529536,24.883962584734093,25.093596563032804,24.836569058283203,24.75767181035718,24.758248909766735 
 06/07  06:45:00,29.49250543285466,28.0595616551955,27.36381142569717,27.36523076382163,18.0,27.220865144772482,24.84169971210021,25.251389659418464,24.998616496817306,24.924803090773935,24.925412750401506 
 06/07  06:50:00,29.593423585527,28.243065786480713,27.595879595756895,27.59721861919505,18.0,27.507038919272826,24.803783825332726,25.412111038445005,25.162067023380132,25.092619684366014,25.093269790096883 
 06/07  06:55:00,29.719685740318386,28.431978796546563,27.824255958258536,27.82551465391836,18.0,27.792324429487227,24.769872844482826,25.575303719595922,25.326757881232197,25.26105859130479,25.26175409498819 
 06/07  07:00:00,29.86499786060942,28.62483371256303,28.049708719621375,28.05088856760785,18.0,28.075947990787277,24.739062526511603,25.74032203729098,25.492275354461242,25.429785142189758,25.43053069460359 
 06/07  07:05:00,29.996820741242345,28.768970236980703,28.229181635294587,28.33507140453082,18.0,28.300414975493347,24.71125356415557,25.824447294446315,25.567473016948497,25.511696342820642,25.540801681374546 
 06/07  07:10:00,30.13138910314046,28.897351661594104,28.39316169774443,28.532363728875843,18.0,28.51665891631995,24.757225595768382,25.894499355555695,25.62716825892244,25.57784482098191,25.60721794427883 
 06/07  07:15:00,30.270847518261284,29.017068320240377,28.54874809542052,28.703670156654084,18.0,28.736841296278516,24.760455583631654,25.955296651895537,25.676322983466775,25.633623477772517,25.66130988378859 
 06/07  07:20:00,30.415652065084686,29.131383316259207,28.69941371231094,28.860831993900387,18.0,28.945253299647117,24.762876218295343,26.01617756477566,25.72507206995556,25.688662000153442,25.7143811046501 
 06/07  07:25:00,30.964954155660845,29.25769373668908,28.844031266990225,29.005858809000472,18.0,29.157451244112398,24.763604048286087,26.263116283111742,25.781341383060976,25.741913016472154,25.76549868539564 
 06/07  07:30:00,31.2577121209369,29.364206974747123,28.98766273467279,29.145668147223134,18.0,29.36740637607006,24.767426952289195,26.325953872789796,25.82729618600206,25.796078157579018,25.817531502659563 
 06/07  07:35:00,31.47518665386402,29.47623293385414,29.142807332170037,29.29406578824478,18.0,29.582725445076758,24.766925857672433,26.37634878633594,25.878566932938327,25.854771084751064,25.874224504163976 
 06/07  07:40:00,31.66119678192867,29.590220470118986,29.304460704498673,29.444551927526895,18.0,29.800551054419312,24.76631190824077,26.426432086561306,25.929483870806166,25.913487435330467,25.930811645130916 
 06/07  07:45:00,31.437623450130772,29.732612455599348,29.488309499352084,29.608008279618442,18.0,30.021523668747538,24.76536842277228,26.288761940637755,25.991206235464347,25.979161041837642,25.99261209203405 
 06/07  07:50:00,31.454856953563176,29.87688921825282,29.673040599790756,29.76770005618006,18.0,30.24814022006153,24.7613728489503,26.336429949164483,26.047991203406013,26.04082960320011,26.049444966321403 
 06/07  07:55:00,31.522224401834457,30.025101847137353,29.860984410234398,29.927870466437067,18.0,30.47809434492324,24.75958649162339,26.385824799992406,26.105528107433656,26.103613567374794,26.107010770976842 
 06/07  08:00:00,31.613752665117737,30.176791316463497,30.05186231696048,30.089139146018088,18.0,30.715544392633475,24.75816125062822,26.43574886429252,26.163200064176237,26.166827678557183,26.164710305405947 
 06/07  08:05:00,31.579861149171478,30.229166083489524,30.12287493724306,30.150059481453532,18.0,30.770299493396376,24.756990115979324,26.45690466830456,26.205524474671734,26.20800357157998,26.207030941343533 
 06/07  08:10:00,31.504092529283522,30.244353432928566,30.147534445227745,30.172624479986073,18.0,30.787649565425614,25.002923185846896,26.4423130524616,26.211727693165415,26.21220236099174,26.21309845352266 
 06/07  08:15:00,31.404051026763558,30.236667747239114,30.142895148709684,30.17134272993184,18.0,30.801970385405514,25.106112142613366,26.38923331628439,26.178475662669257,26.17680747417984,26.17988035232179 
 06/07  08:20:00,31.288251570910845,30.213266850787363,30.117570027066606,30.153544434842704,18.0,30.754753988838303,25.197302629693084,26.33002654550637,26.138859185665353,26.134472152856574,26.140264053360966 
 06/07  08:25:00,31.161950383946554,30.178605716580986,30.07698099724795,30.123822161781106,18.0,30.705855970193372,25.27604323850779,26.265423254309553,26.09348586228839,26.085880203283523,26.09489322385423 
 06/07  08:30:00,31.028618055060736,30.13563822555965,30.02477099189474,30.085238857826955,18.0,30.61892478671217,25.34556877841147,26.191993197069678,26.038810714619274,26.02766256103473,26.040220711356937 
 06/07  08:35:00,31.097568443951456,30.241707378060198,30.125099855394893,30.195243846988028,18.0,30.739862578845756,25.394372154622175,26.21000615556818,26.052770139353697,26.038811649462616,26.05422530785677 
 06/07  08:40:00,31.23278171203121,30.39603057037777,30.27377150009936,30.353127490255385,18.0,30.87402034857415,25.442603297886592,26.22680010355174,26.065361639717935,26.048796318469385,26.066884225703234 
 06/07  08:45:00,31.402936724216442,30.575569368030894,30.447367214197264,30.53589505892659,18.0,31.003355505349628,25.487358083438316,26.24005621487015,26.07484475459694,26.055675234621276,26.07643135952418 
 06/07  08:50:00,31.59240654518915,30.769044541729578,30.634609761338716,30.73230597369539,18.0,31.17324620587558,25.529962861866885,26.24996911212628,26.081649220600355,26.05985707398031,26.083295943573773 
 06/07  08:55:00,31.791552935551067,30.969647513640638,30.828795210951377,30.93558500619695,18.0,31.337870454373597,25.57044120620816,26.256390829631187,26.08575721824866,26.06134943573727,26.087462449934264 
 06/07  09:00:00,31.99406765162006,31.173039947020964,31.02572401013264,31.141422600992346,18.0,31.518281178006873,25.609436205380515,26.259505314797593,26.08748084359172,26.06047109427766,26.089241885746333 
 06/07  09:05:00,32.294135965895634,31.4416533082148,31.31283671159547,31.412124275750067,18.0,31.835371398185327,25.646915273656685,26.323663151820483,26.138342924403105,26.118806569364608,26.140175309937263 
 06/07  09:10:00,32.62920548332876,31.734293280198838,31.634451470297524,31.706642438910386,18.0,32.191761342952674,25.659519883435276,26.39782258858628,26.198139511005593,26.188079049656608,26.200064967601634 
 06/07  09:15:00,32.984856133762584,32.04128555618743,31.978313330023145,32.01534678864889,18.0,32.55183177993073,25.69209116934367,26.475855932929903,26.261790450473995,26.262478288882676,26.2637902151331 
 06/07  09:20:00,33.35377958928175,32.35774686303934,32.338534265262915,32.33338118014627,18.0,32.9644732359152,25.72402580543877,26.55339791190761,26.32495043382761,26.337754549211866,26.327029115885182 
 06/07  09:25:00,33.731345698394996,32.680644119363016,32.71158084565948,32.65773206206736,18.0,33.381280984468354,25.75582285866504,26.630522004123975,26.3878825158547,26.414120737630697,26.39003916273259 
 06/07  09:30:00,34.11438485951121,33.00797261002875,33.09518675454942,32.986409591767696,18.0,33.83407361310134,25.787404844770986,26.70712886294433,26.45060868590383,26.491605110404976,26.452842365154993 
 06/07  09:35:00,34.11476008965306,33.05736672977201,33.164351933225895,33.037046510408175,18.0,33.88211546679477,25.81872199713577,26.606382146244755,26.37999655136764,26.421466997447,26.382232795209404 
 06/07  09:40:00,33.993010758314796,33.008899526184926,33.12649436946168,32.98972116118015,18.0,33.87421221166234,25.83328288547489,26.502036609160427,26.30354946048169,26.34465846215761,26.305740135927977 
 06/07  09:45:00,33.80406701505901,32.901222000047945,33.02521091749464,32.88309974702104,18.0,33.866660890541645,25.845341289187168,26.398946276780862,26.225381318217444,26.266051334039958,26.227526641895793 
 06/07  09:50:00,33.57342630322078,32.75276433837978,32.88093773683626,32.735623503975184,18.0,33.749262528816296,25.85514945872537,26.297072168912223,26.145593685929157,26.185867488150905,26.147693309197734 
 06/07  09:55:00,33.31577240891535,32.574517992203035,32.70572534424649,32.558292628427466,18.0,33.63118127872679,25.86277611414799,26.196115242783605,26.064123251250066,26.10408793882459,26.066177386272216 
 06/07  10:00:00,33.040040797073615,32.3734729206663,32.507171769346286,32.358104186390776,18.0,33.44785591515379,25.868749014637256,26.09602399890923,25.981168896656754,26.020929764653943,25.98317654654477 
 06/07  10:05:00,32.63745677220422,32.046544988681525,32.17653820462654,32.031994360670645,18.0,33.13134601570767,25.872918835078107,25.817653900764185,25.719827787292047,25.757565588952616,25.72178745091321 
 06/07  10:10:00,32.18700417580169,31.666783864015578,31.791959531530836,31.653002959984768,18.0,32.74713320139286,25.868456086218632,25.518715862634224,25.43811645128835,25.47206969412173,25.450595202212526 
 06/07  10:15:00,31.860341316817703,31.251788930087468,31.372104796161434,31.095762462838888,18.0,32.36219180310076,25.86680897305851,25.308591948985338,25.174056053465847,25.20601958051884,25.099628256867845 
 06/07  10:20:00,31.40595565031404,30.810603363897894,30.926494710531827,30.61254990364298,18.0,31.90729653302353,25.86387806212522,25.023098788058064,24.889956934554107,24.918781589842297,24.83584897651565 
 06/07  10:25:00,30.912304229107427,30.34887799726784,30.461047084703765,30.13183732202861,18.0,31.45118607017336,25.859780478985233,24.722920949564923,24.623034751159253,24.650502094376634,24.551753263541627 
 06/07  10:30:00,30.395352259888103,29.870352718129624,29.97966462786418,29.645741583227174,18.0,30.949507678060577,25.85460876845855,24.442103049646335,24.336333980638017,24.36146437066759,24.286272957354015 
 06/07  10:35:00,30.021289096658357,29.528263419778984,29.641744695194866,29.30083109112093,18.0,30.636387443369756,25.848399636692807,24.23077151765733,24.140551870832837,24.166253407305476,24.082778420291447 
 06/07  10:40:00,29.692189309858936,29.230225377238675,29.349552836645675,29.00324005528886,18.0,30.33102702102499,25.849003016785236,24.020502806802995,23.938946609542654,23.964904682867314,23.880535709936964 
 06/07  10:45:00,29.38830866186856,28.956909547995686,29.08271132293131,28.73251889199454,18.0,30.025219611886374,25.849916413088067,23.81043853513347,23.73643890333676,23.762650259684392,23.678500410303002 
 06/07  10:50:00,29.100591763421917,28.699287169852827,28.83176021742987,28.478960481496596,18.0,29.75970699220225,25.85108995514412,23.600746784104103,23.533968928168633,23.560467672777918,23.47681138648295 
 06/07  10:55:00,28.823744730322282,28.452037873038954,28.591160034141737,28.23682561501637,18.0,29.49398355461857,25.8524344380493,23.39147437899385,23.331680046570625,23.358511249742833,23.275488405554484 
 06/07  11:00:00,28.55446212126047,28.21181994288953,28.35745191046244,28.002505625670967,18.0,29.250857390456712,25.85384262180542,23.1826173337613,23.1295595694819,23.156774150784315,23.07450105353672 
 06/07  11:05:00,28.411412154535792,28.09689890859809,28.253877466596265,27.89859235629338,18.0,29.149428429057878,25.85526670190501,23.182506913550696,23.13565516003672,23.165004527574524,23.08353882245001 
 06/07  11:10:00,28.315810865856562,28.02885423602688,28.198088189437563,27.84312138204457,18.0,29.08990905240747,25.86441464210067,23.186976671147818,23.14623240745857,23.17883607620331,23.09836109274255 
 06/07  11:15:00,28.249475300666763,27.989503730537358,28.17116975407753,27.8171689753269,18.0,29.029591959499925,25.869556474866148,23.193271638346744,23.15836513562806,23.19446676061682,23.115087979081807 
 06/07  11:20:00,28.20329874631542,27.969719648526553,28.16371047550021,27.81129791603339,18.0,29.024235942171675,25.874748580606788,23.20102139685042,23.17165447035785,23.211293271931027,23.133116969659454 
 06/07  11:25:00,28.171670094220406,27.963863481072067,28.16993693612337,27.819708428384946,18.0,29.0185784063199,25.879963170398987,23.209628626930794,23.185493174955695,23.228654327414176,23.151787221211293 
 06/07  11:30:00,28.15092222316311,27.968238375537656,28.1860866155206,27.838613264522188,18.0,29.04718082123426,25.885202277059296,23.218840894767368,23.19964090345684,23.24628302492812,23.17083046019991 
 06/07  11:35:00,28.323439683584287,28.160601174797534,28.41425830457623,28.044930910386924,18.0,29.331427824893716,25.890427992207385,23.322635629614865,23.306103945559016,23.36874989144428,23.28237184072003 
 06/07  11:40:00,28.566565937107086,28.42411080354975,28.724106433324653,28.3225043958536,18.0,29.69529249228462,25.904615801848443,23.425687027714957,23.41275689458098,23.491843055889603,23.393776707935444 
 06/07  11:45:00,28.850822794021955,28.73125238410192,29.08555241299146,28.644129717999828,18.0,30.062090581630386,25.9206854849245,23.527240694062357,23.519193945814436,23.615857736516205,23.505225381814853 
 06/07  11:50:00,29.16038204513289,29.067957483627616,29.483383382348737,28.9960142944183,18.0,30.539024602604744,25.93750809813773,23.626807521702972,23.62534623698332,23.740775757309223,23.616719738096776 
 06/07  11:55:00,29.503123477012753,29.4253681863191,29.908057492267304,29.386100466994417,18.0,31.019362937088307,25.955287887983925,23.73297633348284,23.731377126268967,23.86674822808766,23.736469374731428 
 06/07  12:00:00,29.86479350079384,29.797552513513413,30.353182852510667,29.80221814650241,18.0,31.575863512383922,25.97407670705331,23.83893538716518,23.837256322352687,23.993722679145947,23.85860541799417 
 06/07  12:05:00,30.303334093347402,30.244167515137363,30.872975397806574,30.29861618229038,18.0,32.18073776062374,25.993630040655955,24.06115053351141,24.05938959214552,24.234626349833434,24.096391831922915 
 06/07  12:10:00,30.773663407281298,30.720911923821138,31.425588392486812,30.833562744789653,18.0,32.848548393591145,25.998984100356843,24.291724247765558,24.289845258977493,24.48444459682588,24.344712815881962 
 06/07  12:15:00,31.26367775005056,31.216158034806647,31.99977362907003,31.39630070485654,18.0,33.517028270361216,26.01904061484177,24.524764932123617,24.522786773529333,24.737468699348426,24.597910056123453 
 06/07  12:20:00,31.766635432203138,31.723476526866225,32.58920138036261,31.98115129207988,18.0,34.240513018867105,26.039767598411935,24.756552054719634,24.754471731280773,24.98997047506606,24.852433954611683 
 06/07  12:25:00,32.278063790882356,32.2386070473839,33.18961761082222,32.584605547374004,18.0,34.96463684763414,26.061533091254798,24.987294551365324,24.98511380916659,25.242148484268455,25.108668812253995 
 06/07  12:30:00,32.79482458556382,32.75855988300248,33.79798892566004,33.2044462154211,18.0,35.727979119974485,26.08405418505139,25.216888588426343,25.21460836598851,25.49387679709514,25.366698553806998 
 06/07  12:35:00,32.995919280401225,32.96241200312435,34.01276564243001,33.474559319797685,18.0,35.97518952632383,26.107309122093262,25.284883348989126,25.282586793745622,25.544610645184548,25.44296684822399 
 06/07  12:40:00,33.08428475588032,33.05317270976261,34.08949917295158,33.61781054633462,18.0,36.14322201809636,26.11393428818417,25.34901511856185,25.34676230243315,25.592784368399975,25.513817681821138 
 06/07  12:45:00,33.103698513051825,33.074694005656085,34.083031915023874,33.68126229078367,18.0,36.31238032635535,26.11861784073524,25.411618647568957,25.409407312437338,25.6398382173835,25.581252965405042 
 06/07  12:50:00,33.07555615982168,33.04842533670646,34.02022858918629,33.687825027631895,18.0,36.31644747794596,26.121400367654974,25.472545368137162,25.47037545637602,25.685658917956516,25.64522797224481 
 06/07  12:55:00,33.012826017267734,32.987375718144825,33.91739962647799,33.6514554915524,18.0,36.32249598447592,26.12276032175622,25.531783328684355,25.52965489195458,25.73024983839474,25.705830779753796 
 06/07  13:00:00,32.92384698730559,32.899915408418046,33.78505722342661,33.581226954379325,18.0,36.22282591196954,26.122862632900176,25.58940984113059,25.58732364780343,25.77370283519349,25.763238730879834 
 06/07  13:05:00,32.778547118272996,32.75600086329704,33.594716400655216,33.44781247398119,18.0,36.08924955371506,26.121765908516448,25.5920732965119,25.590030313826787,25.762893859471774,25.76441453429976 
 06/07  13:10:00,32.60344522761647,32.58216507544147,33.37393157353252,33.27821626567172,18.0,35.87673481250154,26.13905515206901,25.585072187085416,25.5830967028312,25.74309150108968,25.75469382984494 
 06/07  13:15:00,32.40617398496514,32.386056401939726,33.13103380350043,33.08052267674163,18.0,35.66392337962084,26.13875092899646,25.572863040337666,25.570938382923032,25.718612017303826,25.738532164781418 
 06/07  13:20:00,32.19105963793601,32.17201394820587,32.870872904988126,32.85951133178301,18.0,35.38735898937282,26.137052711790258,25.559261242687057,25.55739350975705,25.69330965218421,25.719859184883376 
 06/07  13:25:00,31.960932244250223,31.942878384790564,32.596675594286175,32.61846783224805,18.0,35.10978366613486,26.13398888395185,25.544009332181872,25.542199420258157,25.66692039091737,25.698520162645934 
 06/07  13:30:00,31.717712843998534,31.700579589143917,32.31066870919213,32.35977761179404,18.0,34.785584764214285,26.129859253970004,25.527157423966628,25.525407010658455,25.639501866908176,25.674683291262113 
 06/07  13:35:00,31.648046867771868,31.631780211402887,32.277436741985426,32.387489278605784,18.0,34.83229643765664,26.124250710131705,25.6042651813421,25.602524416318033,25.749817990661427,25.809682720565775 
 06/07  13:40:00,31.521443268268182,31.50599297331287,32.4216168168524,32.74628752131466,18.0,34.92296764573734,26.127772058315188,25.616536016030125,25.61482093581168,25.905820941211573,26.063243012552107 
 06/07  13:45:00,31.50711915236497,31.49244018779166,32.55620700569558,33.05282309482693,18.0,35.01056214434601,26.133851154453662,25.703648402077533,25.701972657430474,26.0116282059588,26.2133256228866 
 06/07  13:50:00,31.53414721955262,31.520201092128897,32.708247772655106,33.38682456580826,18.0,35.208515274721485,26.13991039885703,25.78461267146463,25.782957098202303,26.115586948745488,26.367846918149837 
 06/07  13:55:00,31.586408906762358,31.57315830226495,32.872749230702055,33.750170004005135,18.0,35.40230792392122,26.14670662520401,25.864881136135068,25.86326262315515,26.21719183408345,26.525425353320884 
 06/07  14:00:00,31.655683188276388,31.643092390027743,33.04449136143566,34.14014232338118,18.0,35.664110558888076,26.15397442979643,25.944838388052403,25.94327059025909,26.31617259765892,26.685840490802264 
 06/07  14:05:00,31.66031072577562,31.648383107122974,33.12965118583758,34.4592367297941,18.0,35.763818835372206,26.161717182142574,25.9149588940968,25.913463486909222,26.295983006852225,26.727828329846375 
 06/07  14:10:00,31.59134683014742,31.580054927995622,33.32590600397086,35.18667028358242,18.0,35.87039132309367,26.158648231934688,25.85750360540385,25.856131067266347,26.34456656943928,26.98711834174452 
 06/07  14:15:00,31.547867488400552,31.537181390882566,33.40247033502673,35.65380895025664,18.0,35.9724539442137,26.168410443300655,25.834701967547176,25.8334671310663,26.319153306189833,27.037857639660842 
 06/07  14:20:00,31.505662651377335,31.495553060664445,33.43774357646668,36.0657792294589,18.0,36.03897343804576,26.174831637964445,25.808231834860862,25.807103488620328,26.283657492483144,27.09202763911179 
 06/07  14:25:00,31.462682817905122,31.453120330128183,33.445226924535596,36.45273569045248,18.0,36.10199696173364,26.181538355651245,25.78109730016888,25.78008033125559,26.24800798895251,27.14765713697625 
 06/07  14:30:00,31.41861134477823,31.409567216324305,33.43078033120382,36.8265443865518,18.0,36.13845701900763,26.188366367135995,25.753616126033876,25.752707785831603,26.209782306530258,27.204695079245084 
 06/07  14:35:00,31.46110779332546,31.452556679727575,33.49330577384869,37.308032161754035,18.0,36.28815052524134,26.195318290669444,25.765740995335648,25.764893143072754,26.217623327307365,27.320177844495277 
 06/07  14:40:00,31.53376006647581,31.52567843075283,33.57270377035595,37.82908537025751,18.0,36.440039561695336,26.207047635407143,25.78208816706325,25.78127152883974,26.226429513419248,27.43819748775155 
 06/07  14:45:00,31.62336020098322,31.615724541245445,33.6558805464052,38.37661178218223,18.0,36.587490674508814,26.21961492050854,25.798274933460448,25.797479631216106,26.228920299290508,27.558477952778162 
 06/07  14:50:00,31.72309182966967,31.71587916241499,33.736186857646324,38.94448434716408,18.0,36.75671000139401,26.23282309530808,25.813734598521023,25.812946504537763,26.226861487940766,27.68111115695308 
 06/07  14:55:00,31.828604882714593,31.82179297509149,33.80933965482857,39.52907864389801,18.0,36.920948165920805,26.246644224949193,25.82837278603523,25.827575859157605,26.220819307453382,27.806224953593414 
 06/07  15:00:00,31.93693291032545,31.930500418921095,33.87234511971908,40.12816311962583,18.0,37.09288121594676,26.260919008892586,25.842071179796847,25.84124719409931,26.210982329798128,27.933869484122226 
 06/07  15:05:00,32.132992849281784,32.126900861651286,34.029396579765404,40.87337023942817,18.0,37.43162681249049,26.27563659094764,25.97422919947911,25.973353617474572,26.319091178795304,28.205883093199304 
 06/07  15:10:00,32.36056128355402,32.35478741803122,34.2110072515284,41.680844013276,18.0,37.807548053739325,26.292663141624303,26.11080226223504,26.10982629314185,26.43384849581662,28.48791658747632 
 06/07  15:15:00,32.619348647245744,32.60071499794935,34.40065560076592,42.53329578190645,18.0,38.18068200741211,26.309860107133392,26.253135051695722,26.245826130737782,26.546220953792954,28.77556526650062 
 06/07  15:20:00,32.88474358097038,32.85760312988782,34.58942244923987,43.38822201324258,18.0,38.61251918366066,26.3274936961979,26.390080780171786,26.380668832159415,26.655083583223302,29.05110949526801 
 06/07  15:25:00,33.1561496579434,33.12083967775088,34.771257412755254,44.28913139201574,18.0,39.04115689387652,26.34550424060367,26.525528660754503,26.514149679063337,26.760366600073723,29.344356886542982 
 06/07  15:30:00,33.430724553215526,33.38719192125993,34.94165594810455,45.22076344970565,18.0,39.50478299227706,26.363885741606335,26.6594714078185,26.646166716241282,26.86223443122583,29.643289595883857 
 06/07  15:35:00,33.579347470252216,33.52786691249172,34.96143857788064,45.93069842519562,18.0,39.756500538083145,26.382582150594924,26.72747984096111,26.7127779698493,26.882425910844574,29.825526002311904 
 06/07  15:40:00,33.682246522651326,33.623009587864125,34.918749061750994,46.57382636239286,18.0,39.98444076942093,26.393561008695368,26.792725775003532,26.776755560770766,26.91570835878997,30.00791733623862 
 06/07  15:45:00,33.75666913876083,33.68988373185319,34.83209485555018,47.17925234983163,18.0,40.20817858838594,26.403850307804184,26.856685691675466,26.839595095201958,26.934647124227126,30.190252387931196 
 06/07  15:50:00,33.81094715064974,33.73683941579411,34.710208976780436,47.7605748352059,18.0,40.36568957138914,26.413457886166157,26.919321794925395,26.90128065360568,26.969865759467666,30.372359160718133 
 06/07  15:55:00,33.85009704932659,33.768910442476965,34.55816428288676,48.32566379660737,18.0,40.51953354870703,26.422327987294356,26.980529723308905,26.96173206662695,26.99277173202097,30.553992919058942 
 06/07  16:00:00,33.87732530377256,33.78931945697655,34.383774700251756,48.879290876045054,18.0,40.62576862514509,26.430768062130948,27.040438674572783,27.021107464124157,27.03690997196736,30.73512696678165 
 06/07  16:05:00,33.84641846403504,33.85790981392905,34.23485561484584,49.372424160308,18.0,40.68753014470456,26.43876213808869,27.018794807974132,27.02351363731441,27.016302759889584,30.83347871506635 
 06/07  16:10:00,33.78953462063497,33.955453071476946,34.10199278718245,49.84207356355417,18.0,40.70390346284051,26.45464940060863,26.99062903827246,27.025252286105683,26.988403186732626,30.926670597126815 
 06/07  16:15:00,33.71454663039199,34.07140979415851,33.972527811467124,50.29627838802677,18.0,40.71601403809953,26.463463850125912,26.959604149678285,27.03149529908552,26.957639311079106,31.01742295578714 
 06/07  16:20:00,33.654009989695346,34.27286059018549,33.871418708017394,51.45074427756744,18.0,40.68221363595815,26.471865019814878,26.94301891995849,27.08092586403677,26.941436760136128,31.45720672497214 
 06/07  16:25:00,33.56861241080703,34.457486387444874,33.755001394542774,52.108067053061525,18.0,40.64387150277321,26.48871828474709,26.91495263781411,27.110896540616068,26.913886177671202,31.53999113313523 
 06/07  16:30:00,33.470972480910234,34.649598933515165,33.63311606675936,52.66286615897558,18.0,40.567966419702216,26.497672957867785,26.883333440880563,27.146130922202133,26.882936682758555,31.626775331023623 
 06/07  16:35:00,33.31399830922237,34.77985737072959,33.45683871272418,52.89509418572225,18.0,40.357918662092374,26.506535841134458,26.824961803322253,27.15600789637432,26.82535095293281,31.580920231286484 
 06/07  16:40:00,33.12962456184447,34.88695497913166,33.25683432169747,53.002357192992335,18.0,40.09174110148543,26.510547189546187,26.763945892195807,27.167747123407025,26.765258775597317,31.532290420267145 
 06/07  16:45:00,32.925411989924406,34.978388144011674,33.03975994688699,53.02801543801258,18.0,39.82374436236955,26.513673451955874,26.701465845316477,27.1824009772954,26.70383247013291,31.479209630308333 
 06/07  16:50:00,32.70522375685765,35.057438821248184,32.80883495213288,52.99407448740078,18.0,39.48318042545669,26.515872269136928,26.637452767911384,27.19928722916677,26.640998249260292,31.421596656479267 
 06/07  16:55:00,32.471447476953635,35.12586445669895,32.56597925838339,52.913595929750805,18.0,39.140786981735765,26.51716660156266,26.571858765675472,27.217750348046536,26.576702588662272,31.359342020343036 
 06/07  17:00:00,32.225625185382064,35.18458569269108,32.312389564270184,52.79464070252426,18.0,38.7451978146869,26.517680403246455,26.50472555454371,27.237186608065656,26.510980514275957,31.292405261532963 
 06/07  17:05:00,31.966501201854804,35.23104944065924,32.04637042156445,52.61450246397688,18.0,38.27824612503683,26.51740628391565,26.43931802219487,27.256874711795263,26.447053197065884,31.21310878321509 
 06/07  17:10:00,31.697609428824038,35.26722454014709,31.771395580519037,52.39596670871388,18.0,37.75950541621512,26.471679237660513,26.384046679266476,27.294120402719727,26.393311090977193,31.138955261852743 
 06/07  17:15:00,31.420322654814285,35.29339025172279,31.48871631664451,52.144814619000286,18.0,37.24196622115417,26.463318490704346,26.336880710122614,27.335863977148733,26.347775221734423,31.067784266215597 
 06/07  17:20:00,31.135498188211823,35.309432785024754,31.199085534090944,51.86409948561078,18.0,36.67205268216329,26.454708853093177,26.288839402987264,27.375251137759278,26.30140208206501,30.99166290084088 
 06/07  17:25:00,30.80201882673215,35.3149998419168,30.90299064289068,51.72411276623033,18.0,36.10348225247553,26.446514071402856,26.236595184682926,27.412682306509282,26.25475400874791,30.984355263272846 
 06/07  17:30:00,30.49250544507856,35.30954785613879,30.600737151610215,51.43309860913655,18.0,35.49951162168856,26.438473310827547,26.190306445483884,27.44759175122431,26.20775784246183,30.895271040510238 
 06/07  17:35:00,30.23647895399014,35.24180700100854,30.34510544031066,50.764327420196985,18.0,34.880690189978964,26.430150062965296,26.1691287885929,27.447249979595426,26.18490338462999,30.644043177427875 
 06/07  17:40:00,30.001364327332816,35.13657607992134,30.10702978037779,49.958902552977676,18.0,34.2457285012214,26.42108904147704,26.148764379319687,27.438204373569306,26.162702326272836,30.393684916306256 
 06/07  17:45:00,29.779546958523685,34.998197741926326,29.88033474624671,49.066476902009086,18.0,33.62332689002475,26.411548917797884,26.129873931925545,27.424020393509693,26.14204733821896,30.142156181258088 
 06/07  17:50:00,29.569305471506535,34.82879950193207,29.664132725336678,48.10900922105604,18.0,32.997753030876304,26.40156923463134,26.11329188970467,27.397012215867562,26.12376209923127,29.888069816387542 
 06/07  17:55:00,29.365224714733884,34.62868459928415,29.45350477131296,47.10714632354189,18.0,32.38481840505634,26.391126844576153,26.096879958068484,27.35961700730394,26.105662883511854,29.634717523978566 
 06/07  18:00:00,29.16673174964129,34.3986283057354,29.248218499527457,46.06971136304413,18.0,31.78389275145643,26.380194111315976,26.08151720392027,27.31256522313265,26.088637446270866,29.38080879217307 
 06/07  18:05:00,28.91501556088655,34.10034744133138,28.995610790075183,45.02670976793434,18.0,31.201919083489475,26.36837041023362,25.87806049602125,27.081946174611517,25.881444540851817,28.977102171666502 
 06/07  18:10:00,28.643712573159092,33.756825464938224,28.725059196555414,43.95912762036652,18.0,30.632734289842265,26.23075490518344,25.69816787883417,26.86429038273053,25.69772420714372,28.592403243262424 
 06/07  18:15:00,28.36015091357215,33.372525612338556,28.442830823422092,42.864523707065466,18.0,30.06552598460537,26.197258356511313,25.53941327429976,26.657374254599404,25.535277230036513,28.221937053276974 
 06/07  18:20:00,28.067795026270197,32.94916279337419,28.15183812574562,41.74220993376745,18.0,29.51234456476886,26.164257279541367,25.378521970959582,26.438627405711486,25.37041076819787,27.84381176158729 
 06/07  18:25:00,27.741068124628722,32.22518074354744,27.825797083838236,40.01069440078693,18.0,28.961406220891373,26.133546028943798,25.201656051865257,26.071373199156312,25.18896061539283,27.143376209815415 
 06/07  18:30:00,27.426799844437934,31.619135986430976,27.511723038391327,38.628983371467065,18.0,28.422228252213525,26.093963187846963,25.03712375571388,25.824151394579815,25.01995924649225,26.751999402206593 
 06/07  18:35:00,27.13171930214743,31.178464944475255,27.21641845622372,37.65135828479657,18.0,27.934892544452886,26.063384540163682,24.890285068532023,25.668386257034797,24.8700931153287,26.547577596074348 
 06/07  18:40:00,26.84223838493135,30.797230359767,26.92613746130401,36.827504273065124,18.0,27.464589789310057,26.03806754513304,24.745611186211022,25.515489704269726,24.722430819500914,26.34412031532827 
 06/07  18:45:00,26.554952888660964,30.454601235197927,26.63738838457087,36.10665642803176,18.0,26.991357489520446,26.01465182201237,24.60210356071991,25.3652873056796,24.575937692714888,26.143403029355284 
 06/07  18:50:00,26.268104788614806,30.096779389316225,26.348346479598234,35.37538394504008,18.0,26.539744003324554,25.992802111185558,24.460026873393645,25.194158084093772,24.4308717404748,25.906793696088812 
 06/07  18:55:00,25.98056902984738,29.67399539933645,26.057836444174868,34.5418023334867,18.0,26.085364176336647,25.97103359451543,24.324923926424844,24.979836601585646,24.279609652601664,25.603343226093102 
 06/07  19:00:00,25.691586590173273,29.218045279039153,25.765065144820937,33.67622085172035,18.0,25.642664648833918,25.948236672566132,24.186683194728573,24.763809368020077,24.131255964575587,25.298145546161777 
 06/07  19:05:00,25.410485219731434,28.723445004425013,25.477824214668917,32.76106465405148,18.0,25.200462396976445,25.925417938358994,24.077030481346867,24.573405681271083,24.024124285091034,25.010498913236347 
 06/07  19:10:00,25.133550274573427,28.19773094686591,25.19359104440756,31.81959375566425,18.0,24.773562158986305,25.895347774048414,23.965017016523575,24.380811666408476,23.906083925469943,24.723419300146304 
 06/07  19:15:00,24.86083178836233,27.636558959471863,24.91278000946087,30.847799111031257,18.0,24.355462132866855,25.87116274436856,23.848935789837583,24.181291749191246,23.796073141514285,24.428229149208562 
 06/07  19:20:00,24.413598483939673,26.30234760592298,24.45311754287203,28.753104846126167,18.0,23.72401704627523,25.84607893981306,23.559218956461507,23.550723584799528,23.515551232331063,23.494363250439164 
 06/07  19:25:00,24.13048138388943,25.612089132625837,24.158415675580454,27.674841666934267,18.0,23.40801960998569,25.795971256847086,23.482042927834016,23.481525517525938,23.44147701442796,23.438810803247407 
 06/07  19:30:00,23.901850171117648,25.105912510221923,23.919986705032706,26.88701192437028,18.0,23.07137030700769,25.769934416531385,23.40768277238726,23.407304846762145,23.368346555529968,23.366421642389298 
 06/07  19:35:00,23.705609929979456,24.703997807003322,23.715376146789037,26.265821939593543,18.0,22.73645029185697,25.743889448385648,23.332487567986675,23.33211020171541,23.294442744129242,23.292576333565194 
 06/07  19:40:00,23.531818217281618,24.372390447831542,23.53447191682114,25.757837175445562,18.0,22.467946837378467,25.718779679942376,23.257306734115787,23.256918535898876,23.22057738081685,23.218692487845942 
 06/07  19:45:00,23.37431737626421,24.090806463444146,23.370958426162257,25.3309786303791,18.0,22.200723785011064,25.694404011220144,23.182171609496265,23.18177735276771,23.146776788250634,23.144869627435583 
 06/07  19:50:00,23.22895559959201,23.84596559383731,23.22053816912435,24.96418036652456,18.0,21.97948943599802,25.670578264460293,23.10702299950708,23.106628753811947,23.07297482702097,23.071051381189022 
 06/07  19:55:00,23.077224463769102,23.62935840518841,23.0801741550575,24.631243820293744,18.0,21.75920711225349,25.64721722527401,23.000607290513358,23.031456930691036,22.999150983087475,23.028514279854164 
 06/07  20:00:00,22.941464030669497,23.434639628981312,22.947664806262534,24.3439697101513,18.0,21.572393247999205,25.624217217231994,22.925351241818134,22.956224781220442,22.92526403551733,22.95461190265371 
 06/07  20:05:00,22.82048182245904,23.26530165147955,22.828237395931765,24.097127436807313,18.0,21.379211779648802,25.601503527189696,22.834627905634306,22.8666336164589,22.83475483088148,22.865228119200424 
 06/07  20:10:00,22.708057562199095,23.112658008898187,22.716595530135947,23.87731692476604,18.0,21.20847296331239,25.516307311754964,22.755977453404114,22.788914412030636,22.756124477961123,22.787594516647005 
 06/07  20:15:00,22.601916587088635,22.972730177309376,22.610786810622596,23.67816191838753,18.0,21.037659863982228,25.468852463341058,22.688366267593324,22.72197784386333,22.688560102601173,22.720668154868463 
 06/07  20:20:00,22.50063568292708,22.84280609943228,22.509560858181008,23.495383010419214,18.0,20.88174983529394,25.4238391638036,22.621732354493304,22.655904281403593,22.621957764294848,22.65461096590286 
 06/07  20:25:00,22.403207749592067,22.720887771777633,22.412014884851068,23.326215998289097,18.0,20.72578057472607,25.38183243512372,22.556232355944985,22.59093104207119,22.5564892304742,22.589651578659982 
 06/07  20:30:00,22.308890237446107,22.605463870012116,22.31747212565727,23.168437034384596,18.0,20.580996185876586,25.3421242258857,22.49159928120639,22.526798663689704,22.491887265513526,22.52553197413124 
 06/07  20:35:00,22.217121395906446,22.495371023934435,22.225413340498385,23.020144433493158,18.0,20.43616246205462,25.3042757659442,22.427649424493836,22.463329827672737,22.42796817063936,22.462075011673335 
 06/07  20:40:00,22.127467753646442,22.389700907935918,22.135432939221946,22.87984006305867,18.0,20.29979785549911,25.26786269867044,22.36418858837112,22.4003354864206,22.364537332433997,22.399092076111287 
 06/07  20:45:00,22.039589485186355,22.287735762213913,22.047209527857234,22.746323524697207,18.0,20.163390666995596,25.232691774586367,22.301154896769503,22.337756707052108,22.301533229691643,22.33652388221168 
 06/07  20:50:00,21.953216751973628,22.188902527888693,21.960485473279324,22.61862366207465,18.0,20.033465873400495,25.198479655817074,22.238417035623,22.27546497190548,22.23882413973081,22.27424229386179 
 06/07  20:55:00,21.868133034569496,22.092739528142648,21.87505229937415,22.495948325590984,18.0,19.903503312446368,25.165142605742613,22.175962321368615,22.21344906275567,22.176397793105934,22.212235672305837 
 06/07  21:00:00,21.784163059888375,21.99887180826261,21.790739964973298,22.37764642179591,18.0,19.778554830399877,25.13248873552281,22.113700591710426,22.151620464784173,22.114163692599732,22.150415815917654 
 06/07  21:05:00,21.718928340999728,21.925156593106944,21.725170894636907,22.28121027418267,18.0,19.67160792076356,25.100483584162657,22.08501370222632,22.123761121776965,22.08550306656457,22.122566590993983 
 06/07  21:10:00,21.661983138817337,21.860694246238243,21.667903536514853,22.195667744422575,18.0,19.573015449984695,25.065728338749295,22.089303319952364,22.127811697498146,22.089807392496482,22.126653885846054 
 06/07  21:15:00,21.61065774024204,21.802631564851218,21.616269637001555,22.11801511937295,18.0,19.47439140748697,25.147508764870857,22.117742886412543,22.155735949040604,22.118322364441894,22.15453566297583 
 06/07  21:20:00,21.563516891424737,21.749411786066702,21.56883457904245,22.046557081877513,18.0,19.386308281446407,25.22025946497228,22.10367852651052,22.142293515640574,22.104287180011966,22.141085314047984 
 06/07  21:25:00,21.519611390799867,21.699994649955507,21.52464930894209,21.980130421141535,18.0,19.29819760173004,25.186833606756554,22.060852226132454,22.100338790761782,22.061421331473184,22.099179515214473 
 06/07  21:30:00,21.47827623693236,21.653643733587096,21.483048662986054,21.91789028595905,18.0,19.21769938055512,25.128794918703008,22.02214480522025,22.062976783891827,22.022712158641525,22.061829258706553 
 06/07  21:35:00,21.43903219735432,21.609822152253237,21.443553052330696,21.85920426810237,18.0,19.137178719579445,25.07531059964875,21.98877368839294,22.030868216293243,21.989403392405507,22.02974692753901 
 06/07  21:40:00,21.401526681909633,21.568129744745793,21.40580941106033,21.803587878549884,18.0,19.062355299486846,25.027184585963344,21.958018605925247,22.00079923456326,21.958588756949325,21.99972406022914 
 06/07  21:45:00,21.365494548569707,21.52826141406105,21.369552049231576,21.75066124914769,18.0,18.98751296044593,24.982851796930916,21.928405806358683,21.97204429829185,21.928982986517553,21.970993712670406 
 06/07  21:50:00,21.330731009227,21.489978329980552,21.334575589428866,21.70011887986173,18.0,18.917026223616016,24.942065299953867,21.900277108433897,21.94475680093774,21.90086548498448,21.943722968901398 
 06/07  21:55:00,21.297073020658264,21.45308811590502,21.300716379360214,21.651708612285223,18.0,18.846523129073812,24.903881498208015,21.87317633644443,21.918471414557757,21.873776612429765,21.917451448135353 
 06/07  22:00:00,21.26438690807915,21.417431599067527,21.267840131666876,21.60521740484935,18.0,18.779410365845738,24.867826466976847,21.846916245715192,21.89300378695708,21.84752888085916,21.891995557709834 
 06/07  22:05:00,21.253139694811754,21.399848988835615,21.256392646076645,21.576496672241785,18.0,18.78839385260343,24.833465473882473,21.82711779824558,21.86973910440338,21.82773643151245,21.868748140166645 
 06/07  22:10:00,21.2513178262771,21.390094417817313,21.254374252963043,21.555949740224797,18.0,18.817939084355704,24.746127829206543,21.82087745281217,21.859237212201037,21.821458167707817,21.858305355758034 
 06/07  22:15:00,21.2557689951491,21.38548402839437,21.258635867540093,21.541028265854294,18.0,18.846622051260827,24.698234201413193,21.820506655340694,21.85455002948561,21.821100138798613,21.853630357125837 
 06/07  22:20:00,21.264733968021623,21.384548145986777,21.267419712594286,21.53031261055432,18.0,18.905726206923752,24.652254378006,21.85323308327844,21.881462037424797,21.853819528471433,21.880560857312275 
 06/07  22:25:00,21.277010791386008,21.386305282365786,21.279524553668733,21.522837057900553,18.0,18.963195940604454,24.717691865186794,21.906330390183257,21.928609819939936,21.90697071419197,21.92767594238876 
 06/07  22:30:00,21.291730848568836,21.3900625407525,21.294082059919866,21.517905602203,18.0,19.038626662022093,24.769264414422615,21.94904011869812,21.96573949408389,21.949671953579127,21.964827164765893 
 06/07  22:35:00,21.308248754284087,21.39531685174596,21.310446857415013,21.51500105541999,18.0,19.112036195064423,24.81170441898637,21.985841335385487,21.997224617726886,21.98646331401244,21.996332921272938 
 06/07  22:40:00,21.32607734045046,21.401697042500384,21.328131613351054,21.513731788425797,18.0,19.19520538410407,24.845772373956574,22.01746868763496,22.023739303697653,22.01807527107684,22.02287233855884 
 06/07  22:45:00,21.34484630798874,21.40892750238605,21.346765752361136,21.513798308399995,18.0,19.27620448073098,24.87398430547983,22.045503482128424,22.046830526489316,22.04609565296164,22.045986237658667 
 06/07  22:50:00,21.364273917043825,21.41680369416804,21.36606718948902,21.51497061246307,18.0,19.361476239295023,24.897102091527028,22.07048013657436,22.067007930199793,22.07105772973125,22.066185547396458 
 06/07  22:55:00,21.384146098238332,21.425174308870204,21.38582146966609,21.51707150235529,18.0,19.44457972717457,24.915719895464314,22.092956360023663,22.084815299459535,22.093520205875734,22.084011396777555 
 06/07  23:00:00,21.404300241474754,21.433927535955252,21.405865575174836,21.51996357302126,18.0,19.5283973271249,24.931185145248037,22.11353201280349,22.10093912186761,22.114081665528204,22.10015564650189 
 06/07  23:05:00,21.417669876008024,21.441353017919454,21.419144522592592,21.522350231275677,18.0,19.574376749219358,24.943196023302534,22.12707297050838,22.115555495339436,22.127614591605948,22.114790817249173 
 06/07  23:10:00,21.42873448659016,21.448575137798368,21.430128573876235,21.52500599112159,18.0,19.613482659954496,24.942634473107773,22.141586767214676,22.131141766637825,22.142115251124096,22.130402863568634 
 06/07  23:15:00,21.43855683003423,21.45585599057611,21.43987790901749,21.52808977523081,18.0,19.652792250994853,24.949795968791694,22.156545621517807,22.147285570565487,22.157071901081565,22.1465601078919 
 06/07  23:20:00,21.44766263916555,21.46331999383489,21.448916816477503,21.531665951555972,18.0,19.680519215596508,24.954960297969002,22.170702434714826,22.162633506498366,22.171224248961494,22.16192305780811 
 06/07  23:25:00,21.456373150596438,21.47103821899076,21.457565551177595,21.53576361950647,18.0,19.708379171761138,24.95953612660533,22.1844984249351,22.177612813785686,22.185016700493065,22.17691588467892 
 06/07  23:30:00,21.464895820084017,21.47905160853249,21.466030853392617,21.54039232793084,18.0,19.729492802908574,24.96322559940649,22.197919184653927,22.192194171798064,22.198434092418097,22.19151010909286 
 06/07  23:35:00,21.47336782858732,21.487382258279137,21.47444935806547,21.545549594591947,18.0,19.75071014979163,24.9660140095964,22.210996369117424,22.206405503775443,22.21150796480771,22.205733789187207 
 06/07  23:40:00,21.481880968205797,21.496040016880606,21.482912425454714,21.55122532528636,18.0,19.7678310465051,24.967971159294482,22.223798996134178,22.220315270789797,22.224307483871826,22.2196552562458 
 06/07  23:45:00,21.49049686669555,21.505026643037763,21.491481332109824,21.557404637560342,18.0,19.78503751545794,24.969133218116937,22.236354246977157,22.23395035531769,22.23685965258312,22.233301592828525 
 06/07  23:50:00,21.49925668972756,21.51433853800347,21.50019695183167,21.56406974432002,18.0,19.799738828399153,24.969584241173845,22.248719646812503,22.24736888649693,22.249222133064336,22.246730810174256 
 06/07  23:55:00,21.50818751237123,21.523968590906893,21.509086113018252,21.571201236707896,18.0,19.814514802684656,24.96936635640095,22.26091298783416,22.26058879010759,22.261412551150897,22.25996102176191 
 06/07  24:00:00,21.517306603049466,21.53390744719407,21.51816587281614,21.578778964118143,18.0,19.82777587708003,24.96855783696715,22.27297988395651,22.273656167589365,22.273476643187166,22.273038226357187 
 06/08  00:05:00,21.477304730317783,21.49480231110485,21.47812713115343,21.537456726295638,18.0,19.77434864063067,24.967199325622584,22.195036624774787,22.196869992006555,22.19553185757144,22.196258801254885 
 06/08  00:10:00,21.41816124398756,21.436609774069133,21.41894878834727,21.47716731875952,18.0,19.705350530359958,24.9625255415126,22.11074145587628,22.113604764200716,22.111256962218476,22.112979529561812 
 06/08  00:15:00,21.347079645811082,21.366532480124015,21.34783416647229,21.405103700817737,18.0,19.63644431497514,24.957458948627906,22.02549752555194,22.02935255431305,22.026030620266795,22.02871588951274 
 06/08  00:20:00,21.267695527376738,21.28820848762243,21.26841871825269,21.32489628672622,18.0,19.54313380842986,24.951685137469955,21.939955874777183,21.944784532758263,21.940506311363265,21.944136453759597 
 06/08  00:25:00,21.182287444265434,21.203919220463106,21.18298088314283,21.23881994518475,18.0,19.449750672954366,24.945212710184585,21.8542165141219,21.86000416597966,21.85478428670808,21.859344439629808 
 06/08  00:30:00,21.092375883643268,21.115187596084787,21.093041048840217,21.14839179738279,18.0,19.340605174049355,24.938148060354376,21.768342055641824,21.775074922329736,21.76892743377232,21.774403055408243 
 06/08  00:35:00,20.99901049940285,21.023065042293123,20.99964878294856,21.05465804345191,18.0,19.231300998785514,24.930506500884995,21.682326818338538,21.689991331784427,21.682929877039328,21.689307040538665 
 06/08  00:40:00,20.902934601569303,20.928296000605826,20.90354732004544,20.958358347385715,18.0,19.111129958640895,24.922367334485415,21.596203877563767,21.604786674684533,21.59682486159852,21.604089521842695 
 06/08  00:45:00,20.804685774364167,20.831418637192503,20.805274177913432,20.860026469747464,18.0,18.990734900816395,24.91374436396924,21.509967772114123,21.519455591959172,21.51060679212003,21.51874528728399 
 06/08  00:50:00,20.70465994421594,20.732829018940173,20.705225223977198,20.760054388867037,18.0,18.862495968684623,24.904697408375917,21.423642669954916,21.43402234082754,21.42429996964222,21.433298474959713 
 06/08  00:55:00,20.603153431764582,20.632823263796706,20.603696725928167,20.658734410612272,18.0,18.733982117014037,24.89523831219281,21.337224650215262,21.34848306950272,21.33790038418016,21.347745333260264 
 06/08  01:00:00,20.50039124343166,20.53162591313392,20.50091364210492,20.545911203698502,18.0,18.599547939492254,24.885413103756512,21.25073194165134,21.262856025872566,21.251426373421282,21.2511029795088 
 06/08  01:05:00,20.437608357799924,20.470508905380203,20.438110802425022,20.48982206419671,18.0,18.53132841372145,24.875204574276896,21.242685939986643,21.255204844087473,21.243402030843697,21.25322547436997 
 06/08  01:10:00,20.390423501356437,20.424969773621807,20.39090701505365,20.444664707316942,18.0,18.47386908186322,24.86566483265609,21.237095056701662,21.249924788093267,21.23780923109649,21.24860287520886 
 06/08  01:15:00,20.353007436207683,20.389148897786512,20.35347301217372,20.408544193709677,18.0,18.416303576893878,24.856151719943053,21.232582615757735,21.245676241288493,21.23329833005903,21.2446976988104 
 06/08  01:20:00,20.322418178407784,20.360090305224404,20.322866773846393,20.3789569373591,18.0,18.380440698298298,24.84663684269252,21.22869666216019,21.241986046179704,21.22941492800362,21.241140673411792 
 06/08  01:25:00,20.296808576176762,20.33593933830188,20.29724111090819,20.35416863577025,18.0,18.344627223491642,24.837125996810556,21.225257182181736,21.238666696677228,21.225978499556277,21.23787389611715 
 06/08  01:30:00,20.274944321990304,20.31545743419314,20.27536167786352,20.332997431054807,18.0,18.322949688591528,24.827606792523014,21.222184383670537,21.235634934209088,21.222908993818123,21.234862739111463 
 06/08  01:35:00,20.25597293997211,20.297789547352576,20.256375960467082,20.314620029209376,18.0,18.301408974095782,24.818085026742246,21.219457135788616,21.232867312457472,21.22018526514512,21.23210292759819 
 06/08  01:40:00,20.23929117271428,20.282330707410512,20.239680662608354,20.298450232926623,18.0,18.28971715620071,24.80854985291173,21.217059559555935,21.230346785074858,21.217791353813425,21.229585044268674 
 06/08  01:45:00,20.224463620849633,20.268644210230544,20.22484034604108,20.2840626889993,18.0,18.278224323786016,24.799006569368824,21.21499616337178,21.228076392460025,21.215731804743086,21.227315074849685 
 06/08  01:50:00,20.211170786539554,20.256409419239922,20.211535474154662,20.271143653205556,18.0,18.273915732819425,24.78944745764926,21.21326431613693,21.226052580528005,21.21400393222092,21.22529069382091 
 06/08  01:55:00,20.199174880321653,20.24538744455658,20.199528219182394,20.25945835849304,18.0,18.269852930232574,24.779876788631583,21.21187292548234,21.22428283168955,21.212616668952933,21.223519827089945 
 06/08  02:00:00,20.188296762764736,20.23539802096022,20.188639404230226,20.248828899644817,18.0,18.27126532232796,24.770290084947142,21.2108246090213,21.222768664969635,21.211572589396724,21.22200422102719 
 06/08  02:05:00,20.211836256611583,20.257526050787522,20.212166390730673,20.270268600731892,18.0,18.333574139976758,24.760690699335147,21.26022690200932,21.27055212800019,21.260967571487527,21.26979442861233 
 06/08  02:10:00,20.24992167500335,20.293029590394998,20.25023908734983,20.305088285046715,18.0,18.413537370960757,24.751666185487693,21.31096875790331,21.319812006171787,21.31168917058835,21.319073818636184 
 06/08  02:15:00,20.297409722274676,20.337108079089678,20.2977145721366,20.348500440512655,18.0,18.492715222125536,24.74291763533039,21.361867303453096,21.369279688595725,21.36256923918097,21.368559210311048 
 06/08  02:20:00,20.360992941472084,20.387199569369308,20.35180997213286,20.388695729112456,18.0,18.596312541367812,24.73440182473894,21.417737016684725,21.418738324783362,21.413401637362654,21.413006837325497 
 06/08  02:25:00,20.421372236843744,20.441627788285814,20.41068066436624,20.441019429446385,18.0,18.698707181614164,24.7261229165192,21.46746064401964,21.46815742074125,21.464154927561708,21.463496654993833 
 06/08  02:30:00,20.48289443805878,20.499231499194003,20.473032697221512,20.498842576004463,18.0,18.81541469299397,24.718049995113873,21.51687984342425,21.517513858235986,21.514803548320174,21.514117331579882 
 06/08  02:35:00,20.54566766891986,20.55918192077165,20.53793138776351,20.560322511270545,18.0,18.930676596498397,24.710190519421694,21.566200118402207,21.566812951826932,21.56535089138896,21.56467653842526 
 06/08  02:40:00,20.609470614778616,20.620874710389504,20.60468738774749,20.624396903020187,18.0,19.053823768701942,24.70251442610808,21.615441126983853,21.616039336382528,21.615780029620282,21.615123401205665 
 06/08  02:45:00,20.674077488333776,20.683861608157,20.672784018104732,20.690330817217713,18.0,19.175421097704753,24.69503249009184,21.664617806457386,21.66520258343394,21.666099480798152,21.665461071457287 
 06/08  02:50:00,20.73929324274072,20.747805410214085,20.741828975703946,20.75759125954547,18.0,19.300665943060093,24.687716975172144,21.713718400082485,21.71428997042551,21.71629582081914,21.71567542569187 
 06/08  02:55:00,20.804955971397085,20.81244941952342,20.811521247874218,20.825782452678045,18.0,19.424345050616598,24.680581197114268,21.762754502834127,21.76331303663295,21.766380115583615,21.76577734117643 
 06/08  03:00:00,20.870933342235357,20.87759622668539,20.881627892188657,20.89460563572465,18.0,19.54891383748888,24.67359959630989,21.81171521357885,21.812260750085784,21.816341227385237,21.81575578807326 
 06/08  03:05:00,20.888670742365303,20.894680700099535,20.899846206392148,20.911813673366915,18.0,19.58163374655159,24.666787819544027,21.782425797503947,21.782964262356927,21.786455899868827,21.785878511852218 
 06/08  03:10:00,20.887958792143564,20.89343217925573,20.89845456181839,20.909571585624516,18.0,19.59629121593551,24.659130161055742,21.748666387032927,21.749217135274876,21.751958103827064,21.751368791006655 
 06/08  03:15:00,20.875929952968736,20.88095315399271,20.885121075768627,20.895504121738774,18.0,19.611515906619662,24.65124115665051,21.714217733798023,21.714778282385737,21.71676740415063,21.71616857159404 
 06/08  03:20:00,20.85614888208866,20.86078815625696,20.8636488214851,20.87338725683494,18.0,19.596909643137774,24.64316033287909,21.679624029131787,21.680193989523616,21.681454952123545,21.680846910869377 
 06/08  03:25:00,20.830829687359763,20.835136914326636,20.83638532068275,20.845549704823867,18.0,19.582499787799684,24.63490179082951,21.64498307565077,21.645562345306416,21.646122923260805,21.64550570184656 
 06/08  03:30:00,20.801437328340917,20.805453847650508,20.80487533385339,20.813522674481245,18.0,19.54973193029263,24.626484833008465,21.610322371944903,21.610910894208587,21.610799670428946,21.610173256258008 
 06/08  03:35:00,20.768974693292428,20.772733971521546,20.770171256377772,20.778348542467317,18.0,19.516984653566347,24.61792596371956,21.57565532469107,21.57625304903098,21.575498984077967,21.574863362039935 
 06/08  03:40:00,20.734146080842105,20.73767560755077,20.733009039089538,20.74075569029755,18.0,19.472075399428146,24.60924147939161,21.540992738040927,21.5415996263622,21.54023206767988,21.539587212606705 
 06/08  03:45:00,20.69745660005791,20.700779260429343,20.693914629495588,20.70126423486128,18.0,19.42705720760482,24.6004467230964,21.506344003690856,21.506960034317785,21.505008787462884,21.50435465906247 
 06/08  03:50:00,20.65927506059759,20.662410144944346,20.653270996376882,20.660252573489686,18.0,19.37354497196311,24.591552181229975,21.47171550210851,21.47234066126532,21.46983604561865,21.469172596233022 
 06/08  03:55:00,20.619874981231295,20.62283893784883,20.611361637987798,20.61800056117757,18.0,19.31982463224722,24.582572614700986,21.437115920119993,21.43775023038694,21.43472315969001,21.434050305012647 
 06/08  04:00:00,20.579461997202014,20.5822690009428,20.568399540710878,20.574718236335514,18.0,19.259845764964297,24.573512870100547,21.40254818710889,21.40319167196151,21.39967366057448,21.39899131504734 
 06/08  04:05:00,20.526970666002708,20.52963718121942,20.51263705842728,20.518668222307458,18.0,19.173526443337895,24.564386969489547,21.349165968422994,21.349820472992917,21.345334033193353,21.34463942108698 
 06/08  04:10:00,20.4691159092209,20.47165404688684,20.45117168848181,20.4569371414665,18.0,19.075613532920997,24.554959426376556,21.294655865610707,21.29532646857558,21.289845829275237,21.28913355805065 
 06/08  04:15:00,20.407551978981076,20.40997193909863,20.38574757439543,20.391265281381138,18.0,18.97655995538825,24.545399569252087,21.239844461881773,21.24053093871646,21.234038183289726,21.23330837267531 
 06/08  04:20:00,20.343121571593148,20.34543219328717,20.31725571571346,20.322541105520212,18.0,18.86197096705659,24.53571995861153,21.18483853537157,21.185541193004042,21.178021028121066,21.177273266820066 
 06/08  04:25:00,21.669891992485862,21.19081844601282,20.43886458692433,20.443935538991745,18.0,18.97738525025122,24.525929655046983,21.86873308217389,21.631363539015354,21.293783116803183,21.31020451535619 
 06/08  04:30:00,22.322478554268816,21.568920928281667,20.469240586733488,20.47411207561429,18.0,18.937244522331856,24.543247443838364,21.898400731124184,21.63182453668651,21.25909244748277,21.274497204226805 
 06/08  04:35:00,23.66726184883498,22.333104364316153,20.5201716877551,20.524855829863807,18.0,18.966494840059838,24.541625780703605,22.371070852238404,21.89372177679877,21.28521128008009,21.30801694525894 
 06/08  04:40:00,25.79751175108313,23.506622607184962,20.601560708284993,20.6060701967931,18.0,19.019110205324612,24.55143178579966,23.139296323795122,22.309824899417038,21.315860668391565,21.335822335912553 
 06/08  04:45:00,27.921844923352683,24.6307527533074,20.68558743113136,20.68993464835969,18.0,19.091176217495534,24.573309298990125,23.689627834247176,22.597869958188824,21.328255150078235,21.338435142144476 
 06/08  04:50:00,30.15953024133579,25.76803831260202,20.778970084576265,20.78316772911005,18.0,19.219554299434126,24.59148483560436,24.253848428423794,22.885120649242822,21.331410400139134,21.335145778072274 
 06/08  04:55:00,32.3056865784001,26.813700230940718,20.88297001027505,20.88703321166385,18.0,19.369825942415655,24.613258295070903,24.727776825344904,23.110033599778546,21.336239236130837,21.33682267678853 
 06/08  05:00:00,34.309147796257115,27.745544000189767,20.998469513336595,21.002419511299998,18.0,19.589842879670098,24.635285291120567,25.1344360701774,23.287362229572977,21.342358580935525,21.338649244460044 
 06/08  05:05:00,36.25385097633741,28.62981871257153,21.179867684547077,21.1836719735919,18.0,19.907721739272713,24.65761706382126,25.61934357315954,23.551311949929413,21.466727736213613,21.448179133636813 
 06/08  05:10:00,38.161573282900775,29.462991222413155,21.394264503131023,21.397938869630458,18.0,20.315747349095847,24.693345238328614,26.100984556849312,23.801275662852277,21.592890449110087,21.57012350389914 
 06/08  05:15:00,40.03913117610768,30.24575271256636,21.632510999615466,21.63609201279804,18.0,20.736648708756253,24.72408175819216,26.58018346059515,24.037901121000573,21.720236265126857,21.68940713315817 
 06/08  05:20:00,41.88908690828219,30.978512491976314,21.889388906936215,21.892886957915568,18.0,21.257781691726628,24.75665555866381,27.056157811094977,24.26096148252043,21.84454235568205,21.814941294560754 
 06/08  05:25:00,44.023768526813434,31.83305318243638,22.24140551322368,22.24490329610888,18.0,21.788313563535056,24.79041156104306,27.68995933275005,24.56228129210865,22.024903025543495,21.992842420465422 
 06/08  05:30:00,45.934030023202084,32.53271041202097,22.560930473573936,22.56447998735234,18.0,22.398024622213857,24.83321939153541,28.1558419999252,24.75487178358435,22.155788597030437,22.12147715758715 
 06/08  05:35:00,47.44052956276174,33.01326656017242,22.846357032345214,22.850013537978363,18.0,22.95478848883392,24.871521750765243,28.457961781526365,24.852269762015453,22.269002220159564,22.233829104296262 
 06/08  05:40:00,48.79091442670247,33.38819129886715,23.119383247117522,23.12318896100822,18.0,23.557422214458942,24.90580668565865,28.760251320229713,24.93964401173963,22.38175985317696,22.34612895483258 
 06/08  05:45:00,50.03901282840431,33.686631902040915,23.385357192723053,23.389335731984012,18.0,24.163350118820723,24.939901208188385,29.059112213508683,25.017005312426477,22.495761061280746,22.460114015334 
 06/08  05:50:00,51.212585568189404,33.924390402639254,23.646924570514326,23.65107956299633,18.0,24.794015975008772,24.9738843748618,29.35452914289158,25.084221766600763,22.610866345265038,22.57513166690734 
 06/08  05:55:00,52.3133880305178,34.106416265345295,23.904908848146665,23.90922511288788,18.0,25.427620196629512,25.007847769438424,29.638917948293624,25.13858802796085,22.726317021919556,22.691271928501294 
 06/08  06:00:00,53.37988191873799,34.24914035844075,24.161644715457367,24.166091092896835,18.0,26.083954819646202,25.041575643816557,29.92865653125199,25.186152676633014,22.843211061740988,22.809256803243272 
 06/08  06:05:00,54.4688406621488,34.39524383705947,24.44578180594388,24.450324885383154,18.0,26.793860769221222,25.075615817065053,30.279558266243384,25.279534393609197,23.011171975318916,22.978462814429463 
 06/08  06:10:00,55.54279469393129,34.521175583935296,24.741287808577948,24.745878992994786,18.0,27.538883650341354,25.113553899622268,30.50329459146326,25.251038860634992,23.106590146140093,23.075280093289848 
 06/08  06:15:00,56.5966297529859,34.623446168497274,25.044385789360682,25.048970064548826,18.0,28.28903164288367,24.96133330496554,30.781529522057156,25.26563796951376,23.214386361526635,23.18512591974047 
 06/08  06:20:00,57.628187836064626,34.70092772866577,25.35311873102651,25.3576384251837,18.0,29.08171807894475,24.909697608171804,31.087957892694646,25.298290928394067,23.353335040640445,23.32607110525879 
 06/08  06:25:00,58.636210175990776,34.75322791590579,25.666201703489666,25.670599335879995,18.0,29.878714330625076,24.863838913899126,31.394892992706787,25.32583083334623,23.496288144649043,23.471157942590935 
 06/08  06:30:00,59.61983945205029,34.780305177592105,25.982725386023702,25.986945958284256,18.0,30.71083376741913,24.82686816274382,31.702619989075856,25.3504744187735,23.644427588420683,23.621534322729303 
 06/08  06:35:00,60.37194570889669,34.76137571978464,26.32935820340664,26.333350481904816,18.0,31.505690746708215,24.797994936736195,31.91172512425942,25.363972778175366,23.810394971243568,23.790249018834743 
 06/08  06:40:00,61.03831799811009,34.71538604155973,26.687272561955314,26.690990871514238,18.0,32.31499476164533,24.774412912049463,32.12062069243859,25.37851640168799,23.97834427386522,23.960891774438323 
 06/08  06:45:00,61.64473907597582,34.647524401085,27.051312303149803,27.054717854718138,18.0,33.12166159404725,24.755910266792007,32.3266000417089,25.395272157234103,24.14830155518507,24.13345181495015 
 06/08  06:50:00,62.20409226974916,34.560805278180005,27.41861232039545,27.421673571827252,18.0,33.92820141608182,24.74136249402054,32.528994110049666,25.414925979172722,24.319612563995065,24.307251752496086 
 06/08  06:55:00,62.72410146216609,34.45732025941187,27.78726882317952,27.789961538177163,18.0,34.732202578256796,24.73038115182503,32.727512902779665,25.438730862576335,24.49212048501238,24.48210749022428 
 06/08  07:00:00,63.20964614614882,34.33861895203105,28.15595293677592,28.158260019059526,18.0,35.53435649186933,24.722171234680225,32.921655806172794,25.467777659937894,24.665412788171125,24.657584535106253 
 06/08  07:05:00,63.75362986426017,34.25059711605974,28.559284059164302,28.56120130996507,18.0,36.42500268926581,24.716723513885793,33.210614892669525,25.580983939647126,24.91400934254125,24.908147478005105 
 06/08  07:10:00,64.29474261451897,34.16454825703948,28.975906733863177,28.977429728733135,18.0,37.33684013391501,24.78684638652304,33.48934227027695,25.69377520477053,25.154906862093924,25.15079364611597 
 06/08  07:15:00,64.82364790145111,34.074539419324424,29.400546949601157,29.401675528700732,18.0,38.25096798009533,24.81483675961837,33.753151113709805,25.804142295264,25.38485356963224,25.382336381483412 
 06/08  07:20:00,65.33600475085774,33.97781056781317,29.830409942867547,29.831148555194364,18.0,39.202526257395384,24.84211329697872,34.010530745273115,25.923220968781493,25.613825522596926,25.612669014076346 
 06/08  07:25:00,65.82933150367498,33.872782704626424,30.26367300776629,30.264030571723573,18.0,40.15549325175553,24.867974481838576,34.26109926114941,26.054250368762666,25.841682790769596,25.84164489832989 
 06/08  07:30:00,66.30211343389603,33.75852021925561,30.699072090037117,30.699061688450477,18.0,41.13607336826917,24.89291021598604,34.50496431658689,26.19923512417938,26.068599451814066,26.069423670396077 
 06/08  07:35:00,66.55830955189967,33.57594803089333,31.07974954957944,31.0793880294459,18.0,42.0012738821362,24.917492220051294,34.64712500592418,26.33078098593535,26.265621512575535,26.267024378504004 
 06/08  07:40:00,66.74072190678886,33.36612852112681,31.439847049727515,31.439154285496038,18.0,42.8618118052498,24.93798179689572,34.78553706602838,26.47995800766398,26.460775034597305,26.462464832163278 
 06/08  07:45:00,66.87316658509951,33.22379393857184,31.873567931514767,31.78607213666719,18.0,43.721592047668985,24.95776491948248,34.918879759662104,26.662804404965527,26.67064267946813,26.6571874918576 
 06/08  07:50:00,66.96744183240558,33.27101054589446,32.50373554746862,32.12396452911893,18.0,44.55161936205041,24.97775576760428,35.04743830441328,26.858084924155378,26.902358558030528,26.851374084897998 
 06/08  07:55:00,67.03052650527363,33.39178896350138,33.211188510555154,32.45519183478691,18.0,45.38145645121481,24.997854651083095,35.17127464018995,27.053125243621025,27.152459010304938,27.044996065414693 
 06/08  08:00:00,67.06678233866953,33.5577800982416,33.96478156334446,32.78130131709059,18.0,46.19148976181915,25.018040397212545,35.29055181771196,27.24784947343346,27.418719227887607,27.238071164797816 
 06/08  08:05:00,66.94672368891445,33.677564510293536,34.66432418261384,33.02511803260963,18.0,46.837041341853315,25.038433917657912,35.355343008360705,27.4383392927424,27.696883856540126,27.430093843434975 
 06/08  08:10:00,66.76766243303491,33.789782850940135,35.34771351189084,33.23503899439482,18.0,47.43289363511816,25.305212374263615,35.394718382840324,27.59474579342924,27.953007428599392,27.587552972242463 
 06/08  08:15:00,66.54680591688046,33.89930028269154,36.01860404906949,33.422729578483604,18.0,48.02539316162972,25.429523574928314,35.39801087110527,27.70886679704489,28.177748069153836,27.702082808802857 
 06/08  08:20:00,66.29297336711252,34.0074767026173,36.67748010337743,33.594298860379645,18.0,48.54251697421723,25.539181249176053,35.36479046783518,27.80088572013443,28.386652633403287,27.793980295181655 
 06/08  08:25:00,66.01152336144318,34.11483993072967,37.32425546549203,33.75366841222173,18.0,49.05776894363318,25.602809782592868,35.327100544586074,27.883971824791956,28.590507911725183,27.87676768410938 
 06/08  08:30:00,65.70590433159515,34.22158798859876,37.95869810996445,33.90350845658721,18.0,49.519096721102365,25.658716199049174,35.28711909177969,27.965954371124894,28.797176506967276,27.958450586052436 
 06/08  08:35:00,65.52291148338173,34.364991714744484,38.637104128126886,34.083253021345946,18.0,50.08244851920143,25.70886488947526,35.31507076297237,28.065593170108798,29.031979789220998,28.0581376023423 
 06/08  08:40:00,65.3568107014051,34.521408413745,39.32581629663011,34.270498341770775,18.0,50.625861633167965,25.757872254970763,35.33487992247501,28.16487984896378,29.26961102466305,28.157513519173676 
 06/08  08:45:00,65.19007426929615,34.68529697061348,40.01733032951384,34.46066922353893,18.0,51.16678550457387,25.803488898669368,35.35172327918167,28.26274963944161,29.508090753630995,28.255508330932116 
 06/08  08:50:00,65.01419760220746,34.85379197144755,40.70773207047346,34.6516499151763,18.0,51.71358010545634,25.846734688932138,35.36508593062831,28.359593319698206,29.74693749883795,28.352526396526287 
 06/08  08:55:00,64.82420970906838,35.025063323316964,41.39447024366972,34.84219791542762,18.0,52.25658597811915,25.887609107851357,35.37458915186278,28.455291142470173,29.985252059274103,28.4484563593071 
 06/08  09:00:00,64.61703361275949,35.19786752336555,42.07576104689458,35.031536291783034,18.0,52.79785395830378,25.926703166672585,35.3803553759675,28.550062196904776,30.222561178016292,28.543524119111396 
 06/08  09:05:00,64.34856296802084,35.35366160214867,42.719819181742096,35.19913187108846,18.0,53.27754859359863,25.964002274040272,35.34632050763577,28.616973624325624,30.42604961507209,28.611299857590495 
 06/08  09:10:00,64.04785622404273,35.50271538898608,43.343939335412266,35.356775405257636,18.0,53.73847591861614,25.975241461038994,35.31028933239406,28.688236042620133,30.631710347323178,28.683499562568272 
 06/08  09:15:00,63.719278340081104,35.647038473993675,43.95117083347106,35.507006536378356,18.0,54.194152837621104,26.005906386162007,35.27331204592667,28.76239304770968,30.83749622766061,28.75857314218149 
 06/08  09:20:00,63.364790984045044,35.787531887387786,44.54281363037102,35.65108667078764,18.0,54.61831491569143,26.035423763292602,35.231836476876765,28.83515206280532,31.038936274251,28.83220445078598 
 06/08  09:25:00,62.985476888749375,35.924714216494465,45.11956215538756,35.78981429007597,18.0,55.03790679003689,26.064344437233967,35.18596632569006,28.906898584785893,31.236171778639232,28.904770541078676 
 06/08  09:30:00,62.581965754808465,36.05890578451043,45.681793703473005,35.923735925439686,18.0,55.43095535434775,26.0925965222351,35.13524726065765,28.977674390646825,31.429007337007704,28.976311655515246 
 06/08  09:35:00,61.75449531156743,36.211572670241765,46.06522753818602,36.074497377897686,18.0,55.431430373967636,26.12014216679884,34.87285459112877,29.05734854475594,31.535822529113375,29.056888044957418 
 06/08  09:40:00,60.804729429087885,36.364464432013364,46.362302416525836,36.2239762380615,18.0,55.33322551616771,26.143903058581316,34.613259831226856,29.132325182722866,31.626612802382738,29.1326351781114 
 06/08  09:45:00,59.788398670489904,36.51302215119647,46.591042831978804,36.367734947788485,18.0,55.2267979248148,26.16676711121795,34.35448630190774,29.20415821467452,31.702852088383224,29.205092558031765 
 06/08  09:50:00,58.73383671623978,36.65496613863783,46.760559368570696,36.50361400013395,18.0,54.96388997867667,26.188481813674613,34.09664287849523,29.27284810202525,31.765109879314934,29.274269500837136 
 06/08  09:55:00,57.6586565030118,36.78898709827569,46.87683491626825,36.630421623089646,18.0,54.69689049717992,26.209043736845686,33.83991848719927,29.33849642991413,31.81402625070234,29.340274728512213 
 06/08  10:00:00,56.479335593903066,37.004115088809144,46.91972790767831,36.83683441157618,18.0,54.323699249872924,26.228596265920153,33.539332176119956,29.44529203106083,31.836044365700104,29.446790060120975 
 06/08  10:05:00,55.47685337614537,37.21317700453985,47.03395026959189,37.04374346010664,18.0,54.113933240488045,26.247968598516113,33.37488667015691,29.571628682555513,31.94432627214269,29.573205183879622 
 06/08  10:10:00,54.52466800569891,37.42236521687688,47.143497396371465,37.25272321222934,18.0,53.85513093070662,26.261879040101263,33.21580701619274,29.700626014228476,32.044582950344534,29.702232938363807 
 06/08  10:15:00,53.606648448936504,37.629608138453555,47.23566360207879,37.46077047679934,18.0,53.58814318903127,26.279624518517917,33.06004575963112,29.82834339826036,32.13573491553154,29.82997523227482 
 06/08  10:20:00,52.71726952746059,37.83321692950268,47.305302696346224,37.66576972727793,18.0,53.31346474353235,26.2969125282839,32.907288227816366,29.953984771490923,32.217223616457034,29.95558583694128 
 06/08  10:25:00,51.85439446019698,38.03210639692174,47.34991490308187,37.86639001008369,18.0,53.030214895890694,26.313726560531205,32.758646633010585,30.077609605261728,32.28956044340447,30.079130325312576 
 06/08  10:30:00,50.81116785127218,38.39941898933019,47.19109921771788,38.23473038660682,18.0,52.72931947755032,26.33008243870139,32.51619482682537,30.28390408082157,32.26897192208969,30.28431455554704 
 06/08  10:35:00,50.294851812177825,38.68975577120012,47.45024785104202,38.52638118616546,18.0,52.965734861059325,26.345465262596377,32.570888031729396,30.424316977921876,32.49532282999337,30.42457962620813 
 06/08  10:40:00,50.066987337426845,38.77800597998416,48.002571503849886,38.61692115622551,18.0,53.286733243595194,26.366771084451774,32.68506344195458,30.474713518238673,32.80495253593568,30.47573591631857 
 06/08  10:45:00,49.77594350290326,38.97527149474394,48.499571699495164,38.816048887805955,18.0,53.60500684719374,26.387728692695873,32.700006997141145,30.612491150798178,33.02908526206113,30.613113950232787 
 06/08  10:50:00,49.4877601168083,39.193925187182366,49.01115526220315,39.036412262872844,18.0,54.08652649285055,26.40888408161084,32.7024120669422,30.75036904432727,33.25233627442492,30.750663196592427 
 06/08  10:55:00,49.19610544332173,39.42268257982436,49.53503973150504,39.266726406828646,18.0,54.562417085561464,26.43016097964252,32.69224013939697,30.888290680262173,33.47398033387066,30.888214837873306 
 06/08  11:00:00,48.89371655282861,39.65768202865204,50.06649566078762,39.50313223739564,18.0,55.134783948252526,26.451477224561025,32.67043503379324,31.02619643039054,33.693916410155,31.025706536285725 
 06/08  11:05:00,48.56157517794883,39.869369038214884,50.60933243436845,39.72472265484673,18.0,55.75167613951295,26.472772329590853,32.568114364596795,31.087886837198766,33.852604505303134,31.08821261960668 
 06/08  11:10:00,48.20384553719092,40.07506469146648,51.15753083128193,39.943463093532905,18.0,56.4403195812523,26.498637094820108,32.45137867030638,31.144337866002445,34.00637226427568,31.145436699099037 
 06/08  11:15:00,47.819046882751955,40.27824667064717,51.70838417836648,40.1616729705419,18.0,57.12897851218986,26.519687481851804,32.325952801545554,31.199639512263502,34.1580187800883,31.201528152658625 
 06/08  11:20:00,47.40559743693049,40.48060405983512,52.25985913732803,40.38046842135223,18.0,57.87629432486532,26.540550288144303,32.196201305103784,31.255281684135184,34.30860101132163,31.257974069488455 
 06/08  11:25:00,46.96213149956421,40.68321219989386,52.810284368736816,40.60056889084548,18.0,58.623411357494085,26.56108918181821,32.06591512355658,31.311282386347216,34.457877254843936,31.31480713323549 
 06/08  11:30:00,46.487492559293635,40.88682125685874,53.35822660403277,40.82248649985229,18.0,59.41086553887975,26.581469067878178,31.939872580329506,31.367761935015665,34.60572593897541,31.372163171077887 
 06/08  11:35:00,45.826818228106454,40.996443506998915,53.51174224888133,40.95094551369254,18.0,59.592840412412826,26.601647064886464,31.7629946915132,31.375555170796247,34.54753261212778,31.380640980276667 
 06/08  11:40:00,45.117040600669114,41.07383280354491,53.532739649172,41.04744049039554,18.0,59.6928573308848,26.614292395854157,31.6131465384164,31.381992539781777,34.48493410083961,31.387748392206788 
 06/08  11:45:00,44.39074051124236,41.13262899315346,53.47143952731901,41.12543940689982,18.0,59.79264257586281,26.626002738729458,31.494009450247972,31.38902128796127,34.4177684561202,31.395422089493536 
 06/08  11:50:00,43.938948471755985,41.45738618441316,53.22355352132727,41.47038499820129,18.0,59.70545062568637,26.63689104606772,31.544267713916156,31.53746185129603,34.284343277336575,31.54577220837973 
 06/08  11:55:00,43.619676229564234,41.59882035527036,53.02424126540818,41.904465118226,18.0,59.622035137255,26.654219414209983,31.549983318165346,31.547842132138157,34.2137393714803,31.626578197193624 
 06/08  12:00:00,43.411710075340444,41.69755347587931,52.80975038567232,42.416289587809075,18.0,59.418252354240515,26.667488815124457,31.56043486613953,31.558427061946304,34.137630461860795,31.73691495732635 
 06/08  12:05:00,43.259249413937425,41.77930296886722,52.48445537047855,42.91998587665273,18.0,58.915434051307976,26.680618170061308,31.68800175138574,31.68606336381572,34.12868642356091,31.97179891852909 
 06/08  12:10:00,43.14766978474233,41.85064951047441,52.11673744529465,43.407535457617314,18.0,58.289806992049485,26.679158355027013,31.8252320981793,31.823142519379985,34.12883507016852,32.222966693478895 
 06/08  12:15:00,43.06670742157014,41.91630558133372,51.7225493659398,43.86835127561109,18.0,57.67679454284138,26.690746576456117,31.966766353936976,31.964521098508783,34.1343850865951,32.47735832782621 
 06/08  12:20:00,42.987464097198746,41.97932087361408,51.31113570049338,44.295381781857806,18.0,56.92991553446076,26.70260500482155,32.10814873324176,32.10708253286464,34.14284726658195,32.726505905388535 
 06/08  12:25:00,43.239164711256336,42.36229214134826,50.76355155638233,44.859485181455106,18.0,56.19936784847168,26.71477398069621,32.406274572480925,32.40744585035691,34.095531918205666,33.03590452049775 
 06/08  12:30:00,43.28863920360406,42.532267449766394,50.295837560853194,45.26240869188931,18.0,55.400643999844476,26.734591296349596,32.54906162931036,32.5513369871864,34.113625563164874,33.25545212334521 
 06/08  12:35:00,43.008537202625554,42.3602772578756,50.48707210044569,45.83741984520784,18.0,55.48337645444065,26.747430927683872,32.55119803318564,32.55178723818324,34.467451645500205,33.560260285104846 
 06/08  12:40:00,42.92246075217485,42.374590229636006,50.754681591462514,46.5906985690674,18.0,55.67110534628447,26.759139817874544,32.702656752432915,32.703561402734636,34.753606088419076,33.93754611341848 
 06/08  12:45:00,42.87351639331121,42.419394873607295,51.08544541908042,47.4475490845769,18.0,55.84738674555612,26.776993124342393,32.85517137993821,32.85588563869453,35.03182454633361,34.34034115038753 
 06/08  12:50:00,42.638061260431066,42.26858575903023,51.605931224809495,48.46681786080931,18.0,56.24953440877793,26.79543230539586,32.911903738258275,32.90913058186277,35.37190109807767,34.80072369665322 
 06/08  12:55:00,42.56218681675597,42.27290854412382,52.042115874116995,49.54883245595768,18.0,56.632683450825205,26.812577974560103,33.069421747024876,33.06608105856532,35.63501464217529,35.262417580552835 
 06/08  13:00:00,42.52481356652389,42.31133021033954,52.45396273956764,50.697430304447785,18.0,57.12691903038036,26.832838129058608,33.2271395278882,33.22279901361094,35.88677581136125,35.74957514717346 
 06/08  13:05:00,42.31042166745998,42.151986736439596,52.69666349016916,51.7218275784421,18.0,57.5512321863515,26.8535433832754,32.97465708076663,32.970840955146,35.74662311103043,35.8513212831387 
 06/08  13:10:00,42.0806730313735,41.78629649005462,52.83842498407175,52.37218965935127,18.0,58.01949116028651,26.890125752952915,32.63254216641894,32.62847469388885,35.562877588178935,35.82170786191551 
 06/08  13:15:00,41.79420038215125,41.47525196311438,52.966166224177705,53.31494234437217,18.0,58.47455661869492,26.904579560047676,32.351702952703704,32.34782017069472,35.38653374246553,35.92597005184075 
 06/08  13:20:00,41.47589858790531,41.153009077959375,53.05144856831251,54.34319269131995,18.0,58.93231442696582,26.92370596268134,32.06913086690042,32.06552818863179,35.196881636986404,36.040818328056105 
 06/08  13:25:00,41.13255268673568,40.81429482195059,53.09069704502786,55.43140204371336,18.0,59.376225972069676,26.941685786842335,31.78298467252762,31.779781609052066,34.991970991506776,36.161312470265614 
 06/08  13:30:00,40.76755767900838,40.45835141031036,53.08184775316867,56.56905462512703,18.0,59.80778037150047,26.95912923186084,31.49326250851027,31.490580889194803,34.77122721468186,36.29310893698795 
 06/08  13:35:00,40.21630450787614,39.91832753405165,52.1178953976557,56.45039755870594,18.0,58.66908181998035,26.975875630610776,31.11789771638655,31.11588071984181,34.092194764241185,35.76593253430144 
 06/08  13:40:00,39.59638477798638,39.31057739572969,50.86246911054238,55.891421135426135,18.0,57.26845457534532,26.971544119592107,30.73568623961171,30.73426097866104,33.41635328264255,35.20806496069548 
 06/08  13:45:00,38.934569020304906,38.502509973460846,49.787327688450446,55.034040540674134,18.0,55.88325262938198,26.963365209044998,30.35250918531034,30.3523487101491,32.82832956191277,34.614013252163545 
 06/08  13:50:00,38.24421541828197,37.77604879423923,48.36748931468073,53.94184285047034,18.0,54.04338659975612,26.952201728078894,29.968562981039383,29.97095134931692,32.15599854331009,33.98552797266723 
 06/08  13:55:00,37.533520721277306,37.05384445509293,46.838229652108105,52.65040665978164,18.0,52.22262963128241,26.93743596250782,29.583521743932863,29.588429537047205,31.490794829364063,33.32392663181332 
 06/08  14:00:00,36.80784829828645,36.32867105281929,45.25054317398828,51.18064887510652,18.0,50.146698445397,26.920091591775336,29.19779853907562,29.205165117920615,30.83537260310993,32.630890863993045 
 06/08  14:05:00,36.14677965629023,35.67642003676846,43.58632202626834,49.36156180260341,18.0,48.20890129845833,26.90001546461184,28.867687363781727,28.871750555920812,30.186874902866805,31.83407534634989 
 06/08  14:10:00,35.44641408283595,34.99020153072371,41.966105490799805,47.5353895801195,18.0,46.13859405756636,26.86592456623559,28.513233315938805,28.51492871505758,29.588879691436887,31.107602534017246 
 06/08  14:15:00,34.73501717072726,34.295985228812086,40.360234769695545,45.583771751645344,18.0,44.07282294585905,26.839562029262023,28.160749891815158,28.16006127206856,29.007045615935056,30.35196065375635 
 06/08  14:20:00,34.049038760283,33.628476033951685,38.4393880773923,43.01239332384077,18.0,41.94909272447949,26.811376862377248,27.8234443477412,27.819909170087385,28.34544377227695,29.339512984749263 
 06/08  14:25:00,33.43541490525131,33.129082775617746,36.74482285253637,40.27681874367621,18.0,39.829814503003405,26.774907825276514,27.52758047994405,27.526558461734453,27.780931820216438,28.360480203854593 
 06/08  14:30:00,32.79849381120736,32.53878063110414,35.02631027776627,37.0898387050236,18.0,37.673162898992544,26.740852569915475,27.188651845588538,27.187344030331474,27.191500673430596,27.2279389742601 
 06/08  14:35:00,32.28840244007548,32.05955561634323,33.97434870486425,35.44343534933097,18.0,36.49350380831177,26.699833704472464,26.93296672905717,26.931710189928367,26.921346012442882,26.958621773234768 
 06/08  14:40:00,31.823855159165536,31.61799999914762,33.1494515532789,34.25707214704184,18.0,35.47036840963814,26.681930752859987,26.666043372687454,26.664844565612725,26.659103566434055,26.6987797068316 
 06/08  14:45:00,31.386488374900654,31.198705944834007,32.45636253534208,33.32569894632219,18.0,34.44131342654164,26.66583083637998,26.40834540875494,26.407192738751178,26.397802274096534,26.440158749074044 
 06/08  14:50:00,30.96725651716937,30.794252583833877,31.84937703967378,32.55692253273679,18.0,33.695428896209734,26.651068740015035,26.16164801366631,26.16054608819195,26.13739300752411,26.182553089527403 
 06/08  14:55:00,30.56063243139744,30.40009734152353,31.301163827340776,31.896998062551482,18.0,32.945781650613704,26.63737498125539,25.896215729915752,25.895165614576854,25.87788919504385,25.925969159104113 
 06/08  15:00:00,30.093361237177817,30.01327501322004,30.794302200711087,31.395544255921305,18.0,32.36132889427588,26.624495113598563,25.61231123027096,25.639215508894154,25.61925781436753,25.708414399628055 
 06/08  15:05:00,29.86930192761707,29.75399958026869,30.46193063180417,30.959585418495642,18.0,31.93930742924438,26.61211915758242,25.565808687536446,25.566267770488764,25.552135990254556,25.61001369969665 
 06/08  15:10:00,29.66012725817596,29.542464047541884,30.20068335397497,30.65348686326796,18.0,31.64784850502149,26.602494750330628,25.49592685828827,25.495209480356266,25.48759106984062,25.5472549886631 
 06/08  15:15:00,29.476057367511324,29.360225829637432,29.984312759208397,30.41090067776664,18.0,31.34898852916207,26.59316995392221,25.426017082737417,25.425106030252095,25.424275378325774,25.487987148675245 
 06/08  15:20:00,29.31094704782262,29.198167808568584,29.799075573281158,30.21111889806987,18.0,31.16684583677005,26.584271036765575,25.35690724940605,25.35597393725436,25.362128952480703,25.430446816776794 
 06/08  15:25:00,29.15995923091735,29.0507284725043,29.63626141093686,30.042252488089673,18.0,30.98023643032205,26.57561382958923,25.288753293586467,25.28782357777669,25.301127766190803,25.3743223477195 
 06/08  15:30:00,29.01981108138934,28.91431012209878,29.4899787425218,29.89642086048271,18.0,30.869050096205758,26.567192034122428,25.22170303300811,25.22078121467632,25.241356395361947,25.319639667546653 
 06/08  15:35:00,29.022805209718975,28.967336229140717,29.442891912134886,29.924953276017938,18.0,30.93829898744941,26.558821325749424,25.229544105036837,25.250972528941247,25.23322147032752,25.34810961418384 
 06/08  15:40:00,29.085503009093074,29.065519861806216,29.475552111962994,30.034610837982527,18.0,31.107176090973915,26.557192930364955,25.23365619946196,25.269372476630167,25.235745571870893,25.384649409976646 
 06/08  15:45:00,29.188432811975698,29.202096117533365,29.55262074900539,30.20430692909293,18.0,31.27996043608254,26.556439810790902,25.244050826262082,25.290602484117585,25.245412302284308,25.42843429386801 
 06/08  15:50:00,29.321792690124767,29.367666793621787,29.661781855783957,30.423703430152038,18.0,31.573255719368124,26.556565240042044,25.25807832395276,25.31487103251345,25.258572288435687,25.47996254885004 
 06/08  15:55:00,29.479439517062644,29.555026470419424,29.79555831789202,30.686436590688057,18.0,31.86932476671802,26.557392216861967,25.275644212997918,25.34182187552551,25.274755574750543,25.539502870493436 
 06/08  16:00:00,29.65720546978524,29.759804697925418,29.950127569905213,30.98816915988075,18.0,32.256581751131414,26.558846934708033,25.2969652918473,25.371331973409838,25.29442409248861,25.607158319331234 
 06/08  16:05:00,29.81146792202106,29.93770372291009,30.082634464861876,31.265367993555657,18.0,32.42824338136022,26.560825964228957,25.377452407818282,25.451185985252096,25.374987985274288,25.720868738243553 
 06/08  16:10:00,30.054142531144265,30.10682182363731,30.211327795123257,31.436857389262624,18.0,32.60929407705422,26.572105159971162,25.519869421883584,25.52940203612866,25.45515251912377,25.766319396056872 
 06/08  16:15:00,30.226729308850032,30.270530677465523,30.338505134351454,31.698714767176806,18.0,32.781306737432246,26.576888263212304,25.592336494527785,25.606487039393528,25.534314837257966,25.891219333973595 
 06/08  16:20:00,30.376656764021924,30.43085863594529,30.46457106667834,32.00032403648726,18.0,32.90497866548903,26.58222909592748,25.662580433762287,25.684606624310618,25.613782930151615,26.025097391070403 
 06/08  16:25:00,30.511156665270022,30.589629054291837,30.589361496795497,32.337820472999475,18.0,33.024640874018054,26.587873661050473,25.73164428918693,25.76403685882474,25.693151462540072,26.167286238061763 
 06/08  16:30:00,30.63313619455291,30.748683924785702,30.71243831551628,32.71227264695851,18.0,33.11108047381509,26.59427948695139,25.79998095987014,25.845350402038434,25.77234353106917,26.318526710769333 
 06/08  16:35:00,30.523293854818625,30.662771769068264,30.613063785639866,32.65094590792783,18.0,32.84378108259602,26.600840981566638,25.75515447411624,25.8033932980332,25.73952678704518,26.2418722209635 
 06/08  16:40:00,30.32818151432515,30.486098214968372,30.43445933921529,32.43828119103034,18.0,32.49127156411442,26.594887908894872,25.71207312699687,25.762144867712152,25.707357327343516,26.167139906764532 
 06/08  16:45:00,30.084122760581018,30.25554740851889,30.210505658686458,32.13733844522207,18.0,32.151174056026946,26.586943315114368,25.672949873983953,25.72369213317745,25.677947776306326,26.09508189725591 
 06/08  16:50:00,29.810363200260333,29.990400063438443,29.958474063110057,31.779661754226396,18.0,31.697086198323056,26.57756619077109,25.637699061830403,25.687999673432387,25.651139439914402,26.02572095871767 
 06/08  16:55:00,29.519210371292186,29.702982155591798,29.68908296013108,31.384905818502027,18.0,31.2591002788413,26.566463231804434,25.60601110593518,25.65481035550306,25.62657740385299,25.958864818952122 
 06/08  17:00:00,29.218913195269828,29.40162103985071,29.409317558172894,30.966181800691476,18.0,30.771637545929288,26.554625422421427,25.57797391581437,25.624277904437974,25.604337810129323,25.89478589926955 
 06/08  17:05:00,28.922576426924774,29.101951642452537,29.111105428773435,30.531593286538165,18.0,30.38338542506802,26.541771088656667,25.46630654690796,25.51026954154503,25.488047026825257,25.7414088405273 
 06/08  17:10:00,28.61990382256109,28.792247121671384,28.799404717410912,30.080101180531855,18.0,29.97764904380589,26.481690147384782,25.357124282081656,25.39779794421986,25.374506325325683,25.590771678443048 
 06/08  17:15:00,28.30882593398737,28.470289609036467,28.475740443495596,29.61393859627819,18.0,29.565993377336017,26.459418399807124,25.25310578169075,25.289595306646106,25.266575487549005,25.44590773459322 
 06/08  17:20:00,27.98828938414415,28.13522156598431,28.140860902870486,29.13575074941182,18.0,29.15555703287311,26.43661603214086,25.14637919252357,25.177887578108198,25.156253499681384,25.299554815550664 
 06/08  17:25:00,27.65747627958609,27.786745569186845,27.795072243503053,28.64859687572802,18.0,28.73902404088923,26.41415236446689,25.037494494271982,25.063472022710357,25.044142570951976,25.153206948649085 
 06/08  17:30:00,27.31560377844363,27.425015471668548,27.438348920691638,28.15622387130676,18.0,28.313909006244025,26.39165297623858,24.926227821680982,24.946493217887905,24.93003592968472,25.00789207561138 
 06/08  17:35:00,27.06796228532486,27.168148443915133,27.176617362039195,27.81182678730805,18.0,28.02285346069052,26.369111450452245,24.86613750737888,24.886634089993322,24.867595197307764,24.940356170325572 
 06/08  17:40:00,26.85130221608032,26.946720474869732,26.946605594716797,27.523214933502267,18.0,27.75109452416378,26.352140950487023,24.8069206243037,24.82810358564393,24.80610847438345,24.876161036697 
 06/08  17:45:00,26.65214791459525,26.744929627654074,26.734883122439676,27.266058443245402,18.0,27.47559951634388,26.33594106842352,24.7475538906059,24.76928739352195,24.74458387796085,24.81189614447044 
 06/08  17:50:00,26.463831463254515,26.555196489921226,26.53481149047143,27.029105403919033,18.0,27.237678495296453,26.32026259792875,24.68796045835188,24.710097190630904,24.68294678145287,24.74746619045868 
 06/08  17:55:00,26.282045835655815,26.372685069263962,26.342107314788855,26.80533528834466,18.0,26.996537209661426,26.305114565951826,24.628075092337667,24.650462880232908,24.62113626205064,24.682805080957337 
 06/08  18:00:00,26.104441644360417,26.19470590466111,26.154440724132655,26.59065361663701,18.0,26.775404785032773,26.290259424069827,24.56801130875988,24.590494255403883,24.559267298280474,24.618028430235427 
 06/08  18:05:00,25.80237695698916,25.89142823550911,25.84801010689256,26.256820037271435,18.0,26.395223036653736,26.275745814104862,24.244016601445765,24.2660626281463,24.23739234591301,24.29255011137758 
 06/08  18:10:00,25.452814017328432,25.540300871708325,25.496822148498914,25.879582822615394,18.0,25.993595553908918,26.134762170258657,23.94059579804656,23.962065552200443,23.935828488052834,23.987431232335098 
 06/08  18:15:00,25.07429102480142,25.159884807447835,25.118461213622258,25.476465707639786,18.0,25.593102022118753,26.098651920753014,23.647814450831902,23.66862734635197,23.645059415984747,23.692947863116274 
 06/08  18:20:00,24.676289122065082,24.75964880127453,24.72180679024981,25.05617724034504,18.0,25.146456566636353,26.063551547402387,23.361080601948515,23.38108988441661,23.360561223346167,23.404848460722974 
 06/08  18:25:00,24.264822852047466,24.34559262409735,24.312433193533614,24.624131349770387,18.0,24.70161554331894,26.031200370635695,23.073980872853667,23.093081818915493,23.075955891115996,23.11669041731784 
 06/08  18:30:00,23.84395033449557,23.921762289000455,23.89406478867677,24.183917648051004,18.0,24.230650584664406,26.000355995786972,22.785603762182518,22.80370512933814,22.79032023111688,22.827572437229946 
 06/08  18:35:00,23.448468876480074,23.522938469980367,23.50138215182723,23.770076660392466,18.0,23.801679626421635,25.970908570801278,22.512345761369147,22.529364726315634,22.520189179197928,22.554043491176117 
 06/08  18:40:00,23.06037851243566,23.13111354718947,23.116265039522627,23.3643940954423,18.0,23.366497264911885,25.943823159597496,22.23640748006278,22.25228254740125,22.247701926918012,22.278478903235964 
 06/08  18:45:00,22.676208984492348,22.742821150290414,22.735157647808563,22.963267812144835,18.0,22.933016077644716,25.917745395908405,21.961030868514854,21.975262967572917,21.975955549252376,22.00260391644059 
 06/08  18:50:00,22.294499066965628,22.35660560177054,22.356530725956766,22.565132278495362,18.0,22.505265536994006,25.891215802795486,21.685194365725692,21.69778464794723,21.70405756622455,21.72691143246459 
 06/08  18:55:00,21.91444729724667,21.971672649855158,21.97952741706001,22.16910368543028,18.0,22.079139027960238,25.863670669465996,21.40876116018353,21.41969115355232,21.431860180809167,21.45111986543054 
 06/08  19:00:00,21.535584515211205,21.58756170097226,21.60363282112329,21.774647778108157,18.0,21.657676184492345,25.83530168514668,21.1317120950888,21.140796081787244,21.15917146444872,21.174959079184077 
 06/08  19:05:00,21.236181624745473,21.282709477506025,21.304237895899668,21.457509520766074,18.0,21.327187532052566,25.8062777949704,20.99844281339358,21.005871283573242,21.027371410309,21.039970312727064 
 06/08  19:10:00,20.967259415636367,21.007998288208558,21.03440789291016,21.170391614205435,18.0,21.019586150505035,25.770822443332985,20.864750053363593,20.870611948090414,20.895281758485964,20.904859024423104 
 06/08  19:15:00,20.717070268890613,20.751656680444412,20.782827557003213,20.90191005790041,18.0,20.713344222333834,25.73880529221497,20.73156002618481,20.735989845789618,20.763826369469314,20.770537597750888 
 06/08  19:20:00,20.394260312510074,20.415129263895697,20.456975428392962,20.54766034460571,18.0,20.335953703802787,25.707288297335154,20.554986502747965,20.55575910586299,20.58800489393252,20.58730049761607 
 06/08  19:25:00,20.15508965702113,20.169860344638945,20.215189870251248,20.291139997214145,18.0,20.08969131942704,25.67180281780009,20.431276395348732,20.43206661072196,20.466461091907263,20.465663870326807 
 06/08  19:30:00,19.94341213835707,19.954269192281544,20.00118244229673,20.066663042395263,18.0,19.84881133662514,25.64123584085828,20.30926757696824,20.310075049644865,20.34653190890367,20.34569211183532 
 06/08  19:35:00,19.748036280417264,19.756171794910518,19.8037404298491,19.861217724567762,18.0,19.60863487793888,25.61112989878653,20.187304418620442,20.18813634562173,20.22668414635575,20.225812821381624 
 06/08  19:40:00,19.56379683944601,19.569978713477067,19.617679935175577,19.668816738968697,18.0,19.39912631768299,25.58147791394803,20.065348788648635,20.066206795513438,20.106890971535677,20.10598986039247 
 06/08  19:45:00,19.38753297272421,19.392281871080005,19.439816661070434,19.48579405396329,18.0,19.190195252944125,25.55220835555259,19.943383180385126,19.94426782750304,19.987135831485034,19.98620531211725 
 06/08  19:50:00,19.217155627626017,19.2208353491804,19.268036919454595,19.309722458342577,18.0,18.99989642420937,25.523204305023732,19.821363369951655,19.822274807756116,19.8673728871525,19.866413288538297 
 06/08  19:55:00,19.05123034463576,19.054101053841936,19.100882853993756,19.13893149242591,18.0,18.809978484504974,25.49443561058441,19.699288027644172,19.700226454253766,19.74760084451333,19.746612308805425 
 06/08  20:00:00,18.888744225703608,18.890995608720882,18.93732045261423,18.97223853312993,18.0,18.63208034877223,25.465826524343004,19.57712977708502,19.578095214381165,19.627790880229668,19.626773662138362 
 06/08  20:05:00,18.775182736296824,18.776968583678055,18.820334937688887,18.852679164967167,18.0,18.50722432840488,25.437358851900743,19.51892317197087,19.51992638481272,19.565835711663453,19.564782438841007 
 06/08  20:10:00,18.68054999897385,18.681975413992248,18.722004333625275,18.75213047006473,18.0,18.399723831381962,25.34717962929479,19.47427788056484,19.475272230917028,19.517022227939094,19.515979912604962 
 06/08  20:15:00,18.597584383124303,18.598727173854606,18.635424994498,18.663604803127996,18.0,18.291255620039657,25.29479463991234,19.43984266781206,19.440872634147354,19.478608444006227,19.477531725158315 
 06/08  20:20:00,18.52265611421517,18.523575274841985,18.55707928845599,18.583529027036306,18.0,18.203401301470166,25.24496300227747,19.406689795292436,19.407746083581515,19.441407716995286,19.44030672800193 
 06/08  20:25:00,18.45351872908842,18.454259704556502,18.48475530730147,18.509651212266224,18.0,18.114863859328135,25.1983384834931,19.374894850701935,19.37597830891491,19.405539474765703,19.404413623805908 
 06/08  20:30:00,18.388687713688345,18.389285968814356,18.416970182529752,18.440458650821363,18.0,18.038567552763475,25.154155903867775,19.34417802124449,19.345288648449014,19.370710760354655,19.369560320001256 
 06/08  20:35:00,18.32714407764477,18.327627594700665,18.352692467750643,18.374897106493833,18.0,17.96173614883927,25.11201245022686,19.3144059988162,19.315543995489463,19.336780986554572,19.33560598611291 
 06/08  20:40:00,18.26816725236585,18.26855831821747,18.291183872790093,18.31221052892756,18.0,17.892615865693273,25.071432098354453,19.28539373482448,19.28655875324847,19.3035580136642,19.30235900766104 
 06/08  20:45:00,18.211234793195953,18.211551302417682,18.231903156666682,18.25184359112558,18.0,17.823093891012263,25.032258998352546,19.2571212186881,19.258313408504478,19.271020271214184,19.269797279515046 
 06/08  20:50:00,18.15595971925286,18.156216140192438,18.174445383511223,18.193380009614796,18.0,17.75876706464932,24.994162613220393,19.229460343184883,19.230679283117183,19.239037274859413,19.237790865877344 
 06/08  20:55:00,18.102050069210808,18.10225817081813,18.11850226504446,18.13650222572879,18.0,17.694034887278782,24.957095333415005,19.20243446146094,19.203680256472524,19.207634094802188,19.206364279521495 
 06/08  21:00:00,18.04928203674128,18.049451442648095,18.06383552631024,18.080964294729306,18.0,17.63223735920774,24.92082207953769,19.175951784917913,19.177224019758285,19.1767204616026,19.175427746911055 
 06/08  21:05:00,17.94252629019784,17.94266374758628,17.95587377694812,17.97209032740894,18.0,17.510161081401755,24.885342220851808,19.030074835152163,19.031356569756042,19.031974425933527,19.030671576652708 
 06/08  21:10:00,17.81434906508711,17.81446108385148,17.826876846569817,17.842207754153357,18.0,17.378352717199256,24.845336033153103,18.919858518300657,18.921165356676397,18.92324138554102,18.92191488432968 
 06/08  21:15:00,17.672787230078704,17.672879372608158,17.684780978521978,17.699263945990953,18.0,17.246466097353604,24.91860051621007,18.825572129195052,18.826956137917193,18.830704301583637,18.829301270324663 
 06/08  21:20:00,17.521949368998982,17.52202630091946,17.533631779833627,17.54730791555544,18.0,17.095743643018277,24.98374680403508,18.696546639937196,18.69796157331666,18.703442500879873,18.70200873474738 
 06/08  21:25:00,17.364438760272304,17.364504364032392,17.37598690593066,17.388897993018826,18.0,16.94484288708911,24.988303317720586,18.52508263543291,18.52651038162378,18.53366526342603,18.532218687342834 
 06/08  21:30:00,17.20201060792778,17.202068098607988,17.213567433621318,17.225754578795648,18.0,16.782294853470127,24.917554629594676,18.350436922862627,18.3518622391868,18.360712858649777,18.35926906755742 
 06/08  21:35:00,17.03588932445783,17.035941356829035,17.04757188132615,17.059074819519523,18.0,16.619591241636037,24.8526651799276,18.18337829701045,18.18482995148969,18.195446339236014,18.193976403071815 
 06/08  21:40:00,16.8669514028282,16.867000165227438,16.878856889551663,16.88971364063331,18.0,16.449309606194937,24.79318658649596,18.020756267844718,18.022239367096176,18.034686459278987,18.033185189170354 
 06/08  21:45:00,16.69583686125374,16.69588415435558,16.708047110170423,16.718293828988816,18.0,16.278906720306658,24.737980382423927,17.8606249685447,17.862139042053514,17.876479751930844,17.874947540339974 
 06/08  21:50:00,16.523019529591384,16.523066830720573,16.535604358469634,16.54527529163663,18.0,16.103459560042445,24.686845664993015,17.702479939132274,17.70402675248954,17.720327549892545,17.7187625248896 
 06/08  21:55:00,16.348853191665558,16.348901707140907,16.361872916347654,16.37100041906171,18.0,15.927918999867089,24.63859961766206,17.545516112080975,17.54709488831776,17.565419834514955,17.563822686257083 
 06/08  22:00:00,16.173603339589324,16.173654048007997,16.18711066244116,16.195725250194986,18.0,15.74896606802831,24.592724613110626,17.389421694574764,17.391032236265914,17.41144583475716,17.40981666712628 
 06/08  22:05:00,16.068399116794986,16.06845284267289,16.08167127032016,16.089808117224354,18.0,15.650544594017196,24.5486562505622,17.341576048387424,17.343218572924457,17.36526940712497,17.36360760599706 
 06/08  22:10:00,15.99069287877404,15.990750248809835,16.003539009194654,16.011224174685662,18.0,15.567897597543928,24.4529685879262,17.30498880827031,17.30660678988022,17.330074560643197,17.328437017555643 
 06/08  22:15:00,15.930178957319091,15.930240462153211,15.942517106854227,15.949774607205374,18.0,15.486401579260153,24.382448105310388,17.27831076874429,17.279942024327397,17.30485160599551,17.303199952290356 
 06/08  22:20:00,15.881634800554378,15.881700819628017,15.893429983898226,15.900282366124735,18.0,15.431983461770612,24.317354125912846,17.293218918447565,17.29484632652469,17.32173068622933,17.32008280279706 
 06/08  22:25:00,15.84176772196452,15.841838542894283,15.85300952094953,15.859478097991994,18.0,15.377219418772539,24.362719399167595,17.319547308202573,17.321218820859997,17.350274979035134,17.34858195419781 
 06/08  22:30:00,15.808364868431918,15.808440702192812,15.819055860811542,15.825160846967538,18.0,15.338877505428503,24.396105553118964,17.33553355781669,17.33720353231888,17.368289300860283,17.366597484290423 
 06/08  22:35:00,15.779887019766567,15.77996801305405,15.79003633127544,15.795796925904854,18.0,15.300758633699305,24.421969676538296,17.346259952998764,17.34792916650383,17.380998273982527,17.37930668648363 
 06/08  22:40:00,15.755236633911213,15.755322880425005,15.764856297329311,15.770290743352955,18.0,15.273160781127823,24.440464304698473,17.35438527900027,17.35605047896479,17.390935105860308,17.389247336121343 
 06/08  22:45:00,15.733616379069298,15.73370793056536,15.74271931498127,15.747844945763875,18.0,15.245729227274836,24.454390400601046,17.358679359825487,17.36034190483639,17.397008601953587,17.395323063687215 
 06/08  22:50:00,15.714438719055009,15.714535595838347,15.723037678503967,15.727870959536489,18.0,15.225353975940095,24.46413777702748,17.35996080210282,17.36161866092857,17.400067086506965,17.398385659661017 
 06/08  22:55:00,15.697265586565196,15.697367786652611,15.7053726657967,15.709929233796666,18.0,15.205103352124711,24.470232874158174,17.359206256480775,17.36085948330407,17.401081895376763,17.39940441024322 
 06/08  23:00:00,15.681766643589073,15.681874150015863,15.689393130470005,15.693687830683231,18.0,15.189707219918898,24.47406099923828,17.35713939931287,17.358788989093682,17.40077505435403,17.399100421455273 
 06/08  23:05:00,15.684917398541874,15.68503117654401,15.691541069660003,15.695611753901629,18.0,15.18839575801421,24.475613392558913,17.403814520923333,17.405481323367553,17.441299566785347,17.43961329518322 
 06/08  23:10:00,15.695523338378026,15.69564384734907,15.70118653047596,15.705053374442915,18.0,15.192418913814489,24.466370408057152,17.45620343999269,17.457872416579562,17.486600840893516,17.484916832032013 
 06/08  23:15:00,15.710791699684286,15.710918719606967,15.715641503499493,15.719320373332945,18.0,15.195536306862037,24.46317570611169,17.509541229174943,17.511222330425596,17.53268489497941,17.530993432761534 
 06/08  23:20:00,15.729324260501164,15.72945902902656,15.733532921661443,15.737034685147336,18.0,15.204352294789704,24.457115824034904,17.562565057197958,17.564255648772416,17.578396652904075,17.57670040759899 
 06/08  23:25:00,15.750199302508289,15.750341893020357,15.753956008679756,15.757293090621227,18.0,15.212353380170219,24.450395495600343,17.61566209178619,17.61736292136726,17.624168323625213,17.62246646285604 
 06/08  23:30:00,15.772819352964143,15.772970016983155,15.77630951626044,15.779491450291372,18.0,15.223273717253505,24.443001169063628,17.66882016566109,17.670531370263916,17.670007531202828,17.668299817635784 
 06/08  23:35:00,15.796763290777644,15.796922297309207,15.800166416395122,15.803201823797984,18.0,15.23339393139273,24.434972185615763,17.72203161986863,17.723753085548196,17.71592798868039,17.714214411123862 
 06/08  23:40:00,15.82172490087008,15.82189251576764,15.825212976038049,15.82810976374918,18.0,15.244774897496399,24.42643513237646,17.775345626990656,17.777077430848294,17.762003878102746,17.760284208341147 
 06/08  23:45:00,15.84747470866296,15.847651187354112,15.851211742869623,15.853977218761408,18.0,15.255330363713158,24.417421226006564,17.828754526936564,17.830496500395157,17.808256868513126,17.80653109184891 
 06/08  23:50:00,15.873835779730674,15.874021362755892,15.877977830733874,15.880618790466514,18.0,15.266007718192755,24.408021047053566,17.882285989812544,17.88403807137945,17.85474973479245,17.853017695446567 
 06/08  23:55:00,15.90066797673266,15.900862887146785,15.905363264958648,15.907886058780337,18.0,15.27580184206947,24.398263665265073,17.93592654160318,17.93768848214262,17.90151141969318,17.899773106317184 
 06/08  24:00:00,15.927857472203463,15.928061914519935,15.93324634942764,15.935656934996684,18.0,15.284835983348925,24.3882143284408,17.989680989110354,17.991452575807102,17.948597963328382,17.946853282134498 
 06/09  00:05:00,15.958791615030687,15.95900408717889,15.96474634332333,15.96703647481025,18.0,15.30552542783577,24.37790208072191,18.021830951077618,18.02359216307974,17.980922062920058,17.979186317053063 
 06/09  00:10:00,15.99161060982201,15.991830420911732,15.998082665287422,16.00025285707508,18.0,15.328716469599197,24.36549527664848,18.053040336808806,18.05479542084163,18.012468394677967,18.01073940243691 
 06/09  00:15:00,16.025826014316348,16.026052640954315,16.032780079685804,16.03483292305586,18.0,15.35190993445785,24.35328580477789,18.084308407631738,18.08605720263961,18.044108439503475,18.042385987106172 
 06/09  00:20:00,16.061166417621813,16.061399410788763,16.068572902571304,16.070511949187775,18.0,15.379670499329531,24.340955161057916,18.115601571220168,18.117343677086183,18.075778528863964,18.074062969000238 
 06/09  00:25:00,16.097444042175738,16.0976829962569,16.10527731221618,16.107106632336098,18.0,15.407442714667582,24.328526997452318,18.146921577442242,18.148656739741284,18.10747599627416,18.10576756080968 
 06/09  00:30:00,16.134519945578656,16.13476448306011,16.142757459539006,16.144481391493564,18.0,15.438425935872859,24.31603156473006,18.178268383131012,18.179996376746544,18.139200155351546,18.137499051087957 
 06/09  00:35:00,16.172287329554408,16.172537092897095,16.180909073853204,16.182532068233574,18.0,15.469416941461853,24.303492156390313,18.209639695273836,18.211360292580935,18.170948649897923,18.169255087448732 
 06/09  00:40:00,16.21066171561264,16.21091636303321,16.219649790374536,16.221176309951378,18.0,15.502787587417684,24.290919881174585,18.241029713524426,18.24274265689951,18.202715745480077,18.201029965894293 
 06/09  00:45:00,16.249574708357226,16.249833911768537,16.258913007887877,16.260347462466896,18.0,15.536163544746273,24.278339645498995,18.272443327599547,18.27414840479304,18.234506267920608,18.232828468756225 
 06/09  00:50:00,16.288969853328155,16.289233297421397,16.298643811446034,16.29999051544076,18.0,15.571356666476142,24.265752070482304,18.303872636410006,18.305569575067466,18.266312417225663,18.264642855712736 
 06/09  00:55:00,16.328799789374838,16.32906717124753,16.33879617215093,16.3400593173124,18.0,15.60655334593819,24.253183567785833,18.335327061263172,18.337015664081775,18.298143492014106,18.296482352664952 
 06/09  01:00:00,16.369024233671613,16.36929526266569,16.379330968228096,16.38051460667683,18.0,15.643172319350064,24.240628336051792,18.366797369959613,18.368477360317115,18.3299903738922,18.328337919517708 
 06/09  01:05:00,16.39282445624995,16.393100150875473,16.403332522804114,16.40444461314273,18.0,15.65714774153067,24.228112983379642,18.377330552393403,18.379009378760315,18.337513078492634,18.335864033137625 
 06/09  01:10:00,16.410007536103286,16.410288199640355,16.420709350955356,16.42175480086678,18.0,15.666975600191947,24.215411853871675,18.38866399802521,18.39034793152757,18.345752695699275,18.344099580119632 
 06/09  01:15:00,16.42301202024012,16.423297801138798,16.433917912745876,16.43490075264998,18.0,15.676916248884513,24.202631112767833,18.400356999252153,18.40204605569255,18.354305974025067,18.352649031707642 
 06/09  01:20:00,16.43309147288574,16.433382446753168,16.444217505841316,16.44514124510961,18.0,15.67892336855193,24.189748911654103,18.41221783995121,18.413911819731766,18.363070692891256,18.361410071654404 
 06/09  01:25:00,16.441046197318066,16.44134239707969,16.452409553182203,16.453277326882645,18.0,15.68091026221781,24.176812160079983,18.424207206153994,18.42590599727282,18.372048686636845,18.37038438452157 
 06/09  01:30:00,16.447420256592796,16.447721689235856,16.459036882732278,16.459851537946644,18.0,15.677565884596625,24.163811220057053,18.436276540724236,18.437979806202407,18.381222028135767,18.37955421507786 
 06/09  01:35:00,16.452595973768272,16.452902630740112,16.464479318187646,16.465243470028234,18.0,15.674126574394622,24.150782713638613,18.448431285681977,18.450138837461736,18.390619642762886,18.388948334344207 
 06/09  01:40:00,16.456848641139146,16.457160505106767,16.46900895455131,16.46972502438945,18.0,15.666797154083337,24.13771694838934,18.4606399253704,18.46235139501084,18.400237181086425,18.398562539869772 
 06/09  01:45:00,16.4603804740755,16.46069752340783,16.47282439839043,16.473494641010163,18.0,15.659312835134088,24.12464742474379,18.472909400065703,18.474624574949132,18.410107651155727,18.40842968528284 
 06/09  01:50:00,16.463342573930642,16.4636647856519,16.476072857864107,16.47669938145939,18.0,15.648800515148254,24.111562689892995,18.48520329577707,18.48692178213514,18.4202277114681,18.418546576557105 
 06/09  01:55:00,16.46584958319299,16.46617693483945,16.478864828580974,16.479449609986137,18.0,15.638083466110945,24.098493400855265,18.497521636040005,18.49924320032244,18.430630711684955,18.42894640681925 
 06/09  02:00:00,16.467989717621226,16.468322188258732,16.481284092784286,16.477359086960398,18.0,15.624853935960022,24.085426354992123,18.509818252469984,18.511542474140583,18.44131263511599,18.510247197444528 
 06/09  02:05:00,16.4830085006535,16.483342140385087,16.496810400869613,16.495375737280042,18.0,15.641299251717,24.07254015873593,18.512942236382287,18.5146468453662,18.447522368810212,18.450156767076464 
 06/09  02:10:00,16.503911881267495,16.504244985369986,16.51813062019799,16.51731100116792,18.0,15.664046392723275,24.05929511343579,18.516555612776187,18.518243584869595,18.45437110995033,18.45480921388412 
 06/09  02:15:00,16.528877961447545,16.529209401179358,16.54335047613524,16.5428418134357,18.0,15.687207291664603,24.04627024102497,18.520479792810306,18.522149317506205,18.46211129803646,18.461270620647383 
 06/09  02:20:00,16.556903729862647,16.55723269353722,16.571442918733773,16.571127049352373,18.0,15.722213064643437,24.033338711695293,18.524847916466456,18.52649812424795,18.470650418066953,18.46935008660438 
 06/09  02:25:00,16.58730374636976,16.58762963773535,16.601718925180705,16.601527875432776,18.0,15.757359511761063,24.02051666058209,18.52978831564201,18.53141887645694,18.48001199088708,18.478539522163942 
 06/09  02:30:00,16.619580688084742,16.619903066247414,16.63368829197867,16.633578635791867,18.0,15.800599582454566,24.007786130492274,18.53533824450483,18.53694884344418,18.490154228183883,18.488625117161007 
 06/09  02:35:00,16.653362747944506,16.65368128758116,16.666991873698894,16.666934749834297,18.0,15.843783559940977,23.995170121026174,18.54154670449367,18.543137273724028,18.501061618650738,18.499521052366504 
 06/09  02:40:00,16.688366081626203,16.68868054526225,16.701361038848866,16.70133684078641,18.0,15.892461504764286,23.982648347891026,18.548413357500976,18.549983747681438,18.51268412306439,18.511149925410052 
 06/09  02:45:00,16.72437043189109,16.724680649894804,16.736591532266356,16.736586762354488,18.0,15.94096016997795,23.970242888209924,18.55596369601983,18.557513947125017,18.525004968709766,18.5234839792231 
 06/09  02:50:00,16.761202576124745,16.764771319734564,16.76933893648612,16.772531196843584,18.0,15.993061245617708,23.957933281986747,18.56418390728612,18.542323115463205,18.5664265459161,18.536472424801616 
 06/09  02:55:00,16.798724718989625,16.80313981424138,16.805007685170942,16.80905016241151,18.0,16.044910897457985,23.94571568649786,18.573073339595624,18.55349215416004,18.57472822965758,18.55008513562916 
 06/09  03:00:00,16.836826148955648,16.84136525104883,16.841869809000322,16.846048798060362,18.0,16.09899796939534,23.933629352614425,18.582648743588095,18.566548224728194,18.58419823154054,18.564315486753458 
 06/09  03:05:00,16.85751642426144,16.862713033467653,16.86170861130513,16.866541361686206,18.0,16.117093387062276,23.921656270882234,18.594833546813845,18.575038789281507,18.59634964361635,18.573264747779945 
 06/09  03:10:00,16.871368093208126,16.87733237298906,16.874937529530378,16.880529961653362,18.0,16.128765573328504,23.9097505153244,18.60743332594268,18.58355062556143,18.60894006760816,18.581953596076005 
 06/09  03:15:00,16.880940897317835,16.887725918667588,16.88404108873103,16.89044411420008,18.0,16.1406172839862,23.897884517074587,18.620366102074627,18.592236617794185,18.621873766320334,18.590706450256107 
 06/09  03:20:00,16.887519116642384,16.895161288981175,16.890257646564137,16.89750634234702,18.0,16.140207181382443,23.886042425494814,18.63356659959163,18.60117589639765,18.63507905772167,18.59966904547332 
 06/09  03:25:00,16.89190619151314,16.900433738252826,16.894360567526864,16.90248229019553,18.0,16.139692773063448,23.874243862023903,18.64702575461223,18.610431885447156,18.6485445333779,18.608931040154232 
 06/09  03:30:00,16.894637955639233,16.904073717280273,16.89686527343765,16.905882290366097,18.0,16.130877216773122,23.86247735205199,18.66071741505084,18.62002878159103,18.662242953118323,18.618527127871857 
 06/09  03:35:00,16.89608393562483,16.90644619219281,16.898127067328563,16.908057282976948,18.0,16.12178080462624,23.85076127016553,18.674639498404417,18.630008387346038,18.676171926959455,18.628503122893562 
 06/09  03:40:00,16.896505285716238,16.907807572865266,16.89839697248632,16.90925368708233,18.0,16.106419758040097,23.839085672332452,18.688761513715917,18.640389124514968,18.690300680028884,18.63887915634166 
 06/09  03:45:00,16.896090310939588,16.90834057580332,16.89785593916914,16.90964696902789,18.0,16.090626593336115,23.827467791795666,18.703069612873662,18.651212054621283,18.704615364307756,18.649696837447664 
 06/09  03:50:00,16.89497721520401,16.908176408324277,16.89663673979359,16.909362987104572,18.0,16.069656580527155,23.815897449996115,18.717515925367138,18.66249729025128,18.719067936013744,18.66097662428922 
 06/09  03:55:00,16.893269204131663,16.907409266616554,16.894838504799797,16.908491931604917,18.0,16.048118437179443,23.80439087028061,18.732065082822032,18.674289253410848,18.733623069063754,18.672762947966135 
 06/09  04:00:00,16.891044881759345,16.906105983662275,16.89253673392048,16.900949123946514,18.0,16.021923189284326,23.792937068899086,18.746640316862,18.686610826115782,18.748203820981644,18.746929689279966 
 06/09  04:05:00,16.926937757004232,16.936224051902762,16.920665856318198,16.926936946825997,18.0,16.038763302404924,23.781681580273442,18.74779614871329,18.749437501313878,18.810075650694728,18.808579071148927 
 06/09  04:10:00,16.972906725805846,16.979876913718066,16.962191769757613,16.967072189997022,18.0,16.063307427416607,23.77075279620959,18.810696704556904,18.812068655099267,18.871758322677465,18.87022251457722 
 06/09  04:15:00,17.02699693891119,17.032483747238892,17.012711040563946,17.0165887744575,18.0,16.08785716054957,23.760307266686347,18.87345991998353,18.87493136380982,18.933609946268916,18.932083809128812 
 06/09  04:20:00,17.08717808512557,17.091608266945375,17.06985363080991,17.07298185486623,18.0,16.12871224960405,23.750191709853095,18.936471571218078,18.937940810110263,18.995600821815287,18.99409164008216 
 06/09  04:25:00,17.666832243486915,17.548967846183107,17.348754531626362,17.35131630555761,18.0,16.474667083158298,23.74040863230625,19.283004077418468,19.218519482119746,19.182316328756087,19.180893011929413 
 06/09  04:30:00,17.88943561223649,17.75140183050256,17.535424496250506,17.53754862787843,18.0,16.63434212651864,23.745908704085487,19.300825731910663,19.25978310944447,19.256684578095246,19.255331672225793 
 06/09  04:35:00,18.1911831120099,18.00461919205338,17.73969286710623,17.741471838263468,18.0,16.847299205274958,23.74008811378296,19.428177123094883,19.369302208525596,19.352398625764636,19.351160472813774 
 06/09  04:40:00,18.502312488261694,18.264205147875444,17.953215672413027,17.954719607150672,18.0,17.07350680325,23.73721848857188,19.547802381085035,19.47576963449302,19.449638402382675,19.448461079622234 
 06/09  04:45:00,18.814838880184634,18.524285214956016,18.174523983915847,18.175806954751625,18.0,17.2996720556975,23.735191835402063,19.66426907214435,19.58028921878713,19.54724320278507,19.5460535136437 
 06/09  04:50:00,19.127396301151247,18.783885217290422,18.40182103355315,18.402905508149516,18.0,17.551118580587595,23.73373213796425,19.779248082794993,19.683628539558583,19.645079960902308,19.64390749504173 
 06/09  04:55:00,19.406103247254958,19.026166196797735,18.633433949370488,18.634355445385726,18.0,17.802408476492683,23.732873186086664,19.875513400331556,19.777412669255284,19.743124395732195,19.741980173234424 
 06/09  05:00:00,19.653843925580116,19.253709066325108,18.868573090526308,18.869358105187313,18.0,18.07224984647784,23.732077261134428,19.96255618623843,19.866989538498785,19.841185994216403,19.840070886992294 
 06/09  05:05:00,19.877676122572332,19.463361377482553,19.093264355571563,19.093933907834717,18.0,18.328244853311244,23.731471164566422,20.02859091535595,19.93427710331264,19.915569406481723,19.91448467315047 
 06/09  05:10:00,20.09181237846982,19.666078989581642,19.314259654525483,19.31483139337761,18.0,18.592023730964506,23.740905993538583,20.094292663984675,20.00024853474349,19.987338456694033,19.98627140727615 
 06/09  05:15:00,20.30124304602405,19.8652140673287,19.53299187602069,19.53348045903137,18.0,18.864661445913285,23.74273060748041,20.1607155376405,20.06614170149703,20.058066502580118,20.057029490755667 
 06/09  05:20:00,20.548972462150743,20.062456974782712,19.75011887078234,19.72414538873703,18.0,19.14025854633412,23.745875914615226,20.29620702026955,20.13295049865087,20.12899791533465,20.06950217751495 
 06/09  05:25:00,20.775420756999132,20.25874964572131,19.966029668425957,19.92589155872962,18.0,19.41554633198454,23.749263222739867,20.367515459545643,20.200212109350673,20.19985168885006,20.134871738446293 
 06/09  05:30:00,20.99741322632848,20.454612159698275,20.18096928220623,20.129365813796753,18.0,19.696305579458173,23.752818032670746,20.438340460486245,20.267794318592962,20.270632436668507,20.20451601522109 
 06/09  05:35:00,21.317960983958493,20.71314621698886,20.43877303642962,20.376211540729948,18.0,20.042165417239573,23.7571236058491,20.565024983881244,20.369776620499238,20.36557200730158,20.298027887110948 
 06/09  05:40:00,21.673908559298525,20.993877390499037,20.713904939310094,20.64073309691158,18.0,20.40853109391181,23.764130594238548,20.689575643379555,20.47039101153223,20.460960224576468,20.392020860953608 
 06/09  05:45:00,22.04918754766678,21.286422846109815,20.999868507632858,20.916302182662488,18.0,20.773969146435235,23.771994855395135,20.81206435604946,20.5695610659688,20.556358247247545,20.486046510322296 
 06/09  05:50:00,22.43530756845344,21.58538006995428,21.293168379212243,21.199368710943048,18.0,21.17030134545798,23.780507821327696,20.932655921131754,20.667415912086085,20.6517492565838,20.580076354017706 
 06/09  05:55:00,22.842813952225786,21.890718488652038,21.589473094506815,21.4856209824888,18.0,21.565433638486585,23.789695355414825,21.060354922622366,20.76598156904481,20.74611343626492,20.673118710184895 
 06/09  06:00:00,23.241483127396517,22.255552215651708,21.83494115217146,21.7766525873556,18.0,21.98173823667941,23.79959535130433,21.177006325385207,20.942879706681424,20.770044026986284,20.767319304112903 
 06/09  06:05:00,23.618186240906425,22.570952621471793,22.09798888842635,22.05656517183726,18.0,22.369897352498644,23.809981748585802,21.2711976234566,21.01462274403775,20.844730262639814,20.843931276623437 
 06/09  06:10:00,23.981907357885394,22.801824282002674,22.423074813529805,22.331351440957853,18.0,22.76187914888604,23.824547960641905,21.366225326630683,21.018896647520705,20.995270442077526,20.923662301154877 
 06/09  06:15:00,24.334204925968656,23.058239010712256,22.71320958760248,22.60193999452611,18.0,23.14875010434635,23.84049473403084,21.458675031945518,21.093923235638954,21.074867330558845,21.002425700553204 
 06/09  06:20:00,24.675823471559223,23.31363935914959,22.99300153120913,22.86868444821839,18.0,23.527071936651566,23.858669278113126,21.54886608392661,21.16915399338518,21.152023515331848,21.080439193120583 
 06/09  06:25:00,25.007308557516627,23.56511555863012,23.26564265218375,23.131791568853362,18.0,23.900733429911895,23.87813619866729,21.63699291213868,21.243524374525578,21.227882766134485,21.15777687402442 
 06/09  06:30:00,25.329122490820026,23.811994070424507,23.532204463825895,23.39140509422809,18.0,24.26338324702851,23.898105419346447,21.723045669739065,21.316677463314363,21.302582612385095,21.234322908939816 
 06/09  06:35:00,25.750246279124834,24.1128291266553,23.841451964707524,23.69514194536193,18.0,24.69864995336251,23.918486869397306,21.836305741960814,21.38073124669654,21.360930847332384,21.294579346102978 
 06/09  06:40:00,26.201688801632308,24.428960078945913,24.163699278992297,24.013365026572632,18.0,25.13813337722202,23.87486697273395,21.929890990239755,21.44677397886636,21.42375561439553,21.360139370996194 
 06/09  06:45:00,26.66650840397136,24.750724608491574,24.491723701187397,24.338797017011782,18.0,25.572111355468213,23.808782281420495,22.021666729042124,21.50592524683975,21.48129350908289,21.421185912001704 
 06/09  06:50:00,27.135744459598772,25.073123871027022,24.821749664381045,24.667648995572137,18.0,26.021066963171123,23.74645215198128,22.11743312593768,21.568750757739565,21.543245175048128,21.486485083620096 
 06/09  06:55:00,27.603696539917237,25.393074268085886,25.151375393537222,24.99752409644058,18.0,26.464355466743704,23.69216932942217,22.21615538976539,21.635082882446,21.609720691210214,21.55634455803795 
 06/09  07:00:00,28.066594688531264,25.70861210339357,25.479000545106107,25.3268318754957,18.0,26.91093406154028,23.64701693147354,22.317032862545034,21.704388052548325,21.68014637367287,21.630245221642667 
 06/09  07:05:00,28.574786020430572,26.058902388333447,25.848250955706643,25.694020209938483,18.0,27.424788761784658,23.60961409164085,22.51457505144282,21.863495176500237,21.845820409467933,21.794754852574727 
 06/09  07:10:00,29.09606586747767,26.4193274045473,26.232778299114212,26.07524550452827,18.0,27.95558492799335,23.653049610315918,22.702997818512415,22.01367092804071,22.003323344371438,21.95126825182831 
 06/09  07:15:00,29.62252820488759,26.78391112247823,26.62623936678124,26.46467656031547,18.0,28.48533180530868,23.657043898144885,22.88011135259751,22.15305143463877,22.150846042844876,22.098035258391405 
 06/09  07:20:00,30.149960945909157,27.149551080120318,27.025292852787057,26.85922807301018,18.0,29.041914312321456,23.663244180548517,23.05604848422786,22.2918225826362,22.298728798604827,22.245150264437086 
 06/09  07:25:00,30.675665810433358,27.514297857594865,27.427778742231535,27.25690379100028,18.0,29.597190033029765,23.67056595503275,23.230229971688573,22.429424565758495,22.44636159073451,22.39202665159678 
 06/09  07:30:00,31.197835821425937,27.957592997896153,27.75263009383926,27.656338437948314,18.0,30.169552173087748,23.678901025754858,23.402594103559522,22.6207502044914,22.539371540215484,22.538556349614737 
 06/09  07:35:00,31.60407062028657,28.298206027962472,28.075501242185585,28.006643990265598,18.0,30.654258220108417,23.688454738647383,23.51520462778899,22.73064515710678,22.657874810659337,22.658697723313253 
 06/09  07:40:00,31.967567409546096,28.607117410487817,28.390658923820233,28.3386672454013,18.0,31.13135323493598,23.696137200862236,23.62828759965862,22.839078756838376,22.777042757026038,22.77827187310328 
 06/09  07:45:00,32.304689171561556,28.909239277043028,28.711432379166173,28.659256622938837,18.0,31.607959111411216,23.7043455814902,23.74153267346702,22.953489721400388,22.9025544650097,22.897826633069315 
 06/09  07:50:00,32.62368715414901,29.213790505576952,29.042462372578587,28.971810542422475,18.0,32.05919659885589,23.713364148296776,23.854939970873488,23.073405038535498,23.033494596557034,23.017394076606536 
 06/09  07:55:00,32.92965610934392,29.51592831741964,29.376376866743872,29.278428003703137,18.0,32.510368404538184,23.723359093324614,23.968506733507297,23.19327878350964,23.164379940022968,23.13701199152706 
 06/09  08:00:00,33.225912882955065,29.81556735227705,29.711494499565053,29.580485573396174,18.0,32.94486043712368,23.734038218848756,24.08208349223554,23.313091608441596,23.295187007424374,23.2565687347128 
 06/09  08:05:00,33.47502427470353,30.073961250391424,30.007590217641138,29.839525282319407,18.0,33.3400418483692,23.745482574156437,24.234174896049012,23.473803215522707,23.464457129723996,23.414753742306118 
 06/09  08:10:00,33.703734799395995,30.315667668099252,30.288890956540413,30.080854691543163,18.0,33.7153030301008,24.007868560192716,24.35217782996716,23.598217844319038,23.59797554948466,23.53691004350344 
 06/09  08:15:00,33.91863821020931,30.546404446424123,30.560733113985737,30.310545050739957,18.0,34.0905223050283,24.12532754989349,24.42918111388599,23.681107754109462,23.69071040175612,23.618407956984072 
 06/09  08:20:00,34.12327573875105,30.769146593601977,30.825804849932336,30.531783420638856,18.0,34.442743669479654,24.231890307866742,24.50098078478669,23.758943122678602,23.778513990093302,23.69489634629133 
 06/09  08:25:00,34.31991358475591,30.98579439160549,31.0858003885079,30.746608319841204,18.0,34.79507922643646,24.326897388138093,24.56729614891219,23.831466441416126,23.861158598285897,23.766188023648624 
 06/09  08:30:00,34.510072318367605,31.19763648083694,31.341861206047042,30.95640175491035,18.0,35.131648047679015,24.41332404981626,24.629467412775966,23.900019108640436,23.93996385689968,23.83359023348669 
 06/09  08:35:00,34.66200892832189,31.332251712114008,31.528369657660285,31.089455677223118,18.0,35.40090411461127,24.492925246942338,24.671334009863358,23.926958672380238,23.978476935802973,23.8601411531763 
 06/09  08:40:00,34.79903880672238,31.436528351370413,31.68971662408858,31.192388251276974,18.0,35.64754586543207,24.563824763795317,24.711172099057535,23.951371016212647,24.015767044997006,23.8841030328187 
 06/09  08:45:00,34.92625716603793,31.52132549812308,31.836440477519787,31.276028985099412,18.0,35.896974867909506,24.62955866479944,24.74944963191473,23.973675512746013,24.052419598570054,23.905987599670198 
 06/09  08:50:00,35.045987775241876,31.59230257445617,31.97408824196024,31.34600656433524,18.0,36.11741299079961,24.691292597560793,24.786474038514996,23.994434394983102,24.089072256912004,23.9263503112831 
 06/09  08:55:00,35.15940398310098,31.653071962101947,32.1062060512858,31.405905810044366,18.0,36.34071095956425,24.7489519183573,24.82202642680579,24.013635395332358,24.125761533597938,23.945183532397778 
 06/09  09:00:00,35.896751963358085,31.530429324451,32.27307789387703,31.284038960702752,18.0,36.54719696421342,24.804099680906713,25.18149870410059,23.940659377112866,24.182817420688593,23.87358836358146 
 06/09  09:05:00,36.27437942012086,31.584471980174797,32.4946133260975,31.335503014246598,18.0,36.83941163680959,24.858970013092556,25.299750368397326,24.06169513158045,24.327001744828067,23.992670006529636 
 06/09  09:10:00,36.578500830474724,31.684491053249694,32.73948280498082,31.43191474457975,18.0,37.1396699959193,24.886355999981582,25.42987233325914,24.18602845422248,24.478108896772824,24.115797794286152 
 06/09  09:15:00,36.84476338087343,31.80913758000869,32.99983478953521,31.55230835534255,18.0,37.4417221117837,24.924579370937735,25.56278734049488,24.31376155465614,24.63412018194174,24.24241237912645 
 06/09  09:20:00,37.085739822576926,31.949315415900898,33.27156977521752,31.6878120386082,18.0,37.77056626098016,24.962783347820512,25.69503394251575,24.44137737972528,24.791555170503955,24.369044939213268 
 06/09  09:25:00,37.307967685548554,32.0997323768788,33.55212263495014,31.833290676384152,18.0,38.100498418450485,25.00090713878953,25.82622068996102,24.56869993498674,24.950177436945864,24.495512919113366 
 06/09  09:30:00,37.51510462511639,32.25705584524672,33.8397833156847,31.985525794671528,18.0,38.44980185744609,25.038994314354138,25.95608558353365,24.695701139532787,25.10988921552405,24.621789228032412 
 06/09  09:35:00,37.546804605176064,32.4086381504095,34.05816939677401,32.13206701883429,18.0,38.64418964117662,25.076847159937913,25.98563319062447,24.816380893997348,25.230901096105754,24.74208242796351 
 06/09  09:40:00,37.51791674455301,32.55913000514932,34.39068667095933,32.27758574376782,18.0,38.81750428854991,25.11261272623271,26.033583499667316,24.935599504745937,25.434308471884435,24.8610470028068 
 06/09  09:45:00,37.45440777935485,32.58279718570257,34.616908593798264,32.42241564326715,18.0,38.989055552450445,25.147891840194855,26.0677415651179,24.979656632761248,25.551669741722492,24.979390897328585 
 06/09  09:50:00,37.3697898376695,32.683127837139956,34.809111433920094,32.56653243736245,18.0,39.10709457589476,25.182008289894128,26.116795375419542,25.09418286035293,25.663766785362554,25.09592800627047 
 06/09  09:55:00,37.272587112895174,32.79954356542861,34.978950464082885,32.70986889773247,18.0,39.224482085825386,25.213973083934388,26.15851960627333,25.20768680097592,25.770721264232463,25.209954024417357 
 06/09  10:00:00,37.16850239243923,32.92356192426191,35.13155204936146,32.85236194749382,18.0,39.303505994402514,25.241784415255974,26.191399366141923,25.320138499669326,25.8741208381839,25.32254800148172 
 06/09  10:05:00,37.10517534157425,33.10127057705801,35.3151607936673,33.04333672647784,18.0,39.43425301074089,25.268140187401432,26.343191899062276,25.53685091184218,26.0776083076928,25.53933115849202 
 06/09  10:10:00,37.05815291844296,33.29984992056417,35.5034070150997,33.251722591975906,18.0,39.547329057893464,25.289013691836637,26.49474197095708,25.75789991152726,26.283013666450927,25.760459561523703 
 06/09  10:15:00,36.7801131841345,33.736423943971516,35.571039682603235,33.69576370139601,18.0,39.65940805972994,25.31364533739356,26.520517063609873,26.106882739583625,26.424272608537024,26.109564850642244 
 06/09  10:20:00,36.69509203905393,34.04335758599451,35.70952636725514,34.008490194344944,18.0,39.76966385039267,25.33896386484246,26.694034831296335,26.320300849232467,26.62674068522722,26.323090255380066 
 06/09  10:25:00,36.66417069521007,34.32595286156867,35.860467750024156,34.29565489229415,18.0,39.87854944550376,25.362968772933044,26.86754264863248,26.542445713390123,26.826069375000202,26.54526967417877 
 06/09  10:30:00,36.66720331287305,34.59748661695474,36.01562077521257,34.570859805129,18.0,39.98363328357766,25.386485104582775,27.044325785025876,26.764938302068856,27.023840694199237,26.76779137835291 
 06/09  10:35:00,36.86645484500609,34.96667646492045,36.34101642465248,34.943057304550955,18.0,40.334757175025686,25.40949819351526,27.317735148971053,27.050872439125442,27.312279659907233,27.05379386863558 
 06/09  10:40:00,37.14074821592571,35.369692940082665,36.72934547210455,35.348578274713965,18.0,40.732944443640235,25.438117348128472,27.589592410235923,27.320145806240532,27.600455478783033,27.323155098914867 
 06/09  10:45:00,37.46048349584347,35.79300904374108,37.15639820628372,35.77400702448044,18.0,41.12923498165396,25.467335429101645,27.859860847834796,27.595918027383505,27.88825592469857,27.59901646861192 
 06/09  10:50:00,37.80979670072118,36.229829249420966,37.6096613664018,36.21263070732071,18.0,41.61546988499647,25.496909206992235,28.12851003465505,27.87189793270727,28.175667901155293,27.875081841183714 
 06/09  10:55:00,38.178500969174436,36.675861412274365,38.08121567509121,36.660219164020425,18.0,42.09816517191769,25.52680676254967,28.395550753009445,28.147468317020753,28.46271984283669,28.150736049239242 
 06/09  11:00:00,38.55969202677412,37.12821697753416,38.565751280989666,37.11393090339936,18.0,42.63935974953467,25.55690750934495,28.66091708940786,28.42249457922702,28.749361761452064,28.425845137552756 
 06/09  11:05:00,38.86729663061767,37.49906562562879,38.97849863152243,37.48596336548055,18.0,43.11151381202108,25.587186662429993,28.755270296110382,28.525064867740355,28.86656916284005,28.528506310834246 
 06/09  11:10:00,39.149911653789005,37.84207039719692,39.36904473150483,37.830010975269055,18.0,43.610508909688534,25.62102983699805,28.842032295361776,28.620565877818308,28.977802549833086,28.624055577586716 
 06/09  11:15:00,39.41631051761496,38.16844475319833,39.7469207127241,38.157312177657715,18.0,44.10908848444885,25.650067482238494,28.9256285830528,28.714138168750537,29.08736064772927,28.717686987544198 
 06/09  11:20:00,39.67027719820091,38.48362104618572,40.11650672472929,38.473318507888436,18.0,44.61114667266543,25.678848246810542,29.007648556590482,28.80750762030965,29.196859117824033,28.811114538586253 
 06/09  11:25:00,39.91385379018313,38.79087722196799,40.4803261312698,38.78132304509287,18.0,45.11345617172448,25.707292794569753,29.088021514501293,28.900666644041735,29.30624335722132,28.90433196180959 
 06/09  11:30:00,40.14816459941694,39.092307287797325,40.83990219458833,39.08343188391581,18.0,45.61992456731984,25.73550913108424,29.166742207652987,28.993658515486118,29.41552608512876,28.99738229872662 
 06/09  11:35:00,40.24717219116182,39.26974531965815,41.04469651583819,39.26148545759618,18.0,45.92350713112769,25.763475771025213,29.173279731187336,29.023632649830006,29.44433273470173,29.027385138331567 
 06/09  11:40:00,40.296295449434005,39.40088122374444,41.192669390494935,39.39318115966777,18.0,46.19071177011233,25.785009090906406,29.18067639338892,29.052661517136244,29.472506550380672,29.056420240469265 
 06/09  11:45:00,40.31441229979381,39.503008615380836,41.30488630887177,39.49582077776025,18.0,46.459376787770054,25.805399742313636,29.18896448187172,29.08132496492385,29.500036544244495,29.085091476112268 
 06/09  11:50:00,40.31118790109248,39.58497776935348,41.39204912117433,39.57826098931471,18.0,46.65396379660032,25.8248848485092,29.19774953521943,29.109618556918917,29.525638114722597,29.113393584494474 
 06/09  11:55:00,40.3268412416712,39.65232720305928,41.46081036667344,39.67988172393973,18.0,46.85157167041037,25.843500970879713,29.225988036523916,29.137570243342452,29.55053183729848,29.158211561521625 
 06/09  12:00:00,40.347079317649694,39.708723984870524,41.51554271320428,39.78628520770806,18.0,46.99959053686939,25.862055938232015,29.253731429760137,29.165360812981362,29.575952920788268,29.204490337476045 
 06/09  12:05:00,40.244709747456,39.63560243805632,41.43241683965406,39.7707785496104,18.0,46.91974545755659,25.879684667686522,29.14328260295804,29.0558780032502,29.46015413760773,29.11282571439233 
 06/09  12:10:00,40.09558066533963,39.51253245017495,41.29366370538538,39.70987152096716,18.0,46.75681441742615,25.879824515639893,29.032594909787633,28.94798308560098,29.34393565261911,29.022424980619803 
 06/09  12:15:00,39.91588387347739,39.35787538475234,41.117942656922786,39.620046744470066,18.0,46.59325685350776,25.892202755729603,28.923268003231897,28.842444575248635,29.22890369454359,28.93407201934383 
 06/09  12:20:00,39.71411521000713,39.181353713471395,40.91530841245693,39.509814317624716,18.0,46.31474297705415,25.904524985745564,28.81339398335058,28.73697947105461,29.113187503398308,28.845518577982148 
 06/09  12:25:00,39.495814850143425,38.98920645769874,40.69235662213033,39.38460808679346,18.0,46.03875663493528,25.916671338587612,28.703304183141313,28.631787651750585,28.99714551433044,28.756970329077603 
 06/09  12:30:00,39.264839282081624,38.785662308262516,40.45368605743481,39.24811301812442,18.0,45.684717042235036,25.928576130772402,28.593089799395727,28.52687299963935,28.880884258823812,28.668431013226666 
 06/09  12:35:00,39.025778791591854,38.70537972441799,40.05628817676088,39.10109449016013,18.0,45.32419395152597,25.940208129633124,28.4837293767564,28.478539852606332,28.700944158201196,28.57911766485654 
 06/09  12:40:00,38.7795975914052,38.5240545711321,39.7524124850431,38.945837697542075,18.0,44.909414027263594,25.951573792414123,28.374307702405417,28.370718115030513,28.586404154301306,28.489181166002936 
 06/09  12:45:00,38.52767263313607,38.31494705797484,39.46520620128746,38.783735432551595,18.0,44.49742841020361,25.962669027057906,28.264889309284627,28.261688978816096,28.473643761029734,28.39861651878266 
 06/09  12:50:00,38.27116317792828,38.08959321550956,39.18512919006779,38.61583394229838,18.0,44.04781963539892,25.973484585494155,28.15549407407343,28.152390745276364,28.361523486525925,28.30741276016181 
 06/09  12:55:00,38.011028111812216,37.85312512598756,38.90898261788028,38.44295287385799,18.0,43.601442163991635,25.98400374920803,28.046136893295397,28.043090077246006,28.249736170158258,28.215571336192284 
 06/09  13:00:00,37.74806752098299,37.608733828738515,38.63520461493275,38.26575081311056,18.0,43.131807835652495,25.9942431710647,27.936843587932117,27.933847792724805,28.138243267503753,28.1231187047689 
 06/09  13:05:00,37.52206948597643,37.397519585910196,38.39742274700208,38.118916673046115,18.0,42.73766506327061,26.004177935427492,27.877519388423366,27.874565220282193,28.074892454269616,28.07795678546529 
 06/09  13:10:00,37.30819670460958,37.19578748015178,38.17240533305511,37.98048243392572,18.0,42.3435722731527,26.035244920281738,27.814212789875796,27.811299829928316,28.007719517201622,28.028208167230616 
 06/09  13:15:00,37.10129360952859,36.999067551790866,37.954965797260115,37.8459141391903,18.0,41.95159558248813,26.048205349301437,27.74764671594903,27.744760754270487,27.937416420839668,27.97462091572754 
 06/09  13:20:00,36.89890051979248,36.80536802792673,37.742532807565475,37.71307837670238,18.0,41.57668135037909,26.06086901153089,27.681414010419644,27.678561398719523,27.86755176025798,27.92078134813022 
 06/09  13:25:00,36.699566461007926,36.61356767686586,37.53356430191103,37.580746820963356,18.0,41.20356953300662,26.072741129561493,27.615100866803232,27.61228149805163,27.797709939762967,27.8663187965808 
 06/09  13:30:00,36.50239130684076,36.423004209764336,37.32709109468261,37.448187723956075,18.0,40.842291881679515,26.084069914542074,27.548765226357318,27.54597953632691,27.72795136014372,27.81133268535075 
 06/09  13:35:00,36.152956443432934,36.079403033130156,37.52240269449258,38.01134010190467,18.0,40.973412993627754,26.094828519345057,27.407483674556943,27.404782137477127,27.863175499967156,28.115686604067832 
 06/09  13:40:00,35.98103658006024,35.912707288195364,37.73319008155249,38.57871137422235,18.0,41.1994364590835,26.111504256872376,27.388536128231692,27.38595920257501,27.93435094791232,28.29949862565502 
 06/09  13:45:00,35.72740126405442,35.66379058732338,38.128418419676535,39.602773570883954,18.0,41.41309124182302,26.129974307702373,27.29379182851244,27.29136276580749,28.074182764264492,28.67384020936902 
 06/09  13:50:00,35.58993076380617,35.530613722454675,38.42878476508135,40.47922307764563,18.0,41.77878304984842,26.15201272327964,27.276613788739212,27.274378792540517,28.126189727595374,28.88395017558446 
 06/09  13:55:00,35.48879577267775,35.433418558395815,38.70501274429853,41.37554600773006,18.0,42.12898471740962,26.172539814544642,27.254055246288317,27.252022012101293,28.16879977849709,29.101865464737273 
 06/09  14:00:00,35.407627569908435,35.35587571914498,38.96027324956436,42.30717586887839,18.0,42.556143566385096,26.193553200344944,27.229356907466638,27.227571128283216,28.2015882422794,29.325733339053954 
 06/09  14:05:00,35.184153568725975,35.13553266124187,39.29499414787809,43.71881848971252,18.0,43.04076112561809,26.214945735016506,27.07273830223869,27.07129043372015,28.2283558002606,29.723336312334595 
 06/09  14:10:00,35.091626644723355,35.045836040767185,39.54700626522231,44.918642615405176,18.0,43.578833585567175,26.227444497109335,27.009717498550913,27.00862176086082,28.20954470410129,29.937562161386722 
 06/09  14:15:00,35.03342619688106,34.99023998564582,39.76191899797402,46.1124099141821,18.0,44.107315394349264,26.247890259917906,26.947511274332328,26.946748031323864,28.16514297636826,30.16249458974221 
 06/09  14:20:00,34.992883585064575,34.95210773197691,39.94391267552524,47.324131905546615,18.0,44.675315813612286,26.268704976355806,26.884363572093775,26.88394941725619,28.126691776850237,30.39445062885784 
 06/09  14:25:00,34.96260059418622,34.92406565999049,40.09328693182265,48.56109363338373,18.0,45.23296119386626,26.289699829931795,26.820065081246867,26.820003601880785,28.058287303320867,30.633502307764275 
 06/09  14:30:00,34.93811835332355,34.90167416475836,40.20939897512206,49.826113248980626,18.0,45.8057471567422,26.3109752839076,26.7546394988496,26.75492286123142,27.986271230937973,30.879684240701067 
 06/09  14:35:00,34.81885287649945,34.78435574223031,40.074426898682205,50.616439171141984,18.0,45.95983624857881,26.332355087503593,26.639144936914022,26.639597540564296,27.801492810050718,30.888031633393553 
 06/09  14:40:00,34.60595788914176,34.57326888241418,39.95434449242556,51.82619287591891,18.0,46.04252054659102,26.34493308979779,26.490939889462425,26.49155896269224,27.666010545822928,31.167648168507412 
 06/09  14:45:00,34.41790068712932,34.38690039340441,39.69425893237793,52.57905870018118,18.0,46.12305280233918,26.36212115308982,26.37543166384819,26.37617455553061,27.470859747187035,31.182942041947967 
 06/09  14:50:00,34.22498678691704,34.19557256679836,39.36936458272599,53.20579249981105,18.0,46.06539167058453,26.373777182454475,26.256662981943293,26.257454172556436,27.270228195179698,31.200196216080826 
 06/09  14:55:00,34.02507420842206,33.99715249871811,38.997232512812204,53.758752439744576,18.0,46.00686911311964,26.38423416581258,26.1360960874523,26.13688907533981,27.065213928797846,31.21618743655847 
 06/09  15:00:00,33.81800609503669,33.79149154426288,38.586899735437775,54.26171461526036,18.0,45.85751022133491,26.3937559758226,26.013693322631468,26.014436390695778,26.856271760842446,31.231010478819655 
 06/09  15:05:00,33.62123378259711,33.59611342787548,38.161975679712754,54.72138384835925,18.0,45.674576305456455,26.402319210864512,25.961482162642255,25.96211885187006,26.715456216566054,31.298303425113772 
 06/09  15:10:00,33.42467150896522,33.40089208270274,37.7156642296536,55.149968557669375,18.0,45.42290156956706,26.41093294000268,25.911585081098792,25.912047120875172,26.576399822409712,31.365593720909658 
 06/09  15:15:00,33.2263037092482,33.20380614469124,37.248416503122165,55.55346353223305,18.0,45.16924119573887,26.41888679542501,25.861149715519787,25.861392017732555,26.437272238086166,31.43112863251497 
 06/09  15:20:00,33.02520237270403,33.003926890835686,36.76098332823114,55.935640430452956,18.0,44.85930392482511,26.42587953047525,25.809735353147403,25.809716503902735,26.298570276241662,31.494431683893026 
 06/09  15:25:00,32.82082582657163,32.80071367143772,36.253984760811925,56.298943888053124,18.0,44.54707008482773,26.432674302032424,25.75743430814009,25.757122143579636,26.161452776016006,31.55539388441298 
 06/09  15:30:00,32.6128365629109,32.59383080844502,35.72789569002706,56.644961466681664,18.0,44.193553355680955,26.43900961946924,25.704192967664653,25.703567114464818,26.027087347883935,31.61374303640042 
 06/09  15:35:00,32.41919910411142,32.40124592511579,35.16629649513872,56.51345615489515,18.0,43.62108193847436,26.44487436474902,25.658823864302235,25.657813732922705,25.900530788339324,31.450228957350305 
 06/09  15:40:00,32.231062771622575,32.214111083543386,34.561893318172274,56.21861313888321,18.0,42.98896308143287,26.44813100691141,25.612856779383605,25.611511537388083,25.774983857190136,31.282031152378124 
 06/09  15:45:00,32.04681555492492,32.062707878568425,33.98017805111846,55.81667473292142,18.0,42.36777378822749,26.450171512902582,25.56731716796253,25.575086301935926,25.669752399767845,31.106708088995674 
 06/09  15:50:00,31.865771280618766,31.89724596777736,33.410873001015396,55.33513493980895,18.0,41.67042364269492,26.451526415080714,25.522295272500287,25.531062146250918,25.57680581624038,30.924627985797258 
 06/09  15:55:00,31.66115453890145,31.704479970492642,32.82161824044074,54.05071204935623,18.0,40.984856167862844,26.45218190782023,25.463863090494613,25.473197390163477,25.477850243146463,30.3758787661626 
 06/09  16:00:00,31.47224347460695,31.575897968811137,32.328018486749144,53.22742290356026,18.0,40.26318782676889,26.443560684426703,25.415734265624565,25.43144372303766,25.41368990574665,30.188159866930164 
 06/09  16:05:00,31.27348162255575,31.54190584736295,31.953888770961594,52.449981317316464,18.0,39.5773185296842,26.441791240708955,25.33429084423949,25.37761500309057,25.33223466717652,29.957725749698852 
 06/09  16:10:00,31.072497443798163,31.536627837013057,31.630078520578515,51.677436475320455,18.0,38.88121797295155,26.44825853717356,25.24902287760301,25.327874417868657,25.24714105640112,29.718128167432724 
 06/09  16:15:00,30.870783779784677,31.54148364808148,31.33793769647082,50.89566653456126,18.0,38.193239419540554,26.448176770637723,25.162598937378846,25.28268353002437,25.161000170955617,29.471955691866924 
 06/09  16:20:00,30.669058486403493,31.503471579388773,31.067627051555956,50.09800733304209,18.0,37.51211960830631,26.447078292938855,25.0764216808858,25.228380646148366,25.075175381159852,29.220842293890883 
 06/09  16:25:00,30.46777176581361,31.4855887426042,30.85259428681036,49.28132294976083,18.0,36.83923528536571,26.44571390285211,24.990613948635655,25.18798677512143,25.001205457735068,28.965284049302454 
 06/09  16:30:00,30.267225796738344,31.462485582417155,30.623421490093047,48.444366194934936,18.0,36.17884923992146,26.444027001630538,24.90518482184143,25.148381237344097,24.916789489965595,28.705715430716225 
 06/09  16:35:00,30.017812283915813,31.329540037851995,30.34735352906072,47.07555778788683,18.0,35.5637962256365,26.44185006589187,24.7945994742297,25.052235129883,24.80659761180226,28.192514406422333 
 06/09  16:40:00,29.766562789557934,31.230933089561898,30.07254719020143,46.2222929090173,18.0,34.96688393197852,26.430390264248985,24.690664091367694,24.994007851908464,24.70312706353161,28.01470897353005 
 06/09  16:45:00,29.510050009228955,31.12985708269553,29.795247912600594,45.47807278914377,18.0,34.372525164731684,26.426040400913692,24.588724584968418,24.937451560101408,24.60168737931997,27.83316445960429 
 06/09  16:50:00,29.249349854485285,31.02147935630661,29.516128476290213,44.78436153304002,18.0,33.800970353637794,26.421243212275105,24.486550720156856,24.879668445012157,24.500014309542053,27.649026463422672 
 06/09  16:55:00,28.985408360447163,30.90400878374832,29.23576085636455,44.116781602522295,18.0,33.23214187710255,26.41614299368279,24.384249009752693,24.820083420240053,24.39820872761328,27.462311931114243 
 06/09  17:00:00,28.718897730073675,30.776369634831696,28.95449656222787,43.46170004276627,18.0,32.68046396683238,26.41073252122931,24.281852557454386,24.758138872606537,24.296291928471078,27.273162154561533 
 06/09  17:05:00,28.4119442583784,30.59912086923817,28.63443262064576,42.77113351682682,18.0,32.09045682889137,26.40490388904194,24.094812639768804,24.60909300895355,24.109616842483433,26.998646135548654 
 06/09  17:10:00,28.089127719693945,30.3963742992921,28.299743892298498,42.06674400474326,18.0,31.50626670762553,26.35250604498189,23.91272175725328,24.461886433758536,23.928058987296595,26.727327483869658 
 06/09  17:15:00,27.756214524702763,30.173193747007122,27.955973405831404,41.35064879703709,18.0,30.925264009580093,26.33763144773092,23.737725446667582,24.318104879657312,23.753674299276724,26.460573894809954 
 06/09  17:20:00,27.41612859332504,29.93191903453438,27.605881644583583,40.62338364255375,18.0,30.3429813334483,26.32284820002748,23.562025032135125,24.16971736127067,23.57850895237368,26.19118744369905 
 06/09  17:25:00,27.07070048652258,29.673877839885883,27.25117089038409,39.885189361553444,18.0,29.764054921752916,26.308559725217197,23.386200969735,24.01707468812117,23.403154595678075,25.91989305060838 
 06/09  17:30:00,26.72115013214538,29.399842808727154,26.892957880817328,39.136225007262006,18.0,29.188398937879693,26.29442457103351,23.210235091086872,23.859963949932762,23.22758399477732,25.646762137380165 
 06/09  17:35:00,26.339493688761028,29.044120887202478,26.50301749584056,38.2118774071906,18.0,28.558051782905267,26.28026811060795,23.019220987359404,23.664686212942968,23.036524707023773,25.291869300735243 
 06/09  17:40:00,25.944180445997098,28.64368820832437,26.099784909675424,37.21644378949724,18.0,27.923285328610298,26.263028412424735,22.82679331300659,23.460634490381892,22.843946508943873,24.93232607776065 
 06/09  17:45:00,25.53965808888467,28.205745704198325,25.68766289974983,36.17025059692694,18.0,27.293765078363982,26.244973633692297,22.633680352547174,23.248309128651158,22.6505680654235,24.56820666657859 
 06/09  17:50:00,25.128181051137524,27.73320016782831,25.26886708665661,35.08265337484294,18.0,26.65494308918161,26.226156862697067,22.43978992180638,23.02751940822077,22.456296977760417,24.199366003912473 
 06/09  17:55:00,24.71374827418941,27.224879584979732,24.847377285666223,33.94626799107562,18.0,26.021473661806617,26.20644026589214,22.24621968277944,22.79675472421593,22.262248464006348,23.81920369201373 
 06/09  18:00:00,24.292918294464855,26.684538128905682,24.419701891460452,32.78419440077406,18.0,25.38849934112422,26.185835263995845,22.05016330454316,22.557986696702358,22.065593768697852,23.439676135472553 
 06/09  18:05:00,23.94466064181386,26.188754287211733,24.064468138735606,31.670792336185293,18.0,24.863803234565918,26.16434489987217,21.93568757274113,22.393966192053938,21.95009212315665,23.139080456930287 
 06/09  18:10:00,23.59007304613784,25.481004888808386,23.70288077808178,30.056493451208038,18.0,24.367492191544034,26.019357211601196,21.840413366645635,22.152158584225617,21.85365953494812,22.615392218879038 
 06/09  18:15:00,23.27182875501217,24.889001471699316,23.377903797462444,28.771027708375783,18.0,23.876901636594255,25.969852153516477,21.784456908124184,22.02876335914607,21.796648887636366,22.370633924987715 
 06/09  18:20:00,22.96803905128125,24.307285782569718,23.06760215444979,27.552174427283088,18.0,23.432233837270942,25.928633374229573,21.729534462059462,21.89763315636509,21.740814553158373,22.123339166256017 
 06/09  18:25:00,22.67245222828104,23.718872876923882,22.76570087524617,26.36479985978182,18.0,22.993451580640368,25.88986183921268,21.674090732148443,21.760411501142244,21.684406792036725,21.87300377426925 
 06/09  18:30:00,22.35891552177719,23.103555220337732,22.44588613096686,25.195346503765403,18.0,22.590137253334003,25.852432767029857,21.605613945401785,21.612351330280603,21.61487044874241,21.62743018939102 
 06/09  18:35:00,22.154730195357647,22.7379105638029,22.236164466954918,24.499257243924315,18.0,22.327099999825336,25.813679624437675,21.595723532075,21.6019140817192,21.605296889150395,21.615958507362222 
 06/09  18:40:00,21.992003254772175,22.463959912423043,22.06845035786635,23.982864957128662,18.0,22.116951527130244,25.782965355504725,21.590802103983947,21.59628577504691,21.600859836621794,21.609689117582036 
 06/09  18:45:00,21.85496427644477,22.24553750797804,21.926894899591247,23.577093097552016,18.0,21.907107419429405,25.75312746884613,21.586682772456527,21.59159778970195,21.597200968339735,21.604619250197175 
 06/09  18:50:00,21.735733533216457,22.064818433919992,21.803553989345165,23.247158353124746,18.0,21.76012740353518,25.72406003195182,21.582951902992136,21.587329246397417,21.593931099907422,21.60010059556413 
 06/09  18:55:00,21.629372937386304,21.910787143858766,21.693434349095433,22.97140443516574,18.0,21.61348567950469,25.695774890168888,21.579529876964557,21.58335910172542,21.590970193924704,21.595957134226296 
 06/09  19:00:00,21.532578130749545,21.776176615666806,21.593184962517114,22.735482004017385,18.0,21.506719418082806,25.668062442982528,21.5763049347687,21.579516911541987,21.588149607133516,21.591994265246285 
 06/09  19:05:00,21.417519691394578,21.631203317830987,21.473934315171423,22.505322849799008,18.0,21.350422198036128,25.64090900892489,21.527116702444403,21.52973864284661,21.53704582914736,21.539793959549797 
 06/09  19:10:00,21.29766311326359,21.48690044904402,21.349817046385606,22.288097687844846,18.0,21.20886775794785,25.6060571228209,21.47317340963565,21.475274251324322,21.481052898319717,21.482763128199906 
 06/09  19:15:00,21.175329525232048,21.34413733279109,21.223332437727333,22.082078167376604,18.0,21.066427699763697,25.57493313050577,21.419272349837968,21.42089538565142,21.425145587894235,21.425870166012146 
 06/09  19:20:00,20.977435118469284,21.12637238676147,21.02136214388693,21.807360518788087,18.0,20.830952704659026,25.54450280022858,21.32673377708238,21.327071029882973,21.330624765782204,21.328729680929825 
 06/09  19:25:00,20.852435863183587,20.986519500385306,20.892726524067875,21.618943182567424,18.0,20.723414458843205,25.511041913259266,21.287137183276627,21.287515709787044,21.289165332757932,21.287247704309266 
 06/09  19:30:00,20.749206017728092,20.871060113715036,20.7862030399454,21.460586769953593,18.0,20.60430078033495,25.482398162039193,21.249264367151795,21.24966163229766,21.249367983472325,21.2474555351381 
 06/09  19:35:00,20.658364612828994,20.76990319405392,20.692362303577386,21.32110426413617,18.0,20.4843829458894,25.45443769127305,21.211751936710584,21.212171554057477,21.209892975712194,21.20799074532306 
 06/09  19:40:00,20.575879628060022,20.678586229314813,20.607131244767643,21.195251419710633,18.0,20.38533359491627,25.427131422972362,21.17459764114892,21.17504142965049,21.170737872187942,21.168848074355424 
 06/09  19:45:00,20.499362191231004,20.59441502851789,20.528086104648562,21.07973557112305,18.0,20.285798999488218,25.400403596273076,21.1377955977199,21.13826484432292,21.131896857057257,21.13002100458675 
 06/09  19:50:00,20.427262811213968,20.515614008058883,20.45364834524027,20.972312466940036,18.0,20.198969856751788,25.374131532484476,21.10130265425505,21.101798172568124,21.093327289408762,21.09146667236689 
 06/09  19:55:00,20.358531301409766,20.44096137897621,20.38274378710512,20.87138699288795,18.0,20.11175095010066,25.348289322350755,21.065128159346955,21.0656507523787,21.055039551620837,21.053194908646958 
 06/09  20:00:00,20.292432977492485,20.369589747580754,20.31461791911284,20.77579003192067,18.0,20.03293719866522,25.322789855076067,21.02924047483816,21.029790594145993,21.017003382598205,21.01517531383405 
 06/09  20:05:00,20.263186688545122,20.335401970320895,20.2841715263511,20.719221456087702,18.0,19.99298352114339,25.297627641348164,21.02753150018765,21.02810592358844,21.01567429045616,21.013871082078253 
 06/09  20:10:00,20.249943818614387,20.317598754261002,20.270012086039422,20.680519005447778,18.0,19.96890661157799,25.210460656573883,21.0312173085689,21.03176497207687,21.019839007700284,21.018116235592743 
 06/09  20:15:00,20.247328552146115,20.310779102216834,20.266639684020248,20.654128939226613,18.0,19.94446655923012,25.161473044172663,21.053129896184487,21.053709932850325,21.0418744912555,21.040166326429016 
 06/09  20:20:00,20.252488359957823,20.312057655854982,20.271144303916316,20.63704552322351,18.0,19.938849677493174,25.115143301935884,21.076739950377032,21.077333810768096,21.0657695606684,21.064093566633176 
 06/09  20:25:00,20.2635606977372,20.31954015539208,20.281630971643107,20.627274299916337,18.0,19.9331941780045,25.072088136391365,21.10206021319533,21.102669837751932,21.091360157531653,21.08971338657949 
 06/09  20:30:00,20.279258064812907,20.33190355771596,20.29696380042853,20.62340629315566,18.0,19.940044364455943,25.03156255310538,21.128400007909136,21.129024156193736,21.128064370664447,21.116352766632872 
 06/09  20:35:00,20.298657125270317,20.34800470255181,20.31571959770622,20.624409156887374,18.0,19.946891782309006,24.993245684549343,21.155585663154625,21.146448539957703,21.15566067542852,21.143830525113515 
 06/09  20:40:00,20.32106899499304,20.367654057323826,20.33742187962781,20.62950488958426,18.0,19.962510007740825,24.956501577797567,21.183243104870144,21.173896785640864,21.183750585238556,21.171778022281387 
 06/09  20:45:00,20.345975899769442,20.390081055221632,20.361599533221685,20.638093361697578,18.0,19.97813453720264,24.921345070547897,21.211506695368712,21.20200522178061,21.212170547319943,21.200321146032366 
 06/09  20:50:00,20.37297662034597,20.41482326654598,20.387872594392793,20.649702461530953,18.0,20.000096795421076,24.887369053498595,21.2401399599363,21.2307438305902,21.240871714958985,21.229229662468697 
 06/09  20:55:00,20.40175632819777,20.44153114241198,20.415938116700836,20.663954483382614,18.0,20.0220669923029,24.854556977141133,21.269232120834147,21.260021327399897,21.269996310554916,21.258586171655566 
 06/09  21:00:00,20.432064969754563,20.46992943647359,20.445552994767898,20.680542798759497,18.0,20.048732454816587,24.8226467622571,21.29865885312398,21.289662122913114,21.299442180970118,21.288266922368734 
 06/09  21:05:00,20.38811011596891,20.424310550061332,20.40098701844375,20.624292621336288,18.0,19.952468074549834,24.79166328044814,21.191029592845666,21.181884198043576,21.191828954031962,21.180514647851396 
 06/09  21:10:00,20.31402213047534,20.348960602339464,20.32632765450276,20.539125406477027,18.0,19.830814461749114,24.755700072046817,21.102092555579134,21.09267670679833,21.10288980640172,21.091365895368767 
 06/09  21:15:00,20.220517264758215,20.254654849942952,20.23228170426103,20.435671853450685,18.0,19.708022194457193,24.832232977650538,21.036972938359895,21.026846080804773,21.03786501324305,21.02546871400932 
 06/09  21:20:00,20.112998305242325,20.146837405812878,20.124248066930605,20.319240368524298,18.0,19.539935965722012,24.90084157423584,20.940241142594346,20.929874176184967,20.941173918563777,20.92847316344904 
 06/09  21:25:00,19.99486355806118,20.028933221454082,20.00562280761579,20.193199612874864,18.0,19.369920911387496,24.910160310740444,20.80124411115412,20.791557103063496,20.802196900656725,20.790149861571194 
 06/09  21:30:00,19.86839197405507,19.903236226609124,19.87868321353042,20.059665135447794,18.0,19.16774265067505,24.845363212316677,20.65510240091021,20.646653832718528,20.65605690754586,20.645265525051514 
 06/09  21:35:00,19.735165560879516,19.771334649168896,19.745009952093174,19.92034546675933,18.0,18.96315694105592,24.785222522507713,20.51430126203104,20.507437809582257,20.515290464379234,20.50603676859066 
 06/09  21:40:00,19.596311550935607,19.634354878652907,19.60572911849122,19.776327647282887,18.0,18.733179571089032,24.73063755836734,20.376373104546076,20.371398379273046,20.377405924513937,20.369976078727177 
 06/09  21:45:00,19.4526498816054,19.493109871824885,19.4616596394997,19.628401277907873,18.0,18.500390777464787,24.680263669964344,20.239334710921696,20.236575559335165,20.240412784314742,20.235130190308496 
 06/09  21:50:00,19.30478637869717,19.34819278320206,19.313406408281082,19.477139274972597,18.0,18.245878738324,24.63395230352819,20.102734633772002,20.10254019227574,20.103862579475503,20.10106678606826 
 06/09  21:55:00,19.15317399005981,19.200038316933163,19.161421489777375,19.322957527649177,18.0,17.988195833837263,24.59056048792691,19.96566363153545,19.968420232709207,19.96684450651503,19.96691526297792 
 06/09  22:00:00,18.9981548705714,19.04896467810389,19.006046192318877,19.16615651408419,18.0,17.71062638813655,24.549566738941355,19.82752282392579,19.833641237672964,19.82873790669578,19.832128265668302 
 06/09  22:05:00,18.9004723383006,18.954162870622728,18.90798206765905,19.065399986219425,18.0,17.55320644740778,24.510420405014962,19.77527653639976,19.78305561843996,19.77652372516843,19.78152754599853 
 06/09  22:10:00,18.826422637824052,18.882269154557125,18.833555412565378,18.987692383631025,18.0,17.411771146062698,24.419334978303933,19.738652068368708,19.747489602276232,19.73986958900298,19.746007256016583 
 06/09  22:15:00,18.76770139604753,18.825088948804996,18.774468118192278,18.924909397877535,18.0,17.27123381024478,24.362431661031408,19.713684277141056,19.723258594940773,19.714918397608017,19.721775492742495 
 06/09  22:20:00,18.719964427632476,18.778367812346087,18.72637871640499,18.87282353548422,18.0,17.17068992846936,24.308808680804866,19.729142984077157,19.738282809964744,19.730363385776627,19.73683329163339 
 06/09  22:25:00,18.680384396103833,18.739358291593444,18.686461185077377,18.82869762057592,18.0,17.07080729480713,24.364200996473382,19.762312856233734,19.770381692846513,19.763588361387065,19.76889147893644 
 06/09  22:30:00,18.64700424726997,18.706172645236496,18.652759005832667,18.790645212336415,18.0,16.998293751487793,24.407085178270453,19.784644263792586,19.79178421127949,19.785918375213612,19.790306289918362 
 06/09  22:35:00,18.618425448271484,18.677471230762418,18.623873717369317,18.757322816411175,18.0,16.926262486982,24.44183466013439,19.800963831036483,19.807403944289547,19.802235290952922,19.805937846686902 
 06/09  22:40:00,18.59362647090467,18.652281903844603,18.5987835820658,18.7277514721526,18.0,16.873769138689045,24.469076415825207,19.812203508939547,19.818119469832823,19.813466822523992,19.816669557318505 
 06/09  22:45:00,18.571849548819962,18.62988797816426,18.576730456076714,18.701206030382014,18.0,16.821626716612126,24.491138010103445,19.823945351452608,19.8290069792165,19.825202174889966,19.827572393745072 
 06/09  22:50:00,18.552526375911683,18.609755156860565,18.557145558397913,18.677142894116766,18.0,16.783684640052176,24.508326246068464,19.828997102048618,19.833948986027167,19.83024543864451,19.83252891677148 
 06/09  22:55:00,18.535227018432643,18.591481595034853,18.539598426964915,18.655150575667854,18.0,16.745996118793514,24.52230997897446,19.83161936450017,19.83641419407502,19.832862448920253,19.83500413210163 
 06/09  23:00:00,18.5196234233009,18.57476243176232,18.52376045412495,18.634914526199633,18.0,16.718757231612383,24.533414612381957,19.83238157969754,19.8370592308691,19.83361836787674,19.835662983966017 
 06/09  23:05:00,18.521685541560466,18.573790473652867,18.525579791936725,18.63037970120719,18.0,16.72250245974124,24.542035425097875,19.842605913881812,19.84732354272535,19.84382134147313,19.845955185154196 
 06/09  23:10:00,18.532218356519667,18.58014908248426,18.53587618538907,18.63329868081407,18.0,16.741913525883167,24.539328157570097,19.85601908821053,19.860606611296873,19.857201954697075,19.859276650253435 
 06/09  23:15:00,18.548791971335035,18.591626305149955,18.55222315275803,18.641495494926996,18.0,16.761987638505413,24.54178655861391,19.870833724973693,19.875060297387677,19.87199493285624,19.873757540138968 
 06/09  23:20:00,18.57004466227099,18.6070039448688,18.57326042557965,18.65376495804949,18.0,16.80005135564368,24.542487045221858,19.886260759980928,19.889859900493377,19.88739898512165,19.888584755757734 
 06/09  23:25:00,18.595038350149963,18.62545955592368,18.598050545906474,18.669288126981044,18.0,16.838300081771134,24.542095876178365,19.902344974780704,19.90503758950058,19.903460801090887,19.903788950534874 
 06/09  23:30:00,18.623086420708198,18.646403600074212,18.625907029959258,18.68747359430384,18.0,16.888552902047223,24.540821496360042,19.91909539273263,19.920605523960944,19.920189637914007,19.919382082119625 
 06/09  23:35:00,18.653669018831994,18.669398940816198,18.65630984550904,18.707879151367248,18.0,16.93868388039223,24.53872189111288,19.93645254086988,19.936509155634667,19.93752563854639,19.9353100241824 
 06/09  23:40:00,18.686382455435762,18.6941129249745,18.68885493353719,18.730165193413665,18.0,16.996719843639276,24.535907231834305,19.95444068583629,19.952779555290704,19.955493287427714,19.951603662548848 
 06/09  23:45:00,18.720906753320573,18.720286868146854,18.723221829971344,18.76457235938851,18.0,17.054450550873966,24.532407654616577,19.97303199939097,19.969395588315024,19.974064463044215,19.97253362500055 
 06/09  23:50:00,18.742253049393383,18.747715820425398,18.75915198077107,18.797847443199448,18.0,17.117212921017494,24.528292507567226,19.98605914228267,19.986386743114963,19.993260306354273,19.991996480952594 
 06/09  23:55:00,18.769910764807467,18.776234733202244,18.79643373516191,18.832389563884526,18.0,17.179569156360863,24.52345924320258,20.00297018761944,20.003719182506416,20.013040143902344,20.011883235950563 
 06/09  24:00:00,18.7992910258273,18.805708762860466,18.834891677400798,18.868262724082623,18.0,17.24496768341975,24.517996503556024,20.02047888920538,20.02136350406704,20.033367700573592,20.032268523384403 
 06/10  00:05:00,18.838391188216693,18.844697170974072,18.87688794224603,18.908159987891615,18.0,17.296958112498945,24.51257250646866,20.071779992417873,20.072745536099603,20.084342855463376,20.083268962920613 
 06/10  00:10:00,18.881591049529032,18.887690032734426,18.920646699304587,18.950075756830795,18.0,17.348532393109302,24.50559787592847,20.12187914756163,20.12284965178719,20.13332459702849,20.132263971964335 
 06/10  00:15:00,18.927472169325284,18.933322028799985,18.96568413004716,18.99346084314514,18.0,17.400185975897372,24.49925852276002,20.17208232119026,20.17304854075701,20.182332420486603,20.181280814342813 
 06/10  00:20:00,18.975302619815675,18.980888438125646,19.01173582094822,19.03801251567397,18.0,17.449276764681873,24.492791469213522,20.22231185384635,20.223271869133043,20.2313798729341,20.230336937188667 
 06/10  00:25:00,19.024619194330747,19.029940291945934,19.05862747349108,19.083529665093263,18.0,17.498415487861163,24.486198781229522,20.272580541503203,20.27353397228194,20.280494487677004,20.279460131105566 
 06/10  00:30:00,19.075109510335324,19.080172614367044,19.10623717110223,19.129870648866145,18.0,17.54633399343998,24.479506006552466,20.32289639774615,20.323843095820337,20.32968708771307,20.328661283068357 
 06/10  00:35:00,19.126554850467425,19.131370383334005,19.154476565253937,19.176932168872163,18.0,17.594289549130732,24.472737429361135,20.37326407535312,20.374203915564863,20.378963270780332,20.377946022313324 
 06/10  00:40:00,19.178797481785118,19.183377510614434,19.203279876650317,19.22463684177327,18.0,17.641700585007424,24.465906074721616,20.423683388020777,20.424616210294516,20.42832353273127,20.427314893656103 
 06/10  00:45:00,19.231720749097338,19.236077848516754,19.25259705715495,19.27292542136225,18.0,17.689144226125613,24.459040869741255,20.474163872570955,20.47508955136209,20.477778064165705,20.47677806000553 
 06/10  00:50:00,19.285236455471154,19.28938308428564,19.302389366889024,19.321751737602813,18.0,17.736422548925677,24.452144445340853,20.524701691577775,20.525620030994503,20.527323697532722,20.526332428244928 
 06/10  00:55:00,19.339276609554325,19.343224780695262,19.352626422030404,19.37107930013129,18.0,17.783732920688855,24.44524810425802,20.575310066863153,20.576220936311643,20.57697440422345,20.5759919082152 
 06/10  01:00:00,19.393405683949503,19.397549004719746,19.403284170589185,19.42087895826307,18.0,17.831100021597166,24.438346920537846,20.62576532291638,20.626885754636703,20.626724451467567,20.625750861898325 
 06/10  01:05:00,19.422658755166882,19.428513193045152,19.430565134445978,19.447351819239614,18.0,17.845177970306846,24.431472927548217,20.630249600643083,20.632139225862943,20.631172824240878,20.630211086563747 
 06/10  01:10:00,19.44235050614835,19.45050335619489,19.44887529106808,19.46489741968344,18.0,17.852077544001162,24.424087361410038,20.633859729169615,20.636591841338145,20.634775260471088,20.633812009997882 
 06/10  01:15:00,19.456152647885347,19.466960598319247,19.461657735224104,19.47695528034374,18.0,17.859012151396815,24.416533739529974,20.637148670536362,20.64073601793507,20.638062701677086,20.637098677086726 
 06/10  01:20:00,19.46590816521046,19.47961216207668,19.470638996932607,19.48524897327786,18.0,17.854076651423338,24.408841898250138,20.640294268350488,20.644731292308222,20.64120922314794,20.640244672978724 
 06/10  01:25:00,19.472766513914653,19.48953572683861,19.476896040556245,19.490852905521347,18.0,17.849018034970857,24.401041292786743,20.643383369591675,20.648656805527082,20.644300239775987,20.643335171746457 
 06/10  01:30:00,19.477491365943834,19.4974470219238,19.481144653635248,19.494480611031364,18.0,17.836156764385112,24.393135492621564,20.64644356187324,20.65253692241481,20.647362671040014,20.646397102840865 
 06/10  01:35:00,19.480607807960578,19.50383741233995,19.483877237964673,19.496622477440482,18.0,17.823079640023384,24.385151542124476,20.649502907509486,20.65639777463059,20.650424418703892,20.649458271982496 
 06/10  01:40:00,19.482486381781488,19.50905255025003,19.48544146402089,19.497624355496434,18.0,17.804420900269264,24.377090437433623,20.65256396324969,20.660241005789317,20.65348787426501,20.652521137933263 
 06/10  01:45:00,19.48339433333248,19.5133404012424,19.486088238709755,19.49773549412062,18.0,17.785474018102907,24.36897759124901,20.655644927959486,20.664083529607865,20.65657128694545,20.6556038636229 
 06/10  01:50:00,19.483528147622177,19.51688176477612,19.486002163254977,19.49713897372665,18.0,17.76225811046719,24.360810858116523,20.658742311244737,20.667921269435794,20.659671076169104,20.658702946950484 
 06/10  01:55:00,19.48303484694176,19.519810262995485,19.48532147760696,19.495971631624414,18.0,17.73869453605061,24.352614073887565,20.661872528308436,20.671769183923516,20.66280375005124,20.66183480042173 
 06/10  02:00:00,19.482026291250293,19.522225756608844,19.48415145714645,19.494337443658857,18.0,17.711645180564602,24.34438218726824,20.66502940581279,20.67562054858172,20.665963050931623,20.664993251429564 
 06/10  02:05:00,19.596377725107086,19.619643535897186,19.579713500320143,19.58940052758347,18.0,17.85028561276837,24.33613736937502,20.852058540513212,20.853428533765168,20.845260045571536,20.844297881223838 
 06/10  02:10:00,19.73858021917599,19.755556586539026,19.71488242844998,19.724076089602555,18.0,18.02563654278721,24.33015786764576,21.037808506098372,21.038736982272155,21.031940047569833,21.03103161641775 
 06/10  02:15:00,19.90284654286365,19.91595066600127,19.875398019878162,19.884112182172075,18.0,18.200786706826584,24.324815323360045,21.224353158090935,21.225171404677894,21.21963932439894,21.21877975533141 
 06/10  02:20:00,20.083108309448836,20.093531832279407,20.05377910222835,20.062031194226343,18.0,18.437762296264342,24.320095125241025,21.41107326777933,21.411836869656554,21.407486360128473,21.406674820573926 
 06/10  02:25:00,20.275118228118206,20.28360666906314,20.24517761768438,20.25298678853918,18.0,18.674194375493304,24.31602790701927,21.597885806148952,21.598603613418277,21.595354332388183,21.594590318824487 
 06/10  02:30:00,20.475913858743343,20.4829660604092,20.446256631335686,20.453642738858328,18.0,18.95032486992759,24.31254782912531,21.78472114348375,21.785394423160767,21.783164198313784,21.78244757191669 
 06/10  02:35:00,20.683381581249513,20.689343167635226,20.654643997703147,20.66162700974709,18.0,19.22557812638793,24.30967106119267,21.971590573587036,21.972219729542417,21.970925136698497,21.970255492935564 
 06/10  02:40:00,20.895980758991634,20.901097431693987,20.86861247743848,20.875212109706755,18.0,19.526771613154878,24.307333150141236,22.158449261951432,22.159034237439926,22.158589842244282,22.15796706961669 
 06/10  02:45:00,21.112567380347176,21.11701755103445,21.086879338344023,21.09311483431898,18.0,19.826854254069605,24.305551768700752,22.345320399654895,22.34586137084733,22.34618086386837,22.345604591675567 
 06/10  02:50:00,21.332277994052845,21.336193615033345,21.30847565341622,21.31436565235032,18.0,20.14362726547966,24.304268425739156,22.53217273821008,22.5326696071337,22.533665350215585,22.533135484336242 
 06/10  02:55:00,21.554451330989142,21.5579316074224,21.532658474120698,21.538220934801128,18.0,20.459126580761385,24.303501964916578,22.71904172725914,22.719494661486124,22.72107893630698,22.72059511082307 
 06/10  03:00:00,21.778574213324905,21.78169485426653,21.758850387667216,21.764102548097718,18.0,20.78495020137906,24.301767847325113,22.905627120502345,22.906034341715667,22.90811670350604,22.907680512035654 
 06/10  03:05:00,21.881435732881943,21.88425444302891,21.864601732129234,21.869556348480373,18.0,20.930243896756025,24.303049449240678,22.858536681323812,22.858895020346722,22.86042974988834,22.860045614651995 
 06/10  03:10:00,21.935775902604053,21.938337483238055,21.92172705682381,21.926396879748673,18.0,21.03939383158731,24.301373281153847,22.79849776657113,22.79887156238908,22.799974973320673,22.799577148501612 
 06/10  03:15:00,21.959518505276847,21.9618587257338,21.948010996944227,21.952409168593743,18.0,21.146208037967583,24.29864935655244,22.73649855863232,22.736880362777868,22.737637461397867,22.737233262483585 
 06/10  03:20:00,21.961878042283338,21.964025791813373,21.95265510571678,21.956794839105644,18.0,21.19023274443403,24.295395084011034,22.674113594796268,22.67450223023843,22.67497071055857,22.674561315604763 
 06/10  03:25:00,21.94873280159981,21.95071168198384,21.941564222413923,21.94545863687777,18.0,21.232712290062,24.2916590457445,22.611592532813688,22.61198751259394,22.612221138025575,22.611807035946924 
 06/10  03:30:00,21.92407257320197,21.925902079099934,21.918768237960794,21.922430236557474,18.0,21.23493886261811,24.28750356030308,22.54900930641179,22.549410331852073,22.549462851371686,22.54904434422292 
 06/10  03:35:00,21.89069546020591,21.892391862086676,21.88710774722647,21.89054991751115,18.0,21.236307932039338,24.282964274386313,22.486386264293174,22.486792987020408,22.48671848775774,22.486295928580546 
 06/10  03:40:00,21.850611663674904,21.85218867625846,21.84863287608206,21.851867412407387,18.0,21.210994372412625,24.2777009021016,22.423662017838637,22.424073855044696,22.42392694407539,22.42350092068648 
 06/10  03:45:00,21.805294041263426,21.80676333507056,21.804851871927674,21.807890517951726,18.0,21.185246222073765,24.272421168513063,22.361005087919693,22.36142218815428,22.361257197508905,22.360827567851402 
 06/10  03:50:00,21.7558400418134,21.757211638235667,21.756892533315664,21.75974654259368,18.0,21.14166831674774,24.266891495223735,22.298367775355246,22.29878985402786,22.298661051227782,22.298228106216015 
 06/10  03:55:00,21.70307956854599,21.704362147349087,21.70561025997073,21.708290372016464,18.0,21.0979216098037,24.261132511774463,22.23575882558464,22.236185695885183,22.236147086855226,22.235711020427345 
 06/10  04:00:00,21.647648584243107,21.648849724586906,21.651662140832627,21.65417856989682,18.0,21.042237438505907,24.255170119780676,22.173188207583962,22.17361975168808,22.17372497138399,22.173285909638707 
 06/10  04:05:00,21.61946350778305,21.62059349702021,21.624202786157262,21.62657683711943,18.0,21.022494307928316,24.24902554621971,22.168538967483585,22.168979394601024,22.169075274606598,22.168627790856476 
 06/10  04:10:00,21.601000247036897,21.60206606013636,21.60609006492958,21.60833423010571,18.0,21.002149441267747,24.243739577255663,22.166079490426,22.166511752426118,22.166595243822485,22.166155817824915 
 06/10  04:15:00,21.588193654714168,21.589200944853904,21.593373911593787,21.59549799827526,18.0,20.98167602920258,24.23835331223459,22.16429740502599,22.16472330046838,22.164804894904705,22.16437183332215 
 06/10  04:20:00,21.579072504543582,21.580026049592327,21.584150940310376,21.58616319234737,18.0,20.967483106566306,24.233037524953296,22.162819340846454,22.163239736540106,22.16332046329819,22.162892888331953 
 06/10  04:25:00,21.89998042953995,21.826342096338003,21.717029514693127,21.71893767642326,18.0,21.12028098008109,24.227813653956776,22.32879734672133,22.294063933628195,22.243828099084453,22.24598073323324 
 06/10  04:30:00,22.005731170373732,21.913322147403278,21.782431765525157,21.78424260108555,18.0,21.162301182108866,24.232061908994954,22.32127290011283,22.292429125514218,22.253291006365657,22.25529314475432 
 06/10  04:35:00,22.275666326304197,22.108181489442792,21.886367801409033,21.888087110968364,18.0,21.271889871693467,24.229391565081492,22.4227230450075,22.36423650103501,22.288786301056234,22.290726428437154 
 06/10  04:40:00,22.615038375329892,22.342633594696835,22.00528306851289,22.006916322086035,18.0,21.392717205064272,24.231212507346836,22.531315112808954,22.438265998681686,22.325182615824247,22.32650786335273 
 06/10  04:45:00,22.9999163934157,22.599559680566475,22.134394437482396,22.135946580627774,18.0,21.514906387786734,24.235100014771543,22.643336501348188,22.51192261400115,22.36168095796836,22.36170990462449 
 06/10  04:50:00,23.41835282445082,22.869839050331347,22.27134761622956,22.272821987411337,18.0,21.66058746504818,24.23969507415269,22.757776029461127,22.58445123389805,22.398321201415456,22.39786658677474 
 06/10  04:55:00,23.809964416066897,23.1217634104451,22.41453073913365,22.415930992016122,18.0,21.807684227282557,24.245367555038747,22.847365075701873,22.642464987887706,22.435602579757358,22.434901623244514 
 06/10  05:00:00,24.163329833128326,23.35043233324325,22.562670773637862,22.563999674034047,18.0,21.97129207856407,24.251058579903695,22.919001109579654,22.69019908723186,22.473149174564753,22.472233082698153 
 06/10  05:05:00,24.50054407582027,23.573827953054373,22.72366665288296,22.725403165573617,18.0,22.159399233690436,24.256832755948405,23.007498332778255,22.758249423325992,22.53343844432527,22.532882132389545 
 06/10  05:10:00,24.824566493302253,23.78977620705006,22.88985198764363,22.892645518610497,18.0,22.361618318718897,24.27326069996764,23.093083318648837,22.82375079163353,22.59254243995872,22.592785810874773 
 06/10  05:15:00,25.137817638915795,23.998678677746526,23.058726056944668,23.063249165509582,18.0,22.566848644818382,24.282059063212746,23.175887767918994,22.88655574055724,22.650065952150612,22.651387601125407 
 06/10  05:20:00,25.44202640029445,24.201018467067723,23.228812887964008,23.235779994461197,18.0,22.78610097942929,24.292571697662392,23.25755984965133,22.94800035363778,22.707118375986965,22.709767058402804 
 06/10  05:25:00,25.73842634183987,24.397190050804436,23.3991140118822,23.40926869282538,18.0,23.00424676957912,24.303301383584788,23.337949594698273,23.007789639851296,22.76333967632945,22.76756079781393 
 06/10  05:30:00,26.027901625866352,24.587503925101256,23.568929469320658,23.58303237784075,18.0,23.23090391799964,24.314229194566835,23.417312308835108,23.065997044706478,22.818766803455674,22.824802050543553 
 06/10  05:35:00,26.175373017126972,24.707152629601957,23.713890394260368,23.73253318490795,18.0,23.415104217545583,24.325401043631732,23.425476641170235,23.0865109342227,22.86061961318279,22.86870813381597 
 06/10  05:40:00,26.27371095173869,24.802345703849653,23.848279050666044,23.872040663979877,18.0,23.593541231122906,24.334164866877174,23.43643840917889,23.1108061347378,22.90105813227001,22.91136905904733 
 06/10  05:45:00,26.344847409540385,24.884320795042225,23.975434725763435,24.00487149996482,18.0,23.76955689463752,24.342608999593136,23.44974207033573,23.135235815769875,22.9408553489136,22.953551070959747 
 06/10  05:50:00,26.399381851689046,24.958546004861468,24.09702253887367,24.13266966819536,18.0,23.931600876564282,24.350887993744866,23.46480897427773,23.160508282584146,22.980042197665057,22.99527684565669 
 06/10  05:55:00,26.454916805608892,25.030627861907902,24.212523314297222,24.254878560707528,18.0,24.091327919631436,24.359035836793183,23.488762301653765,23.187802275797594,23.017866181551994,23.035768387600058 
 06/10  06:00:00,26.171712740941754,24.9889904531197,24.305331146678487,24.354641084290655,18.0,24.240339019054474,24.367225321864836,23.343256256639904,23.159097082295148,23.045563010208582,23.066021144017668 
 06/10  06:05:00,26.093366457771957,25.034489797544534,24.42324303457365,24.48294039392715,18.0,24.387186356913876,24.369591083430816,23.39647601473473,23.227981246735,23.12145251525834,23.14657287939633 
 06/10  06:10:00,26.063069726982175,25.103885159642605,24.54744955891084,24.619189667792632,18.0,24.525290208435948,24.38022263857575,23.414908604302298,23.26158681052584,23.162497961238216,23.190835608816997 
 06/10  06:15:00,26.057582327390453,25.1867620245899,24.67439003090461,24.75939127168578,18.0,24.66159577107262,24.28145566301659,23.431028425724435,23.291223962929507,23.19990551120634,23.23068530180467 
 06/10  06:20:00,26.06825903867169,25.278887109688004,24.80251879468847,24.843897213067265,18.0,24.79074383674148,24.200987682553436,23.46111889657027,23.334018347163465,23.249084884153262,23.25117048895288 
 06/10  06:25:00,26.186366033670307,25.377791832189576,24.930948828906025,24.95816949597497,18.0,24.91838788780408,24.126166196834742,23.54040062848469,23.383366119878133,23.304005753077604,23.30444031901277 
 06/10  06:30:00,26.26077530930022,25.4818796803385,25.059136646091428,25.078351006625315,18.0,25.040177783828533,24.061530376642875,23.58887170987839,23.439343465108607,23.36475933206782,23.365003491814093 
 06/10  06:35:00,26.44781865668416,25.65762543011072,25.24073989665429,25.254782426771968,18.0,25.236152133943126,24.00487223247304,23.69587964025635,23.532281919082493,23.454722298303352,23.45499101415038 
 06/10  06:40:00,26.674250226401597,25.858462972981528,25.439557700113443,25.450105384843773,18.0,25.440438550997296,23.959046379233474,23.806094871554365,23.62865705601655,23.548429091479875,23.548765649043958 
 06/10  06:45:00,26.922540949726624,26.072721096673167,25.646850084978027,25.654966469721877,18.0,25.642072764050084,23.919995095419644,23.91778507125457,23.72671803626463,23.644063202117422,23.644470116211778 
 06/10  06:50:00,27.183753562359616,26.294435577742142,25.858273868714665,25.864657268778977,18.0,25.85858830600216,23.886425466275252,24.03029572022649,23.825853267308617,23.74099715834916,23.74147225740643 
 06/10  06:55:00,27.45230597184514,26.51992848464407,26.071208124538803,26.076329125498326,18.0,26.07230216450078,23.85771211290216,24.14337074504749,23.925846668042595,23.83898284130572,23.839522242044723 
 06/10  07:00:00,27.72452855822669,26.74682253892069,26.283996986008503,26.28817976485607,18.0,26.290739814527733,23.83320512765265,24.2566548776,24.026372707201688,23.93767851628752,23.93827907133351 
 06/10  07:05:00,27.85834423811395,26.829241062177328,26.35125255840488,26.35475349186592,18.0,26.355762370808993,23.811870478231974,24.13595088004888,23.891207279687592,23.79965402632513,23.80032025767946 
 06/10  07:10:00,27.944244604969878,26.860562301014443,26.369885534802815,26.37286934913301,18.0,26.397268267833287,23.862961788289482,23.97675128975129,23.7170132928768,23.61906744922885,23.619721939278293 
 06/10  07:15:00,28.002012490136714,26.8616409142736,26.361174024997123,26.363756131575336,18.0,26.44028885607089,23.871366183296914,23.826835926679905,23.552601991737504,23.45182767622771,23.452511216471578 
 06/10  07:20:00,28.04096315497818,26.842426996994735,26.335065155077167,26.33732897326446,18.0,26.445548315029175,23.878131492604165,23.655754601440265,23.3667824718882,23.26076279253857,23.26146504114581 
 06/10  07:25:00,28.0666027929881,26.808867228156913,26.297389195698255,26.299396368280018,18.0,26.451951992673294,23.882894942783963,23.503180587858367,23.200103654858594,23.092138072798264,23.09285807717282 
 06/10  07:30:00,28.082408806926345,26.76476149877198,26.251802521047342,26.25359949890431,18.0,26.439090613902422,23.88646600157901,23.33021062210247,23.012840570465755,22.900543530461903,22.90127762344582 
 06/10  07:35:00,28.081935500683407,26.70257603271126,26.19100970004103,26.19263215268845,18.0,26.41688244143039,23.88922033756856,23.1719246600735,22.840218881188548,22.727187851988106,22.727932229522366 
 06/10  07:40:00,28.072510862568976,26.63057716166464,26.123052943131285,26.12452871519259,18.0,26.382705461450048,23.890758384816497,22.993476424104472,22.64732255107839,22.53106691856135,22.531816094530996 
 06/10  07:45:00,28.056487768759606,26.555391602757453,26.054239309512898,26.051803063233827,18.0,26.349782512163355,23.891814594757015,22.83411226152066,22.475745011894332,22.359086156950298,22.358457614469387 
 06/10  07:50:00,28.035232322088373,26.483672973650506,25.990850733394403,25.9758998452838,18.0,26.30901479504856,23.89247683949253,22.654940002870717,22.286824263649237,22.1674815838893,22.162819532394906 
 06/10  07:55:00,28.009645290815964,26.411677562492763,25.929160228776766,25.89777416756035,18.0,26.269479668189806,23.89312547976759,22.494909305530655,22.11772892468059,21.99892412593954,21.98986874482233 
 06/10  08:00:00,27.980342358881472,26.339011816428865,25.868745882597388,25.818087274262076,18.0,26.226369611229828,23.893570094568634,22.326259943882235,21.92911208164776,21.809013081994124,21.79488494280679 
 06/10  08:05:00,27.986899378026738,26.308602579979752,25.845815246270483,25.7738672682394,18.0,26.209738928582343,23.894022424905547,22.326991648737305,21.935034686347592,21.805658899321088,21.78629060129856 
 06/10  08:10:00,28.00328498538359,26.292018403134776,25.835193687965276,25.740251282136626,18.0,26.19448696409619,24.145696489816896,22.322651547003716,21.925128311751678,21.789180076001514,21.764177213046537 
 06/10  08:15:00,28.023785110546587,26.28285420815747,25.83119854125328,25.7117981314094,18.0,26.178244252027703,24.25340055757513,22.277310962607658,21.87394658005917,21.733967663557905,21.70297990676579 
 06/10  08:20:00,28.045658087893184,26.278013243588298,25.831099948767037,25.68595189667583,18.0,26.166009006158063,24.349924700103344,22.225620603742982,21.816973065677985,21.673069604852117,21.635716838265353 
 06/10  08:25:00,28.067269561504755,26.27564637978224,25.83328045606731,25.661224275345088,18.0,26.15277510544742,24.434624277394086,22.168661131854833,21.755281651605628,21.60784455622064,21.563802156888073 
 06/10  08:30:00,28.087585334363297,26.274585816955067,25.836725007985507,25.636699915516708,18.0,26.14026843843266,24.51055312515011,22.107658712527154,21.69009033206794,21.53944191047742,21.48840482643402 
 06/10  08:35:00,28.062712559459143,26.25558250257554,25.81926233866221,25.594169167392625,18.0,26.09500606602281,24.579417950051237,22.02317053901629,21.61335108902938,21.45913953338527,21.402218980164207 
 06/10  08:40:00,28.021804481050776,26.230275008332065,25.794271296551226,25.545120657839682,18.0,26.043090467750982,24.641320134907794,21.93598287686723,21.534045056506557,21.376100855625907,21.31337621742057 
 06/10  08:45:00,27.97119521408504,26.201038494258793,25.764439015608957,25.491920430040544,18.0,25.99017742483421,24.69857999277639,21.846924725331064,21.452882947382022,21.29108134962678,21.22262909643399 
 06/10  08:50:00,27.91391587248476,26.168960568351128,25.730983743904623,25.43565348556726,18.0,25.92704913605753,24.75204387691195,21.75642247129116,21.37027422418737,21.204464884097888,21.130368526824213 
 06/10  08:55:00,27.85177049372973,26.13467633591455,25.69461645852298,25.376953270147947,18.0,25.863012917692974,24.801947192389093,21.664512706989797,21.286252760365812,21.11628638498263,21.0366361752815 
 06/10  09:00:00,27.785898911672824,26.098582633275687,25.655785397907728,25.31621668681263,18.0,25.792394672729515,24.849129687722616,21.57151594107438,21.201150696362674,21.026848989938117,20.9417380812813 
 06/10  09:05:00,27.6875323102674,26.030311233687232,25.58583790658265,25.224290092059842,18.0,25.693976390378175,24.893644284625218,21.411797285856892,21.04841595419481,20.872123719255114,20.781288119798546 
 06/10  09:10:00,27.576629825255633,25.95016852786019,25.504543444938058,25.12115028272552,18.0,25.586087486109122,24.91041461018972,21.250294577644695,20.894334889551942,20.714770751482433,20.61839874663076 
 06/10  09:15:00,27.457733620465433,25.862692007835037,25.41623478245147,25.011159549759387,18.0,25.4774855421402,24.937863836146015,21.090298779098248,20.741767117679842,20.558437106286362,20.456547886319754 
 06/10  09:20:00,27.3330803211561,25.770083511696466,25.322974844901886,24.896384233537077,18.0,25.358194591838554,24.964629936361483,20.92984377986909,20.58874221320326,20.401484813875697,20.29408321255505 
 06/10  09:25:00,27.204017977080294,25.673665973986193,25.225985769773242,24.77804208813922,18.0,25.238239099163128,24.990848079950236,20.768905337316937,20.435264492029205,20.24392357993804,20.130977933669328 
 06/10  09:30:00,27.071403797231778,25.574283989464003,25.126040171518852,24.656897722553307,18.0,25.111589649781966,25.016650747991292,20.60750868806997,20.281370661060294,20.08579480051253,19.967171707477405 
 06/10  09:35:00,26.926748120962834,25.460902530354264,25.013700936624364,24.52249466686979,18.0,24.974315314359863,25.041798326402557,20.441466803237745,20.121370602756656,19.922482183624766,19.784433909429595 
 06/10  09:40:00,26.776341848505474,25.341604016109553,24.896183747453748,24.382628987057736,18.0,24.830842296576417,25.065389190895637,20.274538639798266,19.960421174811586,19.758158885226635,19.625465238764377 
 06/10  09:45:00,26.621681833621867,25.218338005270077,24.775195073052622,24.239123477477534,18.0,24.686978274111837,25.088504323564063,20.10689575541278,19.798344591481396,19.592762632481026,19.45721444890887 
 06/10  09:50:00,26.46351448522014,25.092101503263113,24.6515890585971,24.0928848304694,18.0,24.53734774364901,25.11095327123353,19.938475967687737,19.636502755571883,19.41446455484339,19.287326381773028 
 06/10  09:55:00,26.302283198178905,24.963514250145835,24.525886300728427,23.94446538465474,18.0,24.38735004892806,25.132728549689162,19.769177573763727,19.47468350086433,19.260019552768824,19.116911414590504 
 06/10  10:00:00,26.138259785297645,24.28633059756482,24.39842324371726,23.794223448646274,18.0,24.233593970322588,25.153855600444242,19.598893185777456,18.929446490819146,19.096082935373374,18.946143924237845 
 06/10  10:05:00,26.11562286442501,24.65540877335444,24.432794820995966,23.803242528141915,18.0,24.278237427579473,25.173133001470323,19.63613777745377,19.34957207342802,19.14626868084804,18.98927015374676 
 06/10  10:10:00,26.139102350560695,24.78867002539089,24.519024871537702,23.863266119148168,18.0,24.355655039971584,25.191545396151618,19.68997379525075,19.41707598927826,19.21778847640553,19.05386274676016 
 06/10  10:15:00,26.188486779246567,24.90819683091624,24.6344814732864,23.9519272564128,18.0,24.43355482216095,25.2116778837806,19.7456327003851,19.482536450940756,19.29263858754348,19.121659219079106 
 06/10  10:20:00,26.254184933301026,25.030332698756943,24.76881985597488,24.059000126254094,18.0,24.56295623428507,25.232335716923917,19.801382327662054,19.54754713460244,19.368660711506436,19.19032232378362 
 06/10  10:25:00,26.33049406252136,25.15649498025754,24.916079993518704,24.17859474027924,18.0,24.69337257353265,25.253392869861347,19.856842758412995,19.61281186719384,19.44524391524874,19.259395679335057 
 06/10  10:30:00,26.413786175551547,25.286469919499336,25.072584462990957,24.30708007919364,18.0,24.85276104826081,25.274768448523446,19.91192100887747,19.67844704494405,19.52164908717208,19.32879774961293 
 06/10  10:35:00,26.479470960111694,25.404187304197052,25.21502316963191,24.427316717570164,18.0,24.98763238376477,25.296353617446577,19.95589620422595,19.736220682522458,19.588490022972906,19.391725515961525 
 06/10  10:40:00,26.54132655262157,25.519382531470043,25.35563544960541,24.54763582816649,18.0,25.135799104329934,25.31713866838564,19.999459890564367,19.793672233856682,19.654919970893275,19.454479466907173 
 06/10  10:45:00,26.601587103945267,25.633832447706865,25.49620499129477,24.669051961174826,18.0,25.284876709729016,25.33784131654543,20.042898875601963,19.851068468769597,19.721290442704344,19.5174045167372 
 06/10  10:50:00,26.661057719006333,25.748236049682294,25.637297555835108,24.79178874835389,18.0,25.438941400414883,25.358471273346545,20.086235476593174,19.908424604213508,19.787637598768356,19.580577910411193 
 06/10  10:55:00,26.720102073876642,25.862934639373385,25.779139317956133,24.915881270835527,18.0,25.593939735556095,25.37899517766059,20.128914910702804,19.96527251753878,19.853487279930903,19.643788092081536 
 06/10  11:00:00,26.77887680099377,25.97809749815146,25.921810419928132,25.04129769671634,18.0,25.75364504510987,25.396787485793325,20.17091902537885,20.02148533696038,19.91876450717905,19.70615828988872 
 06/10  11:05:00,26.766994787060625,26.026848751636738,25.962156083844885,25.072175189279143,18.0,25.759491423223587,25.41395367130174,20.156476223939308,20.020734553012517,19.909402489893807,19.696163047374853 
 06/10  11:10:00,26.731170735417255,26.052960466451353,25.968699467329976,25.072051552937797,18.0,25.74073329320392,25.435247334755363,20.13572853941247,20.014723344632785,19.89219470381238,19.6785535483549 
 06/10  11:15:00,26.681592415394576,26.066013134837696,25.956143746624566,25.054631644947122,18.0,25.722232499473584,25.45141641891147,20.112483559968382,20.006255441177643,19.871681429487012,19.657809895647063 
 06/10  11:20:00,26.623172714043573,26.07063933309493,25.931463830840773,25.02641750209223,18.0,25.665247974708002,25.46699142212035,20.088812527266555,19.997281676586965,19.8502962264281,19.636342959759304 
 06/10  11:25:00,26.558839565871512,26.06961520210849,25.89877378830516,24.991244746130647,18.0,25.609136721156627,25.48197103342865,20.0651170000055,19.988161764403344,19.828682026290437,19.614767169534673 
 06/10  11:30:00,26.49044114542499,26.064706901789794,25.86065382256195,24.951518638168338,18.0,25.53396201874187,25.49651676241525,20.041579849822256,19.979075378468224,19.807118004400422,19.593352711857847 
 06/10  11:35:00,26.42052513091129,26.057878664670557,25.822114451256798,24.90955400203272,18.0,25.46456839203016,25.510619039411907,20.0186506982497,19.970384566670873,19.78703991265428,19.57246002347614 
 06/10  11:40:00,26.348649794269733,26.049376610204657,25.78197334355029,24.86586841544891,18.0,25.386682432902372,25.52444392159692,19.995873483573575,19.961848327275447,19.767342786454435,19.551905430037266 
 06/10  11:45:00,26.27504574157767,26.039621119173976,25.740497380363085,24.821055220234676,18.0,25.31013864660974,25.537927980662683,19.973184665723807,19.95340846149122,19.747846542440413,19.531636218213407 
 06/10  11:50:00,26.19992134249158,26.02893043806067,25.697979457396325,24.775548501933166,18.0,25.230801469686536,25.55113686466503,19.950612503077934,19.94507814982512,19.72853422040589,19.511660885074946 
 06/10  11:55:00,26.151033889829467,26.01753479718311,25.654652561608493,24.755363904141976,18.0,25.15283844230202,25.564058396382958,19.938831296371518,19.936883540456847,19.709418996540023,19.501168146041323 
 06/10  12:00:00,26.11526813089928,26.005599780903548,25.610694856419205,24.74777092369274,18.0,25.07446183663277,25.577280003472914,19.93026022427665,19.9289212882191,19.690576966358265,19.494191297728094 
 06/10  12:05:00,26.123679376419762,26.03076785476762,25.63016833634277,24.804968547692084,18.0,25.091433841767845,25.59046529148429,19.935134406092516,19.933965708984886,19.6948173831766,19.511926349998475 
 06/10  12:10:00,26.148326665794215,26.067886524734867,25.668723903529543,24.884714022571913,18.0,25.12380133298032,25.588154227604402,19.947593222815613,19.94647131568945,19.70898224219252,19.54085452902541 
 06/10  12:15:00,26.182472181088205,26.111648204679454,25.71739497221044,24.977789700811236,18.0,25.15638296978219,25.598587843048712,19.963911253545348,19.962805745880758,19.731600435041173,19.573583793220564 
 06/10  12:20:00,26.222750612589504,26.159560882402737,25.772136132554355,25.07991224614604,18.0,25.211981013381603,25.60952825284519,19.980792373732413,19.979685347288466,19.74864566026781,19.606970972235672 
 06/10  12:25:00,26.267132199734316,26.210156784797316,25.830643598274058,25.188638333085816,18.0,25.26793223115459,25.620767152705813,19.997774833862422,19.996659299922385,19.772083654051585,19.640860003797457 
 06/10  12:30:00,26.314316561992026,26.262509592110337,25.891509367962634,25.30249429517812,18.0,25.336054797950784,25.632195436243748,20.01475419430801,20.013627447242015,19.78905657182611,19.675224793617133 
 06/10  12:35:00,26.315360941160694,26.26792846130625,25.89650358520355,25.3686895886635,18.0,25.339356573215397,25.643733256070565,20.012006976090788,20.01087767095362,19.787313248699547,19.685427104365715 
 06/10  12:40:00,26.301720727882376,26.258047480595074,25.884402610497133,25.420519645855027,18.0,25.33848712303247,25.652602035676065,20.00627612568036,20.005153232971566,19.781959283243566,19.695887581651277 
 06/10  12:45:00,26.279768113385124,26.239370468796437,25.862804788928038,25.464321778913384,18.0,25.33758106320205,25.660973660897973,19.999907349322484,19.998792398160674,19.775717892367766,19.706188601097324 
 06/10  12:50:00,26.252404998695905,26.214895233686132,25.835066111513857,25.502843886959813,18.0,25.32445005598397,25.668969447762976,19.993255605654497,19.992148770785775,19.769085936009617,19.716225432891747 
 06/10  12:55:00,26.221299493454254,26.186361325304105,25.80307129595382,25.537622849498387,18.0,25.311187509743718,25.67659960310887,19.986385971266373,19.985287352131536,19.762166519081745,19.725945933292905 
 06/10  13:00:00,26.18747555253228,26.15484689896627,25.767955696857474,25.569589880905433,18.0,25.291691508398333,25.683934204830045,19.979344066482895,19.97825404081584,19.755012631078785,19.735355477468886 
 06/10  13:05:00,26.103456165230124,26.073002900135247,25.66015388271284,25.5297131639175,18.0,25.174658656639995,25.690963351584216,19.93180838311389,19.930733366304253,19.695903181079814,19.695666344199708 
 06/10  13:10:00,26.002075878392063,25.97362512541626,25.529029439172408,25.46615599214728,18.0,25.03876963745879,25.717993737033353,19.876584040448165,19.875542179633044,19.628146414486082,19.64421572700627 
 06/10  13:15:00,25.890623159161063,25.864014749031043,25.38513504216242,25.38916997264062,18.0,24.90391697111215,25.726987369253152,19.81772569081147,19.816702000943906,19.55688830607562,19.588788728843042 
 06/10  13:20:00,25.772642475682215,25.03091126478816,25.23343270114555,25.303584777113063,18.0,24.74495725504657,25.735479346458963,19.758953579453248,19.295024974620958,19.485748455896214,19.533172165402277 
 06/10  13:25:00,25.650262636622365,24.67738824102906,25.819434546175057,25.212248009095013,18.0,24.587258005524074,25.74151247533905,19.699442724714004,19.230078837583676,19.88862934486133,19.476810349349307 
 06/10  13:30:00,25.524843431345968,24.41955545916292,25.913377945742923,25.116962163736375,18.0,24.418572393296476,25.74996993127761,19.64117382282518,19.164839202806206,19.837313546326186,19.42144132812416 
 06/10  13:35:00,25.444685421042553,24.24847680371371,25.958640843218376,25.07653720976299,18.0,24.3114346919932,25.756575767263453,19.604006037972056,19.11824782734152,19.801129840539318,19.3985983051939 
 06/10  13:40:00,25.37830020705028,24.114949207305493,25.971741686598453,25.0529625096951,18.0,24.20885748139565,25.765507909510454,19.56768477010769,19.072769282860122,19.763796913373085,19.37201138514149 
 06/10  13:45:00,25.319192855991393,24.00312110469874,25.964775213977237,25.039026237427645,18.0,24.10707843768888,25.774525587510862,19.53123226536161,19.027281369463026,19.725925091999557,19.344026635541354 
 06/10  13:50:00,25.264363719428175,23.90469643385232,25.94471120276776,25.03169691867201,18.0,24.017091097203966,25.783574376809028,19.49459920958384,18.981702797352682,19.68772162231778,19.315738633205115 
 06/10  13:55:00,25.212064530231764,23.81480271530235,25.915638114361748,25.029393128234176,18.0,23.927804808396555,25.79262368042971,19.457765900204663,18.93601123196811,19.649200549195257,19.287650080845424 
 06/10  14:00:00,25.161202190976617,23.730442599416456,25.880025420174626,25.031276581137384,18.0,23.8447113407935,25.801649541284778,19.42071554230938,18.890192027405988,19.610340244578992,19.248306436388987 
 06/10  14:05:00,25.168255345424026,23.72123246102649,25.89806119379019,25.11354551600928,18.0,23.855092489337405,25.810656343252848,19.450871674663745,18.918305181220205,19.63883599321167,19.295040948740507 
 06/10  14:10:00,25.19422393403521,23.735920596812374,25.931120232820426,25.222975630963784,18.0,23.883601217999868,25.81048409689359,19.488845125639727,18.956245925540827,19.674998654247474,19.354432272848157 
 06/10  14:15:00,25.230633773178777,23.763611391017506,25.97145447534365,25.349069104534127,18.0,23.912290237927607,25.81873056207175,19.52881319659258,18.996529992875878,19.712964581037454,19.417536412492893 
 06/10  14:20:00,25.27342310028768,23.799225303015646,26.015499593789343,25.487302751946892,18.0,23.96420244295185,25.827278632422914,19.56856525926156,19.03683453715388,19.750513298507826,19.481909658218967 
 06/10  14:25:00,25.320161559854903,23.839801349535293,26.06113986718635,25.63529635691478,18.0,24.016334892927944,25.83611775949486,19.608047759049157,19.07705483133327,19.7875585838774,19.547474133628555 
 06/10  14:30:00,25.369288593857227,23.88348490374481,26.106996472943205,25.791791832606577,18.0,24.080343494509624,25.845128072274793,19.64721234229978,19.117149212136383,19.824017256429556,19.61429094139254 
 06/10  14:35:00,25.217335799320463,23.74358203518461,25.906695110798093,25.633866539447737,18.0,23.870156261663418,25.85428257482489,19.593985584757604,19.077116830200225,19.749367886404116,19.54955605014044 
 06/10  14:40:00,24.99776178531668,23.546598259189288,25.627262282519343,25.377869267534845,18.0,23.622642915996327,25.850570484440865,19.534208497492614,19.031220607903776,19.66933717973859,19.474142909328407 
 06/10  14:45:00,24.73801083874051,23.317290302682377,25.303556662490262,25.06589226863782,18.0,23.37494846949255,25.84445683114683,19.471437836021323,18.98396600804506,19.588502129646145,19.395351731332482 
 06/10  14:50:00,24.45064436090826,23.066460234700017,24.951743222976884,24.716638157283985,18.0,23.068020745199423,25.836528853111353,19.40798843892526,18.935615083042762,19.50661625601532,19.313833807000037 
 06/10  14:55:00,24.142877972109616,22.800079442107748,24.58119002751862,24.340804946021773,18.0,22.76081419625518,25.826819289163158,19.343621661498844,18.886111503718098,19.424682713268112,19.229265117126488 
 06/10  15:00:00,23.81911968882958,22.521669706581317,24.197669925240636,23.945085010167208,18.0,22.42416885730279,25.815718872571534,19.27810485088861,18.835524658927056,19.344256626915183,19.142608891683267 
 06/10  15:05:00,23.462715370324158,22.212127635870512,23.785410258570053,23.512705685425605,18.0,22.063227841119062,25.803226210851523,19.180797157948746,18.753064853524677,19.233686518241598,19.025276820849513 
 06/10  15:10:00,23.0884165019444,21.887484217467833,23.35977129906876,23.061662802479248,18.0,21.682512201127423,25.78883708205384,19.079690984925264,18.666160968887425,19.121026950281077,18.89916275955443 
 06/10  15:15:00,22.700112674301458,21.551528009690582,22.92501871768849,22.5974250154597,18.0,21.30184976360003,25.773506034489134,18.976930062239944,18.577604468838217,19.008322709738195,18.77653081052665 
 06/10  15:20:00,22.299805505267127,21.20607842029986,22.48337986395305,22.123425862055278,18.0,20.9067184519809,25.7571704498059,18.872776137692085,18.487785888260532,18.895772205627452,18.65380572623542 
 06/10  15:25:00,21.888676493928713,20.852161423876744,22.036141536984413,21.642327580103426,18.0,20.51174839440193,25.739759049978865,18.767163816565642,18.396687504149952,18.7832446804789,18.53107030999587 
 06/10  15:30:00,21.46742096921355,20.490356811072232,21.583998882548887,21.15643497393871,18.0,20.108896132262544,25.721439897579863,18.66008665690856,18.304315474994667,18.670661058511655,18.40867779641303 
 06/10  15:35:00,21.316203236796895,20.376761540660567,21.414663374925055,21.023458307861915,18.0,20.017692371302648,25.70214827377263,18.674015880465618,18.313892683061624,18.683928303680204,18.437797634053027 
 06/10  15:40:00,21.25260415873487,20.337710561264757,21.336964552241497,21.001748634742043,18.0,19.9713747332422,25.698566468340985,18.69841663325485,18.33462797574947,18.70713329790425,18.474249592809542 
 06/10  15:45:00,21.23761584599199,20.337955017331744,21.309452624292653,21.04332516907986,18.0,19.92542870372422,25.696378615644303,18.72100300824627,18.35409308436556,18.72819052661316,18.51315142312717 
 06/10  15:50:00,21.25302039523943,20.36178053094011,21.31246647216479,21.12750869181796,18.0,19.947633974971865,25.695590935119142,18.743270504752445,18.373311991613264,18.748380015520524,18.554436685128508 
 06/10  15:55:00,21.288097274803658,20.400282207376396,21.334206350446134,21.243234508145513,18.0,19.97039272202776,25.696055628127557,18.76525227091315,18.392291437574613,18.767602614268696,18.598402033047705 
 06/10  16:00:00,21.336076157522427,20.450650335557086,21.369860405541463,21.384426262401906,18.0,20.02704339230965,25.697456602686884,18.786821887200574,18.41196901206638,18.786830270747487,18.645315725370665 
 06/10  16:05:00,21.40848927801875,20.53819901317568,21.435639438834038,21.577237445572106,18.0,20.116884599362976,25.699794812364026,18.823827433237852,18.45473762168035,18.823748399518365,18.718365543404843 
 06/10  16:10:00,21.492240351396234,20.642627882969276,21.51479251273014,21.802454995679742,18.0,20.23228351493383,25.711679327143106,18.860107317670327,18.49945566478948,18.860003790043265,18.797213099497867 
 06/10  16:15:00,21.583099200795058,20.759546309363145,21.602258250733666,22.057028535273037,18.0,20.349885152810128,25.717482191854856,18.895268032944045,18.545033161300694,18.895144348527708,18.88124883572783 
 06/10  16:20:00,21.6785295885646,20.887218314521796,21.695096276954683,22.340913749736888,18.0,20.489046917774672,25.723724316800233,18.930269962734656,18.59243541054707,18.930130184201516,18.97203465196509 
 06/10  16:25:00,21.776751296634046,21.025059451336308,21.79128278799724,22.655582663574844,18.0,20.630824155537375,25.73045182445034,18.964992339725768,18.641885614093212,18.96483806029852,19.070506885619352 
 06/10  16:30:00,21.87641773068795,21.17322470905107,21.88931448362684,23.003632404500753,18.0,20.787685507848774,25.73768040674747,18.9993379809045,18.693699862165886,18.999170441165063,19.177857970260106 
 06/10  16:35:00,21.849810053809197,21.196586439109282,21.86137062984711,23.09637125988673,18.0,20.77564039496872,25.7454615397488,18.97520196360199,18.689260011232705,18.975054986680334,19.169085386837196 
 06/10  16:40:00,21.780684604722616,21.18147509235744,21.791135919334934,23.11304690116086,18.0,20.74338741128467,25.745262382238295,18.947750238939363,18.681482837691306,18.94764628642838,19.15388303533632 
 06/10  16:45:00,21.68687798654718,21.14486897319196,21.696394002308466,23.088094060215862,18.0,20.710452374561203,25.743763054063855,18.919721125897354,18.673735814269662,18.919661414772577,19.137393669297694 
 06/10  16:50:00,21.576631176086536,21.094115456182443,21.585347907207787,23.03631711168159,18.0,20.639596586800852,25.74131650864433,18.891268499323985,18.6648683817329,18.89125405746529,19.1200313747604 
 06/10  16:55:00,21.454719413091336,21.03325592893672,21.462744990884183,22.965853063878125,18.0,20.567249968557974,25.738059682296814,18.862403230058874,18.655457809153404,18.862435096650074,19.101818657950503 
 06/10  17:00:00,21.324091934226345,20.96465326154545,21.331513609559146,22.881470671609044,18.0,20.47360673394234,25.733666788805543,18.833065219767605,18.64568238702475,18.833144254333774,19.082668242178443 
 06/10  17:05:00,21.17031612438473,20.862653656955157,21.177183090546194,22.748387163712238,18.0,20.340294831087864,25.72897571693615,18.774616391178824,18.600328678424148,18.774743259926026,19.0239750222284 
 06/10  17:10:00,21.006043717105236,20.747096589710207,21.01241040116841,22.59481579224362,18.0,20.18819474909612,25.677632383134377,18.722634032213023,18.559201888902635,18.72279279027964,18.96925358020792 
 06/10  17:15:00,20.834776232223827,20.62271133760208,20.840691085384506,22.427637774789197,18.0,20.035980391496118,25.664454084116386,18.677470413753667,18.523804608263845,18.677693313898942,18.920069230971762 
 06/10  17:20:00,20.658417676951846,20.491809642500677,20.663923080836547,22.2502709128407,18.0,19.86669804145239,25.65126212346306,18.631840109629593,18.48771820784691,18.63211699817674,18.869961274115383 
 06/10  17:25:00,20.47818992008176,20.355742809464477,20.4833229272057,22.064723543311878,18.0,19.697331099523144,25.638735273835188,18.586228682031106,18.45129392066667,18.586559811380937,18.819275097157572 
 06/10  17:30:00,20.294918157900717,20.21532147396272,20.299711259325136,21.87220056630374,18.0,19.518406555136934,25.626482450115997,18.540600157259973,18.414467977626146,18.54098529637679,18.76792109012854 
 06/10  17:35:00,20.10189895216676,20.05938542798708,20.10638083250683,21.64885235770752,18.0,19.329110875035077,25.61442891338244,18.491600500419565,18.372145553622772,18.492033300940705,18.705236149619054 
 06/10  17:40:00,19.904213839550742,19.895111089671712,19.90840992198647,21.41043916168917,18.0,19.132440405954835,25.601805908186815,18.44233032934727,18.328627265762975,18.442810445036685,18.640781963982192 
 06/10  17:45:00,19.70318905222583,19.723880931425732,19.707121928338744,21.16010990057315,18.0,18.935873589375067,25.58906504860706,18.392975737708753,18.284072714687113,18.393502194066684,18.574824495022085 
 06/10  17:50:00,19.49952802415662,19.546132050279674,19.503217881640175,20.89904843995311,18.0,18.733338905332726,25.576144028404002,18.343513014316954,18.238358766109855,18.34408474255497,18.507208116426682 
 06/10  17:55:00,19.296467090678117,19.356067917792775,19.29993204207815,20.604526415011925,18.0,18.530947088098156,25.563023520817,18.29517568116671,18.188834055249345,18.295790825251117,18.427786765430255 
 06/10  18:00:00,19.089758670008443,19.162062663778407,19.093015072823107,20.31287077062668,18.0,18.325189418262525,25.5493906602809,18.24544668340502,18.13975116875264,18.246104346671984,18.354941677100044 
 06/10  18:05:00,18.875056699096213,18.951534270580154,18.878114101785822,19.99992553668228,18.0,18.108209163302753,25.535666318504646,18.14240955550889,18.038021404174344,18.14310716627358,18.225755020421843 
 06/10  18:10:00,18.657241644628645,18.731229203696767,18.66011235474587,19.67391415550189,18.0,17.88943163987351,25.395431209547873,18.052217125118545,17.94536368474644,18.052906705580995,18.11002449844807 
 06/10  18:15:00,18.4375692345909,18.502110754152266,18.44026530398213,19.33599045901886,18.0,17.67297146781328,25.32485413720053,17.978003943215185,17.86536980116864,17.978755347735444,18.00407857837297 
 06/10  18:20:00,18.216644570000668,18.264158941571257,18.219177433484933,18.986277078012723,18.0,17.455744996662183,25.2584208447016,17.906033702753007,17.785661505079815,17.906831754588893,17.89777063127707 
 06/10  18:25:00,17.994772895031108,18.016983369460775,17.997153294248626,18.624678636846994,18.0,17.240876250847805,25.1973596688375,17.836183544619246,17.705801925731123,17.837028448093918,17.79083660519035 
 06/10  18:30:00,17.772049955519407,17.76014039878655,17.774287934422507,18.251418662015876,18.0,17.02804134116867,25.139749959308144,17.767749159378013,17.62505541962895,17.768640384512253,17.68279330493334 
 06/10  18:35:00,17.606947426335715,17.606458527837297,17.609052102267874,18.05154568414367,18.0,16.885745989953268,25.085019996532427,17.727138645417085,17.59113157145714,17.72807192402672,17.65161759706058 
 06/10  18:40:00,17.46226534462946,17.49010815555466,17.46424508834028,17.914464895132344,18.0,16.75727838885974,25.037726290880794,17.689401730888676,17.56288746691837,17.69036757256106,17.628520274122934 
 06/10  18:45:00,17.32963510330786,17.399594883503333,17.331497850250877,17.820580149599277,18.0,16.630210207854475,24.9935740182669,17.652857892954955,17.538506292737907,17.65385376571976,17.611090284783018 
 06/10  18:50:00,17.20506194740429,17.32966084391736,17.20681518042384,17.759802223582067,18.0,16.522234491750606,24.952017514168674,17.617238451538014,17.517647381756774,17.618260716353575,17.600098423207328 
 06/10  18:55:00,17.086165612263645,17.248501394334276,17.087816371383692,17.670307717251973,18.0,16.415467279495083,24.912912112048865,17.582432656944206,17.488173367857712,17.58347587902631,17.56695752569601 
 06/10  19:00:00,16.97144541112217,17.168281055812436,16.97300030855247,17.578485864180443,18.0,16.319575975105998,24.874620071258104,17.548123315711166,17.458989541943083,17.549134550223812,17.535274837145835 
 06/10  19:05:00,16.862300651650923,17.10292291355477,16.863781499156698,17.507095578639294,18.0,16.219897272741143,24.837822878451725,17.525459821035497,17.454061688520596,17.526429000193502,17.52956927631385 
 06/10  19:10:00,16.754512046717068,17.039476209603063,16.75592903796841,17.43722079105306,18.0,16.12116845334713,24.79501573582983,17.50502903539973,17.451836472693458,17.50594340291417,17.525905494846825 
 06/10  19:15:00,16.646840522420625,16.96974458490572,16.648201009001493,17.356142034264757,18.0,16.018055272101734,24.756723055093058,17.48604745488484,17.449737259600624,17.48690879574002,17.523562916653304 
 06/10  19:20:00,16.539251437629506,16.877160063605114,16.540561325219507,17.237964664454125,18.0,15.911692227431042,24.71954524656169,17.467951278622195,17.44380821677038,17.468762308275927,17.505405558839925 
 06/10  19:25:00,16.299578760953672,16.44824520245122,16.300843420347316,16.66511202214014,18.0,15.645576701770393,24.68298203293467,17.38555480451157,17.28611968148317,17.386860639105976,17.285167349129097 
 06/10  19:30:00,16.1812722778837,16.275561877351873,16.182496264567,16.440623378580717,18.0,15.540754540635865,24.634485634305538,17.3809384390662,17.292432159624695,17.382299981347103,17.291189997771994 
 06/10  19:35:00,16.09507639285107,16.161561115177356,16.096263227872008,16.296070954133864,18.0,15.430418053281885,24.599785737436434,17.382307355998137,17.306267401888874,17.383703322519295,17.304864831287432 
 06/10  19:40:00,16.025220131864437,16.074895723754732,16.02637237981148,16.189068496822898,18.0,15.337637556601013,24.566416714124966,17.38583948336486,17.323451600581677,17.387268159575456,17.32195581542561 
 06/10  19:45:00,15.965123928444543,16.003771333337923,15.96624664670911,16.103682251174543,18.0,15.23894102435807,24.534586642487415,17.391107872767464,17.343137166217275,17.39257156517806,17.341574618930792 
 06/10  19:50:00,15.910988436560281,15.94159175276444,15.91208389537406,16.031278492854433,18.0,15.142380291591897,24.50394409979399,17.397998551589808,17.36504035631947,17.399499156459683,17.363420591671343 
 06/10  19:55:00,15.860383736755097,15.88447783411115,15.861455022873248,15.966583841947365,18.0,15.039005281203673,24.47444919672628,17.40670465619712,17.3892485861802,17.408244698635997,17.387573428715882 
 06/10  20:00:00,15.81160461920172,15.829815277308095,15.812654953583323,15.906165891922562,18.0,14.928224762152476,24.44587624372538,17.417408368827637,17.415825597975072,17.41899013060862,17.414094373012176 
 06/10  20:05:00,15.670655350861777,15.68462633082126,15.671675698202785,15.755306954069724,18.0,14.713840666570333,24.418221892135914,17.193509618319695,17.19641431318513,17.195103537893374,17.194672403064942 
 06/10  20:10:00,15.493358734486563,15.504053129313402,15.49434734588396,15.569580486765027,18.0,14.471731956278791,24.324821300594326,16.963262754549987,16.96784243718048,16.96488963085409,16.966068850347597 
 06/10  20:15:00,15.29318725096854,15.301247228403781,15.294143490652129,15.36218767319264,18.0,14.229060915269343,24.26932097436745,16.740920636409214,16.7467413296543,16.742618221917553,16.744900372534744 
 06/10  20:20:00,15.076920452720172,15.082770788406638,15.07784364852067,15.139646862064685,18.0,13.945713972044228,24.215882078977707,16.51895903370888,16.5258693776575,16.520714596855896,16.523973975559045 
 06/10  20:25:00,14.848845904637663,14.852771342092689,14.849736620253392,14.905997623402202,18.0,13.66145887348116,24.165252145763915,16.297877842631237,16.305798835166343,16.299691676540306,16.303848539438945 
 06/10  20:30:00,14.611838370752102,14.614008311596585,14.612697755684337,14.663857930759498,18.0,13.349899238731593,24.116762099532373,16.07742392605229,16.086284889751937,16.07929571395755,16.08427981240368 
 06/10  20:35:00,14.367885692393907,14.36837968265532,14.368715098986467,14.41516258361567,18.0,13.037250540579327,24.070035641482885,15.857425427581404,15.867157549946683,15.85935507488017,15.865097556454714 
 06/10  20:40:00,14.11839740528757,14.117225968325934,14.119198273553849,14.161207946975166,18.0,12.704702597811456,24.024656024150783,15.637677360678822,15.648211060295864,15.639664403762197,15.646096373258388 
 06/10  20:45:00,13.864393859694967,13.861514154731065,13.86516766542827,13.902925843085223,18.0,12.37092022863577,23.98046195538162,15.418119139667112,15.429385333178402,15.420163597183318,15.427215677390336 
 06/10  20:50:00,13.606626911784678,13.60195451242578,13.607375136137756,13.640997850954491,18.0,12.021695962292217,23.93716141871375,15.198608348688026,15.210536436123789,15.200709858495884,15.208311911970668 
 06/10  20:55:00,13.345659421099796,13.339077268040523,13.346383531529233,13.375930326994222,18.0,11.67111711678355,23.894687566750154,14.979131410859509,14.991651108381063,14.9812901226245,14.989371291675184 
 06/10  21:00:00,13.081918891565829,13.073284173749908,13.077268413625658,13.108104983221278,18.0,11.307837734752507,23.852833438166464,14.759586904500964,14.77262623448837,14.772129471205744,14.770291012705002 
 06/10  21:05:00,12.856587308688995,12.852128822497273,12.849447314934709,12.879354675743734,18.0,11.034442030263781,23.811609058262107,14.611356811851124,14.614152839304552,14.624953807942688,14.622671241707906 
 06/10  21:10:00,12.646007687046374,12.64287933435763,12.637141639241689,12.665784509650246,18.0,10.772427108649232,23.7679155481591,14.513670467487145,14.516058389030377,14.528409683574182,14.526040246234913 
 06/10  21:15:00,12.44451536433227,12.44214226989409,12.434354982463336,12.461648656968789,18.0,10.510292712345429,23.82533471434661,14.430195794882934,14.432568516851347,14.446198600063326,14.443755934943454 
 06/10  21:20:00,12.249248851987987,12.247372692520647,12.238093821486823,12.26402998952911,18.0,10.275275881230108,23.8780797604967,14.335576182462091,14.337959983932365,14.352644131649186,14.350177390891417 
 06/10  21:25:00,12.058406872745495,12.056875373696629,12.04647693369057,12.071082986651112,18.0,10.040161813333421,23.92070795614266,14.23356224387311,14.23596675649003,14.251605118584962,14.249116098267223 
 06/10  21:30:00,11.870784327980767,11.869500865399369,11.858245094123399,11.88156658164979,18.0,9.822191091638956,23.954322371380925,14.125789520375179,14.128215559317368,14.144735440048748,14.14222474898827 
 06/10  21:35:00,11.685550977180112,11.684452067450277,11.672529743271287,11.694621133122165,18.0,9.604143398311546,23.981491784511096,14.01397879952566,14.016426183888541,14.033777718488295,14.031247784876314 
 06/10  21:40:00,11.502123912528688,11.501166804147784,11.488720097806478,11.509639619990237,18.0,9.397474795052862,24.002722860828477,13.898609090416699,13.90107527468507,13.919214100826366,13.91666750061313 
 06/10  21:45:00,11.320088219036311,11.319243531207343,11.306380566870187,11.326187277226737,18.0,9.190740640675434,24.01945771083346,13.780583908208541,13.783068586183845,13.801961823788531,13.799398855538698 
 06/10  21:50:00,11.139145140427825,11.138392311098036,11.125196824021081,11.143948920566446,18.0,8.991729192341053,24.031715981695125,13.66031870088733,13.66282090070456,13.682440474799364,13.679862087353854 
 06/10  21:55:00,10.959077091431077,10.958401476676507,10.944939406843897,10.962693268085438,18.0,8.79265910843101,24.039395479120063,13.53813224060525,13.54065088301104,13.560972664274459,13.558379893229642 
 06/10  22:00:00,10.779723566403828,10.779114548269678,10.765438643561538,10.78224829378871,18.0,8.598914142860558,24.04637273184459,13.348787636326051,13.351335836194608,13.371579227245775,13.368958515422662 
 06/10  22:05:00,10.681511180659314,10.680962380112659,10.666771132485385,10.682636610553942,18.0,8.49860802216884,23.98061349030968,13.280102228024532,13.282675513618756,13.300664369583387,13.298020775335885 
 06/10  22:10:00,10.61720359023539,10.616709222483074,10.602210963695281,10.617171016250683,18.0,8.424320433743357,23.833546763650862,13.227762701862275,13.230293048255021,13.245930998261997,13.243334635113797 
 06/10  22:15:00,10.574966575275404,10.574521964504076,10.559997409269547,10.574096175650755,18.0,8.350710958159404,23.708259888177643,13.197098320439181,13.19963376365348,13.213199242065173,13.210601790113287 
 06/10  22:20:00,10.548585039613231,10.548186367629901,10.533919363547257,10.547201925590363,18.0,8.316022489511122,23.595727473081354,13.178645898006721,13.181190233005736,13.192881320297033,13.190278945193654 
 06/10  22:25:00,10.534022873098113,10.533666957968567,10.519922769352439,10.532433534868606,18.0,8.28178292257529,23.495318326569205,13.168351855346714,13.170904968477657,13.180877672838164,13.17827042918043 
 06/10  22:30:00,10.528490748187252,10.528174876796887,10.515192659801063,10.526974567364205,18.0,8.273602671330153,23.405923374405926,13.16423679401015,13.166800536653852,13.175182520303906,13.172568478555206 
 06/10  22:35:00,10.529992818183976,10.529714620838137,10.517706006348682,10.52880012959863,18.0,8.265718261665254,23.325162236333224,13.164493896346244,13.167067298695486,13.173962285071298,13.171342362872792 
 06/10  22:40:00,10.537062675452335,10.536820033345572,10.525970452405954,10.536415823495727,18.0,8.275947249653877,23.25106896654063,13.16210440749444,13.164686643864115,13.170308968873883,13.167683794848472 
 06/10  22:45:00,10.548599423773725,10.548390402762665,10.538861541533514,10.548695100987558,18.0,8.286361715255033,23.182760708336204,13.16584819181594,13.168435764163121,13.172809546537792,13.17018260396992 
 06/10  22:50:00,10.563761909175295,10.563584714312785,10.555517306115052,10.564773927259134,18.0,8.30958561611138,23.11919691329504,13.17301699221548,13.175609209144227,13.178761874560337,13.176133881837643 
 06/10  22:55:00,10.58189828439825,10.581751230159865,10.575267801136603,10.583980357975568,18.0,8.332915379013526,23.059179704675042,13.18225279384427,13.184848656301028,13.186825981390825,13.18419791389374 
 06/10  23:00:00,10.602497708327295,10.602379200033862,10.597586593770984,10.605786052671501,18.0,8.365412361545397,23.002134837965905,13.239820296709809,13.242404609325149,13.24308173326034,13.240468994446246 
 06/10  23:05:00,10.649875748233717,10.64978452321769,10.64873472620517,10.65641991884883,18.0,8.447714499711878,23.037209285760706,13.328064710976093,13.330669336315736,13.32787535035186,13.325250945240668 
 06/10  23:10:00,10.709073450505953,10.709008017601645,10.712675960519917,10.719866669513138,18.0,8.547467735228372,23.053495853682552,13.408421154413588,13.41099259899056,13.404708486065033,13.402125156935483 
 06/10  23:15:00,10.776183663819321,10.776142526350363,10.785199767654753,10.79191982717168,18.0,8.646972393177693,23.070575445736385,13.484305892580892,13.486855168922716,13.477176662226384,13.474623437934838 
 06/10  23:20:00,10.849084355602299,10.849066055502607,10.864002336521576,10.870276857389175,18.0,8.768093510652088,23.07988371290911,13.556072707473447,13.558594066357045,13.545674372094027,13.543156817629892 
 06/10  23:25:00,10.926369925208745,10.926373064983784,10.947546834972131,10.953401101327486,18.0,8.888575519050681,23.085029170048216,13.625536393552181,13.628031636462879,13.612039180748752,13.609555353990004 
 06/10  23:30:00,11.007056590995365,11.007079848200153,11.034750185082093,11.040209051498492,18.0,9.022034465803083,23.0873396374053,13.693375859256435,13.69584551575042,13.676962383072123,13.674511463121917 
 06/10  23:35:00,11.090435645296447,11.090477782161441,11.12482680485018,11.129914347789157,18.0,9.154637195596273,23.08717531167633,13.760063654297369,13.76250886960986,13.740924834215093,13.73850604835701 
 06/10  23:40:00,11.175985335721796,11.176045205112452,11.21719447241373,11.221933790851596,18.0,9.294830375388331,23.084981303491936,13.825914368388396,13.82833454961667,13.804244392556598,13.801858215859795 
 06/10  23:45:00,11.263314135089017,11.263390682799905,11.311413504833356,11.31582661257343,18.0,9.434061889677526,23.08109725656219,13.891197953491087,13.893592801905697,13.867192805839352,13.86483939269715 
 06/10  23:50:00,11.352122800874845,11.352215062583687,11.407145927947589,11.411253703507363,18.0,9.577388199049876,23.075489501309537,13.956048006869992,13.958417110585174,13.929905705885858,13.927585306086428 
 06/10  23:55:00,11.442178409611952,11.442285501563429,11.504127418995303,11.507949592308709,18.0,9.71971721405209,23.06888068273088,14.02071535865457,14.023058814798219,13.992629647524723,13.990342007094227 
 06/10  24:00:00,11.533296329894684,11.533417434844653,11.602147738898307,11.605702902166776,18.0,9.86388184339692,23.061320831160824,14.08529697361729,14.08761474243829,14.055459789891529,14.053204777918438 
 06/11  00:05:00,11.579936411410262,11.580071401946418,11.650558840381247,11.653888591326588,18.0,9.922840817536345,23.052939641257854,14.088236314010487,14.09054386402056,14.059386365176806,14.057139666251942 
 06/11  00:10:00,11.610004730908619,11.610153233041448,11.680852616292993,11.683979055373445,18.0,9.966608588876833,23.04146824273451,14.088621915128499,14.09093308817188,14.060786868379068,14.058535580190437 
 06/11  00:15:00,11.630089554827409,11.630251160795618,11.70036716613213,11.703306968636884,18.0,10.010626213935991,23.029358134491318,14.088148059547564,14.090463575102092,14.06133163310642,14.059074492982177 
 06/11  00:20:00,11.643460762289092,11.643635048866003,11.712698140499496,11.71546494580348,18.0,10.029314543314987,23.016534576550928,14.08721085918188,14.089530277986853,14.061422206056136,14.059159420913886 
 06/11  00:25:00,11.65213673375694,11.652323265348489,11.720040450258765,11.722645847683928,18.0,10.048086764142415,23.00307647439558,14.085971199219216,14.088294119926388,14.061216940663087,14.058948817317855 
 06/11  00:30:00,11.657443676823172,11.657642007825817,11.723821736101712,11.726275834550586,18.0,10.052020200530057,22.989092980374146,14.084528039302427,14.086854254531545,14.060811682195776,14.058538384000201 
 06/11  00:35:00,11.660282433531238,11.660492111529022,11.72500279315463,11.727314582834559,18.0,10.05595441621878,22.97464236299837,14.082921650470212,14.085250917839744,14.060245683208677,14.05796741868653 
 06/11  00:40:00,11.661280115827068,11.661500685529381,11.724246902518102,11.72642449595413,18.0,10.05059966272681,22.959797323890715,14.081188283136441,14.083520422498964,14.05955373452241,14.057270659675623 
 06/11  00:45:00,11.66088208016764,11.661113087635448,11.722021622378643,11.724072421103466,18.0,10.045189806759456,22.944607859904817,14.079347572669406,14.081682392424455,14.05875474213508,14.056467025397978 
 06/11  00:50:00,11.659409974964966,11.659650971680552,11.718662450377835,11.720593264080591,18.0,10.03371666475447,22.929121602568962,14.077416904910478,14.079754231316997,14.057865311813202,14.055573105569522 
 06/11  00:55:00,11.657099495924381,11.65735004238983,11.714413863429783,11.716230997747227,18.0,10.022149710178171,22.913383877265005,14.07541234929522,14.077752038960341,14.05690081963155,14.054604246849635 
 06/11  01:00:00,11.654125553288948,11.654385221985416,11.70945644027777,11.711165763337917,18.0,10.00646300188069,22.89742412298664,14.07334187845197,14.075683778407267,14.055868863067417,14.053568055005769 
 06/11  01:05:00,11.649179420577893,11.649448029373737,11.70180168952996,11.703410796912571,18.0,9.983215848467612,22.881284223312896,14.07228847486158,14.074635522891526,14.056339161041706,14.054029754701219 
 06/11  01:10:00,11.643207712750119,11.64348497167196,11.692816597275053,11.694331199950721,18.0,9.955294398377028,22.864998795706203,14.071381685914844,14.07373397745522,14.057056164609548,14.054737906924743 
 06/11  01:15:00,11.63648241354036,11.636768022212578,11.682869564917622,11.684294681688353,18.0,9.92701434754609,22.848594200242896,14.070514864383938,14.07287259236108,14.057844885694522,14.055517467777747 
 06/11  01:20:00,11.629157478920515,11.62945114109067,11.67216104698629,11.673501225865149,18.0,9.893679623565607,22.83207570351689,14.069652971835808,14.072016197926018,14.058651367849336,14.056314648177818 
 06/11  01:25:00,11.621336045623227,11.62163747428409,11.660822267185555,11.662081686268305,18.0,9.859915801075996,22.815478752409007,14.068799089441768,14.071167922876725,14.059471069814663,14.05712488719388 
 06/11  01:30:00,11.6130904137843,11.613399333713348,11.648943708775889,11.650126239996776,18.0,9.822299889066517,22.79880343938851,14.067943878235042,14.070318349084062,14.060291625221907,14.057935906973512 
 06/11  01:35:00,11.604472364205417,11.604788513232547,11.636589441179632,11.637698694744918,18.0,9.784197469955377,22.78208171978622,14.067100097567732,14.06948032620528,14.061123953402102,14.058758544120678 
 06/11  01:40:00,11.595519428071068,11.595842557607826,11.623805634110653,11.624844991174411,18.0,9.742879471212085,22.765309669771483,14.06626110151467,14.06864714005593,14.061960552304981,14.059585365874398 
 06/11  01:45:00,11.586258940111152,11.586588815232643,11.610625952891088,11.611598590592004,18.0,9.701022527873304,22.74851565176047,14.065440476007439,14.06783247164384,14.062814128741081,14.060428987491093 
 06/11  01:50:00,11.576710760478528,11.577047159732864,11.59707511868298,11.59798402999024,18.0,9.656285620278702,22.731693379241104,14.064631633905378,14.067029666345547,14.063677464111606,14.061282258557299 
 06/11  01:55:00,11.56688915514563,11.567231870200464,11.583171332621873,11.584019342522412,18.0,9.610959276583156,22.71486767427378,14.063847458551209,14.06625169867516,14.064562727053044,14.062157259181618 
 06/11  02:00:00,11.55680412438909,11.557152959585439,11.568927970225271,11.569717749250179,18.0,9.56290436429682,22.698031046752373,14.063081417008789,14.065491969986624,14.065462629643548,14.063046768929155 
 06/11  02:05:00,11.550700220737918,11.551054158109322,11.560412195737939,11.56114380326102,18.0,9.537403917419102,22.681204931338947,14.059231635034621,14.061639562235428,14.061884355874327,14.059471034232274 
 06/11  02:10:00,11.54612406670678,11.546482571470118,11.554103885541362,11.554779100998758,18.0,9.51505176929129,22.664327991998427,14.054956322627504,14.05736148814367,14.057705381136316,14.055294664186704 
 06/11  02:15:00,11.54249270603405,11.542855364714,11.549163758743092,11.549784719193582,18.0,9.49269978002516,22.647456905055677,14.050550262618344,14.052952224684077,14.053334278277362,14.050926830689946 
 06/11  02:20:00,11.539512333776985,11.53987879921457,11.545167804069532,11.54573677520951,18.0,9.477200782070511,22.630587525195583,14.046089737751913,14.048488273526232,14.048884234924344,14.046480366051583 
 06/11  02:25:00,11.536998254747166,11.537368225321972,11.541849052122622,11.542368336704959,18.0,9.461705372984882,22.613734812196356,14.041614333030054,14.044009414692823,14.044409567936327,14.042009326412654 
 06/11  02:30:00,11.534826838429677,11.53520004629949,11.539028549330272,11.539500436215413,18.0,9.450510677616155,22.596892915455474,14.037131681494657,14.039523287214024,14.039923743578356,14.037527146997604 
 06/11  02:35:00,11.532912534316102,11.53328873795718,11.536582295163825,11.537009028833845,18.0,9.439318405784201,22.58007439715055,14.032653558438824,14.035041735117716,14.035440958194613,14.03304794611472 
 06/11  02:40:00,11.53119466588904,11.531573645100416,11.534422227051987,11.534805989154505,18.0,9.43097334537548,22.56327395239898,14.028177537851889,14.030562297286906,14.030959686053848,14.02857023033198 
 06/11  02:45:00,11.529629316602225,11.530010869016692,11.532484525993162,11.532827424371371,18.0,9.422629977379115,22.546501987868943,14.023710002730468,14.026091399051893,14.026486736128959,14.024100765757964 
 06/11  02:50:00,11.528184140732305,11.528568079284982,11.530722130292169,11.531026192828918,18.0,9.416224473831118,22.52975377688603,14.019247399637322,14.021625450253055,14.022018662918583,14.019636144345782 
 06/11  02:55:00,11.52683494417943,11.52722109520371,11.529099797712918,11.529366969338433,18.0,9.409820166192242,22.513037967335485,14.014794521575936,14.017169276535071,14.017560355936098,14.015181223976128 
 06/11  03:00:00,11.525563376699692,11.525951578446048,11.527590769176006,11.52782291098267,18.0,9.404764926178439,22.496350380694228,14.010348071852945,14.01271954817463,14.01310850240236,14.01073272629634 
 06/11  03:05:00,11.526485618375089,11.526875264383994,11.529244076523646,11.529442633921441,18.0,9.411610699109477,22.479698342262218,14.004483142390143,14.006846948419138,14.006600391763186,14.004234302777832 
 06/11  03:10:00,11.528302654878892,11.528693421816435,11.532194735000257,11.532361378875986,18.0,9.421997532592876,22.4630535543416,13.998457686128063,14.000813780068881,13.999862027933773,13.99750564364092 
 06/11  03:15:00,11.530687465847926,11.53107910609153,11.535972548354007,11.536108952503966,18.0,9.432314418659503,22.44644067490354,13.992410360868917,13.994758572382693,13.993084930738746,13.990738523436335 
 06/11  03:20:00,11.533468130139413,11.533860438992447,11.540329686697248,11.540437488022667,18.0,9.447455448411333,22.429858004473775,13.986377791506754,13.988718062896737,13.986323030393635,13.983986695051158 
 06/11  03:25:00,11.536533455910734,11.53692625866654,11.545105423362942,11.54518620593161,18.0,9.462499234622962,22.413311332678127,13.980377855133838,13.98271021602784,13.979601076238168,13.977274789970124 
 06/11  03:30:00,11.539807095333757,11.54020023975197,11.550189077851787,11.550244364734729,18.0,9.480539672561337,22.39679794716925,13.974414120825486,13.976738605022774,13.972925396591563,13.970609120587255 
 06/11  03:35:00,11.543234891302177,11.543628242727369,11.555501894217329,11.555533143437364,18.0,9.498464655003357,22.380323451911494,13.96849162219462,13.970808292497964,13.9663021112068,13.963995773854094 
 06/11  03:40:00,11.54677748083287,11.54717091885418,11.560986436593396,11.560995039552266,18.0,9.518278581429993,22.36388494814358,13.962608768147902,13.964917668592648,13.959730067068392,13.957433614131332 
 06/11  03:45:00,11.550405674961102,11.550799091030937,11.566599956976278,11.566587238443917,18.0,9.537966313194689,22.34748802465545,13.956768536509571,13.959069731589807,13.953212366803598,13.9509257238945 
 06/11  03:50:00,11.554097454946785,11.554490750620685,11.572310077461152,11.572277296569132,18.0,9.558822755752745,22.331129457220715,13.950968379505014,13.953261910914023,13.946746521937484,13.944469637488226 
 06/11  03:55:00,11.55783595983069,11.558229045422932,11.578091893549084,11.57804024543171,18.0,9.579547067339988,22.314814994561768,13.94521104901986,13.947496978725326,13.940335230301002,13.93806803344006 
 06/11  04:00:00,11.561608105085346,11.562000898610943,11.583925983165141,11.58385660101262,18.0,9.600960826258968,22.298540995143576,13.939493678003998,13.941772043557705,13.933975624375194,13.931718068696682 
 06/11  04:05:00,11.543322054765344,11.543715867275806,11.564813307017785,11.56472681593336,18.0,9.571591261280336,22.282313509989194,13.909033398401903,13.911317003443514,13.90456503426094,13.902298445487702 
 06/11  04:10:00,11.51636573682113,11.516761043492304,11.535995072595613,11.535892149763912,18.0,9.531802839995875,22.265830815256013,13.876960963817169,13.879257704968609,13.873810493094652,13.871526745204221 
 06/11  04:15:00,11.483954644707293,11.48435173069135,11.501107074943507,11.500988355647857,18.0,9.491989987223334,22.24924002692095,13.844628172233456,13.846937274478819,13.842861453553667,13.840561105926895 
 06/11  04:20:00,11.447711247997148,11.448110305722679,11.461970848520073,11.461836924186073,18.0,9.4345947981918,22.232553729628208,13.81229627176424,13.814617820785372,13.811956972687994,13.809639888837523 
 06/11  04:25:00,12.085489467147122,11.905001128091934,11.640866035313572,11.640717429924473,18.0,9.672196082238282,22.215778817442835,14.12465146081729,14.036366064947629,13.899072781400378,13.897842587189189 
 06/11  04:30:00,12.24430566622685,12.023148533019384,11.711893056974406,11.711730203173968,18.0,9.698026310879134,22.217196708829793,14.061937021565313,13.990154381592504,13.890168894000112,13.888892727917039 
 06/11  04:35:00,13.00056670956586,12.48748053493059,11.811063756241497,11.810887098586429,18.0,9.793638771738866,22.204025480360148,14.361837783918418,14.167779960156963,13.918174080070798,13.920726964679943 
 06/11  04:40:00,13.839966543191913,12.978684554317194,11.914952166443152,11.91476209349759,18.0,9.893294308307848,22.20174950088915,14.591134774581576,14.297640016818491,13.943259954127257,13.94621064200885 
 06/11  04:45:00,15.148558626579666,13.713554117120854,12.04588675536793,12.04568363170641,18.0,10.000870267392006,22.19920165661957,15.019213848242316,14.531222100195464,13.975358624513547,13.974234320718551 
 06/11  04:50:00,16.361461551177275,14.368353106526685,12.174502329083463,12.174286572834811,18.0,10.136609669428267,22.20504196574911,15.293181759387721,14.670145872236048,13.997850464692306,13.994551039367195 
 06/11  04:55:00,17.440129620145395,14.929682887317295,12.308141722776615,12.307914089017945,18.0,10.280879008651851,22.20815992112504,15.491647111103987,14.763550463351521,14.019230710250497,14.01444210761997 
 06/11  05:00:00,18.4101414137166,15.4321379320674,12.44779263236648,12.447554820155354,18.0,10.45467078888221,22.210346608244844,15.654771282197657,14.85901897947673,14.040722545725203,14.034415319835603 
 06/11  05:05:00,19.426947228897994,15.977010978997857,12.692572183884252,12.69037833835029,18.0,10.762501650799795,22.212592375390106,15.99912857576021,15.107100116404354,14.226318636196652,14.23256524440717 
 06/11  05:10:00,20.457107861512732,16.52665685692013,12.980383534750944,12.97786628003903,18.0,11.126542992820209,22.22780181948841,16.353168153897286,15.35787540126995,14.433740510711004,14.437837750403446 
 06/11  05:15:00,21.49646450411022,17.073241995355126,13.297186857963148,13.294933240501416,18.0,11.495920837445501,22.237406698337704,16.711360662668312,15.606286236739379,14.643286663104902,14.644870347209235 
 06/11  05:20:00,22.54252970860622,17.612479541842852,13.635170963098735,13.63352102802598,18.0,11.937793273843587,22.249919282864713,17.07291062025331,15.851411534520423,14.85400698553184,14.8531126378316 
 06/11  05:25:00,23.592891340988448,18.141296625376487,13.989196527447191,13.988339495738343,18.0,12.384227434457706,22.263714406565917,17.437157098346574,16.09227324731046,15.065364223201641,15.06213495592533 
 06/11  05:30:00,25.256959726405483,18.91621072580772,14.392439460767696,14.392578416452306,18.0,12.88390364124687,22.27872261646659,18.142347465850662,16.46310088526974,15.297237686319136,15.29199832260241 
 06/11  05:35:00,26.727037773761133,19.586702871579305,14.791760848037754,14.792844101261432,18.0,13.41929041133208,22.305942030510863,18.59452783142376,16.735871213974974,15.519182788961757,15.511444348845998 
 06/11  05:40:00,28.175206822814328,20.22397363552834,15.196931667044312,15.19877717246168,18.0,14.005654026063038,22.327833379406865,19.053279047202068,16.998667172996704,15.73958469518027,15.7295637921751 
 06/11  05:45:00,29.613158336223442,20.832986499989207,15.607624478038229,15.609985540003304,18.0,14.59818059645255,22.351276557406365,19.509361455884573,17.25230465645393,15.960660694025478,15.9485816734433 
 06/11  05:50:00,31.04469708586768,21.413327544303357,16.020753163166102,16.023323472854912,18.0,15.23814684987328,22.375931238227107,19.96405706810077,17.496144030300798,16.180995034067905,16.167091673794005 
 06/11  05:55:00,32.46104357021158,21.964820488574574,16.43965610839337,16.442089083574825,18.0,15.879417252727826,22.401866650984175,20.41306599756558,17.730284679977558,16.40321858885875,16.387739299950454 
 06/11  06:00:00,33.86281709558693,22.486987531359603,16.862531139173974,16.864442752200183,18.0,16.579593300087694,22.428933544109245,20.8587258285188,17.954443283578485,16.625957086934136,16.60914736277357 
 06/11  06:05:00,35.186537809997965,22.934283602838875,17.26523121868561,17.26437072628925,18.0,17.253012226187167,22.457190821201934,21.243204117556616,18.117917535170875,16.809858705285194,16.789752322887637 
 06/11  06:10:00,36.46836658090349,23.333492834144995,17.66029611120504,17.65498138081118,18.0,17.95507008986649,22.489664185727626,21.626694533739283,18.27318959485217,16.997620008377282,16.974303480369713 
 06/11  06:15:00,37.71475895497308,23.691036992792604,18.05045343376155,18.03909121446348,18.0,18.657602357169797,22.529740131061192,22.004834954634816,18.418861999450485,17.185281023075845,17.15890197864678 
 06/11  06:20:00,38.92849324330467,24.010534738457544,18.43700251447366,18.418043969763115,18.0,19.37414885417271,22.569176652800586,22.37692760050379,18.554376754846032,17.37198549428888,17.342709774279115 
 06/11  06:25:00,40.85447398338281,24.50915024688815,18.88257009095374,18.853980268879837,18.0,20.09066409026449,22.608360258359752,23.115994292739117,18.790622721014984,17.590705207625206,17.558136517847004 
 06/11  06:30:00,42.24762398268056,24.827654690837853,19.28693847553238,19.247258811864555,18.0,20.81734568956826,22.659463019746564,23.466347727769403,18.906904439654795,17.780153044339386,17.744869606414795 
 06/11  06:35:00,43.34864451926985,25.038216489145984,19.66755873292633,19.61547938199048,18.0,21.494397532597493,22.700665418072788,23.74515986273468,18.99365137922547,17.959886293099544,17.922341989693336 
 06/11  06:40:00,44.32143716927134,25.190153707809745,20.0363780875513,19.970650295101628,18.0,22.16596114419831,22.740781339924578,24.020527028820027,19.0766716265249,18.13895577979565,18.099210435216207 
 06/11  06:45:00,45.20836337061248,25.298972951535195,20.39700521378232,20.316447974788726,18.0,22.834865843381696,22.78101739584149,24.29132995572263,19.157446757389152,18.317945320721833,18.27605221675475 
 06/11  06:50:00,46.03148194987867,25.373502259600034,20.751407680819316,20.654900683166183,18.0,23.488768437524374,22.82122047826491,24.557341060461454,19.2369756884799,18.496845541814366,18.452842355459552 
 06/11  06:55:00,46.80396050923709,25.419562957636096,21.10083215697812,20.98730989282167,18.0,24.140219602867752,22.86138661622575,24.81844738412326,19.316410473519454,18.675737757156924,18.629639299369956 
 06/11  07:00:00,47.534007996572676,25.44123683791529,21.446109039726387,21.314556624315607,18.0,24.78057812591165,22.90148512075473,25.07451154894852,19.396950585047534,18.85467000948063,18.806469799559864 
 06/11  07:05:00,48.313953902064554,25.47163014043837,21.785680479979142,21.643352915508807,18.0,25.48419436931899,22.941558969113437,25.36869221264044,19.493797664862427,19.039393860972154,18.991704910914677 
 06/11  07:10:00,49.08917333585844,25.491344962058825,22.122543604927014,21.972210670212135,18.0,26.20213465113402,23.05901968770374,25.60130169272321,19.55076241429515,19.176041632176066,19.130626369584434 
 06/11  07:15:00,49.85107408021959,25.496826944154257,22.457716174650052,22.3012105092767,18.0,26.927916173736296,23.063578693919695,25.81986381352931,19.599977799293924,19.301065145650853,19.258153232528002 
 06/11  07:20:00,50.59575981331701,25.4866191649577,22.791787170234475,22.630502269877287,18.0,27.683141526423938,23.05056956230316,26.04162034344182,19.653533410642012,19.43660842085859,19.395691641089 
 06/11  07:25:00,51.32088951296722,25.45997207579538,23.12513579313561,22.960202106359187,18.0,28.445890034789556,23.034984788594677,26.263983040186872,19.715458070625004,19.571607295172726,19.533155831310978 
 06/11  07:30:00,52.02489468704192,25.41649602886004,23.458010889719933,23.290390100556678,18.0,29.235799141514065,23.02256592952132,26.485883135779545,19.78879536520833,19.708123763942467,19.671692209542073 
 06/11  07:35:00,52.5803961571369,25.334517593505485,23.771521514710514,23.602354897019325,18.0,29.971588238980875,23.0149761516036,26.64681069771939,19.86538023062701,19.837302307556286,19.802904113667978 
 06/11  07:40:00,53.07764730088294,25.23073272588602,24.077603647218066,23.907826253381256,18.0,30.7189586219077,23.010603606336545,26.805697759401596,19.956346123016374,19.968058665997148,19.935397672731142 
 06/11  07:45:00,53.532711980521285,25.165654519195872,24.43642151720587,24.209436906357887,18.0,31.471069695953346,23.010081039759363,26.96155303473489,20.068569834389905,20.106972199991105,20.069266164431497 
 06/11  07:50:00,53.95320491234428,25.264849873973066,24.97474934418723,24.508464632725044,18.0,32.22451664344837,23.01388846397997,27.11408477505313,20.2035676204016,20.27666377802342,20.204472188321688 
 06/11  07:55:00,54.34347084404835,25.42406416162507,25.585834100435967,24.805675410772697,18.0,32.9824933682296,23.02132921801158,27.262774998771192,20.3398633380275,20.46244867332564,20.3406754582993 
 06/11  08:00:00,54.706082913540484,25.61904222802739,26.24346553926359,25.10155275846331,18.0,33.7474196081472,23.031455770849036,27.40718249028714,20.476944896737677,20.662681629020256,20.477504700857367 
 06/11  08:05:00,55.01237452483297,25.829720782367826,26.928839495940352,25.389144963104144,18.0,34.47506443549146,23.044416041128155,27.627350829803277,20.71943376708731,20.983032261943663,20.71964588317337 
 06/11  08:10:00,55.284310611029326,26.05351900278009,27.63531587943105,25.67273530346299,18.0,35.200950732078724,23.31026250678151,27.822434955384608,20.92854395265107,21.280816558924187,20.928248450960155 
 06/11  08:15:00,55.526141522816275,26.286644743570935,28.35726253977047,25.95331643623058,18.0,35.92741333677472,23.432760085604208,27.97839158976177,21.102317279966485,21.55231954944071,21.10164059602897 
 06/11  08:20:00,55.739970817587064,26.526339713240837,29.09057706836284,26.231386729658173,18.0,36.64576606621269,23.545394089947525,28.124474987432677,21.271894545049065,21.827986715659677,21.270794219417382 
 06/11  08:25:00,55.92700575625715,26.770651514927877,29.832222822212955,26.50725543452002,18.0,37.364544383323576,23.647207936063275,28.260931246786072,21.437081937225003,22.106422996915512,21.435570259485758 
 06/11  08:30:00,56.08794986912437,27.018182329411964,30.579888214922452,26.781128725086152,18.0,38.078993217336404,23.741159953622123,28.389216737134234,21.598938802369958,22.38766779892677,21.59704146397621 
 06/11  08:35:00,56.160554596908625,27.252697905910313,31.308222485224604,27.037922879182084,18.0,38.74935847105329,23.82904004076515,28.48066351611851,21.75061509038966,22.660804364768467,21.74837916954897 
 06/11  08:40:00,56.19125763315412,27.48322780604021,32.02969233576653,27.287518446382446,18.0,39.408129720613275,23.91107378054011,28.566620905694435,21.89991090959785,22.935140272141325,21.897383357500928 
 06/11  08:45:00,56.38423690728473,27.750079023631976,32.81800302534253,27.570882749096437,18.0,40.066183827183394,23.988826424719587,28.739933777568922,22.066658620578437,23.245811713399803,22.063908755661885 
 06/11  08:50:00,56.40622864168965,27.98240670684014,33.550723115398384,27.81763993110473,18.0,40.70698629768085,24.067683145867825,28.81480577176484,22.20998819778032,23.520639472098992,22.207070875808995 
 06/11  08:55:00,56.37527704911871,28.204891871435564,34.267289010710115,28.052828520636172,18.0,41.34701127925366,24.140038595867345,28.88505140945483,22.350852040491702,23.794528535014138,22.347829140863382 
 06/11  09:00:00,56.30547825302111,28.421652408051273,34.8159530621913,28.280861658408686,18.0,41.97520099111726,24.210061423977887,28.950775113409236,22.490593507712845,24.004431967072605,22.487534725312003 
 06/11  09:05:00,56.0574475478881,28.574671335511482,35.54670369908295,28.444902690772157,18.0,42.3309981996693,24.277549564149446,28.937981667998542,22.59653470649988,24.297145300121088,22.593552983164614 
 06/11  09:10:00,55.74100111124687,28.70343404295311,36.161125924966036,28.583845894217458,18.0,42.623779701973575,24.317880627191727,28.922856310468433,22.70442078815472,24.53041075361125,22.701591396723813 
 06/11  09:15:00,55.377508500394924,28.817470239431962,36.73934471736677,28.707206891325825,18.0,42.91222081320518,24.369731051479306,28.909202178945748,22.815468713538223,24.76218267177984,22.812842541856128 
 06/11  09:20:00,54.97784906050899,28.92172186767178,37.293088007635575,28.819977472229994,18.0,43.10447753703794,24.421273207917803,28.894548467053596,22.927157824620394,24.99123177285105,22.924797139682823 
 06/11  09:25:00,54.54862524579009,29.019298361591414,37.82718954718201,28.92533143628232,18.0,43.29544488894491,24.472517154183933,28.878482618646558,23.03942289026054,25.217571940974153,23.037381665574912 
 06/11  09:30:00,54.09408108074774,29.112265668113977,38.34444629087741,29.025401355333788,18.0,43.42753640589727,24.52350865739135,28.860514980014614,23.15223656875162,25.44102050700451,23.150562402341166 
 06/11  09:35:00,53.56269199468469,29.187863921389287,38.81448025835349,29.10748897449748,18.0,43.50829054796243,24.5741010215976,28.814138524053988,23.258871544074395,25.646266924993824,23.2576149628934 
 06/11  09:40:00,52.99764701386516,29.256715485258436,39.25921740198262,29.182275522292716,18.0,43.544012840787786,24.623090258332233,28.76553548790031,23.365681948074325,25.8473600372634,23.364871063256828 
 06/11  09:45:00,52.408157207422,29.321721598932807,39.68372920150996,29.2527178596318,18.0,43.58013193669955,24.67136060087913,28.714262963360397,23.472994356554864,26.044536090029737,23.47265034704958 
 06/11  09:50:00,51.79913936532481,29.384485888010975,40.09066591943699,29.3204691151972,18.0,43.57977420145824,24.718960907754184,28.659651617304064,23.580811979560337,26.237788554707947,23.580947658735738 
 06/11  09:55:00,51.17374026380398,29.44605425368241,40.48170156365451,29.38661924353838,18.0,43.580435055385905,24.765857105629895,28.600954798855696,23.689101928213745,26.42709188326654,23.689721523917342 
 06/11  10:00:00,50.5341159825711,29.50714490157129,40.85795765563436,29.451925612836447,18.0,43.56014980513434,24.812110465895714,28.537458788024082,23.79787838672172,26.612484198158597,23.798976621653992 
 06/11  10:05:00,49.97959254537135,29.590564159725353,41.27787984791955,29.538734716934744,18.0,43.819925446107945,24.857692038092797,28.448658682218706,23.851051149143018,26.76000816802889,23.852641639523483 
 06/11  10:10:00,49.43564616117837,29.680824787487563,41.70467423102767,29.631989050119355,18.0,44.112742999282645,24.896411574296206,28.34896370313527,23.900051233887723,26.90263174210304,23.902118353936203 
 06/11  10:15:00,48.88842587784351,29.774771887033047,42.131342409125246,29.728644357454137,18.0,44.40456330518058,24.937247833117656,28.23884522688155,23.94877409147682,27.042527691460123,23.95129923491163 
 06/11  10:20:00,48.33142376134986,29.871008837306356,42.55460226296762,29.827364210240937,18.0,44.7637643657603,24.977623974805827,28.11713142059375,23.9972732133308,27.179371324383055,24.000229923498182 
 06/11  10:25:00,47.760879371697115,29.968776742570576,42.972487247189775,29.927429405795515,18.0,45.121798683423876,25.017491889418217,27.98318303484774,24.045623087126046,27.31313199088777,24.048974691936394 
 06/11  10:30:00,47.1744875099297,30.06765495575803,43.38371862869573,30.028447364140117,18.0,45.51631812707667,25.05689206362638,27.835325317724482,24.09292687065522,27.44257127776109,24.096626448311554 
 06/11  10:35:00,46.547069308550576,30.156537258305217,43.763885198283546,30.119331914505533,18.0,45.87772889915264,25.093027144795716,27.661906149674223,24.133998963513363,27.55637224024713,24.13798632970861 
 06/11  10:40:00,45.89556157555767,30.242599484114443,44.128104404404354,30.207274621866798,18.0,46.25428263836184,25.12519292396981,27.47581136187182,24.174314409645774,27.666194782964567,24.17851955755674 
 06/11  10:45:00,45.22289286680898,30.327369393949297,44.47897713080908,30.293816451796584,18.0,46.62996711185581,25.15578179827121,27.27794929242458,24.214429630532265,27.772509073703475,24.218779078766147 
 06/11  10:50:00,44.53038552372487,30.411613615144123,44.81759652350173,30.3797346957035,18.0,47.00832371326565,25.18517644077042,27.06923341040215,24.25447706386899,27.8754098302353,24.25889600174378 
 06/11  10:55:00,43.81881646990733,30.49584208088165,45.14453006409804,30.465548126668153,18.0,47.385888318436436,25.213347574728775,26.850887560132037,24.29444527141561,27.974856071323302,24.298858440658137 
 06/11  11:00:00,43.08869458359919,30.580438044192203,45.46007526336116,30.551647454796406,18.0,47.76477960428239,25.24058748817432,26.624794133283615,24.33447449317117,28.070955248509676,24.338807638439164 
 06/11  11:05:00,42.31517339225002,30.654743365694138,45.731763657094746,30.627491892320467,18.0,47.99557363585648,25.266846870164997,26.415092004882638,24.402471979287157,28.177951901084953,24.40662595344287 
 06/11  11:10:00,41.51908422454342,30.726108097494258,45.98110340715489,30.700351442257798,18.0,48.19861056655644,25.298302092774065,26.205380812764588,24.471447644881607,28.28087376162273,24.475364999002352 
 06/11  11:15:00,40.70527096772164,30.796284771890523,46.2122503140928,30.771964741863076,18.0,48.39821283902865,25.324299265325955,25.998830649054355,24.54021894794056,28.379517307987214,24.543856048182363 
 06/11  11:20:00,39.87640420813469,30.866212667648462,46.42719475056235,30.843266629091296,18.0,48.550694460072854,25.34965888208176,25.800577762186492,24.609509427344165,28.474730628693237,24.612833381512758 
 06/11  11:25:00,39.03431842760934,30.93652323139473,46.627120691966134,30.91488749536963,18.0,48.70031154133106,25.374317150170263,25.61553721621027,24.67923842034827,28.566446715556992,24.682235918699007 
 06/11  11:30:00,38.180399534206025,31.007675724486205,46.8127783554712,30.987287222463372,18.0,48.81917333884011,25.39852031678387,25.449496239563302,24.749504477226367,28.65476795554548,24.752182407559815 
 06/11  11:35:00,37.291812629290035,31.065115510351696,46.92626618495507,31.045912104886135,18.0,48.853490529145965,25.422260669333905,25.29970825410004,24.81355388960162,28.711113618346474,24.81593606224567 
 06/11  11:40:00,36.39090341327694,31.119051686324095,47.00809774609142,31.10097297193419,18.0,48.852335225819196,25.44452168991894,25.183809992405372,24.87781890010484,28.763678111749414,24.879961928667967 
 06/11  11:45:00,35.483600702922956,31.171848888766206,47.0663686264149,31.154836915876423,18.0,48.84859815160568,25.466334772835285,25.109013992602968,24.94271759233868,28.8129235620479,24.944704856531246 
 06/11  11:50:00,34.57334081503421,31.224702314980153,47.10508474708006,31.208701487926778,18.0,48.80537316310773,25.487912257780163,25.082464092066175,25.008329431703714,28.85901139381781,25.01026818560831 
 06/11  11:55:00,34.04605472032304,31.278348478737968,47.126705003671674,31.634392473368013,18.0,48.75992380333294,25.509279913372435,25.135823048859038,25.074795548625957,28.90216672812977,25.132968164769636 
 06/11  12:00:00,33.7339387112646,31.333260130932615,47.13285029749667,32.263284766944246,18.0,48.68831013491234,25.532495132536294,25.202284494116498,25.14245195536489,28.942764869552775,25.309998196912602 
 06/11  12:05:00,33.54535380315106,31.4165484511557,47.181963737557815,33.01932258530727,18.0,48.8215477650414,25.556387973954884,25.24966981588659,25.192249252474085,28.971787314085134,25.509353262785112 
 06/11  12:10:00,33.42964577372329,31.5108155744729,47.2353618272085,33.84750424198307,18.0,48.970518155776986,25.564042482938625,25.300626606381968,25.245094645702636,29.00709175574582,25.75164912636876 
 06/11  12:15:00,33.363341752851184,31.612535373670497,47.28604950915052,34.72372374412311,18.0,49.1168640633678,25.58593812217671,25.35471082293907,25.30085308708965,29.05432322557465,26.016630425141273 
 06/11  12:20:00,33.332266606975665,31.72009458565767,47.330856001855025,35.633398945497035,18.0,49.30754179009747,25.608159384820738,25.409336577591205,25.357147871699738,29.08199297161741,26.302214665623637 
 06/11  12:25:00,33.32726246551135,31.832546159536847,47.3679839180211,36.566928073982346,18.0,49.49554978250761,25.631031686549463,25.464706832703087,25.414188414228647,29.11126514847956,26.60352322985534 
 06/11  12:30:00,33.34218437266474,31.949282470426446,47.39635275597266,37.51766609776301,18.0,49.70608252107836,25.654314508371996,25.520729038287016,25.47191303605007,29.13890839066721,26.915784632146426 
 06/11  12:35:00,33.38756759340175,32.08430775854851,47.203273151059655,38.36904063431997,18.0,49.59208269987175,25.67794252458885,25.584184089512405,25.536841991687425,29.062189084514557,27.189198154138012 
 06/11  12:40:00,33.63917874176209,32.41192990425105,47.01358701080076,39.27930548477151,18.0,49.43386449773704,25.700513899073982,25.737303836784065,25.686838588745786,29.01081083328586,27.499468364169502 
 06/11  12:45:00,33.77912968322053,32.62315765494541,46.73855925454667,40.05903265185432,18.0,49.27436213984621,25.730144746274355,25.802616361609694,25.75461378346705,28.927750989904666,27.732361560811 
 06/11  12:50:00,33.902305572902506,32.812694226946626,46.42516494955061,40.77017812276951,18.0,49.023637096108224,25.753578014548022,25.865844641886156,25.820143216522297,28.84088165409753,27.948234736904965 
 06/11  12:55:00,34.02084287373953,32.993629605402745,46.085482095862744,41.42017179700323,18.0,48.77267331832879,25.776654986753382,25.929137442363242,25.885851036374447,28.752294228726612,28.141845786194892 
 06/11  13:00:00,34.13870574996162,33.17066080059004,45.72643363729278,42.01084941416237,18.0,48.46575565420672,25.79929116689838,25.99254843804397,25.95180813596744,28.662362587810662,28.31178357381549 
 06/11  13:05:00,34.218340964536715,33.279916271032384,45.253044790251614,42.392374534768855,18.0,47.81965397802406,25.821415121648066,26.087756348466712,26.04181502234752,28.574993092801265,28.439229250378048 
 06/11  13:10:00,34.49300158911362,33.56727084970024,44.627091873611974,42.52308875722788,18.0,47.095620319501776,25.863971292491872,26.27661988336115,26.220388752340455,28.43214958625788,28.47333932391166 
 06/11  13:15:00,34.628307078918,33.70829607268292,44.07841920709429,42.65069008491722,18.0,46.38931827763322,25.89055634344878,26.365718917374693,26.303910849355873,28.352010998516334,28.540819305569812 
 06/11  13:20:00,34.73142852993328,33.81107038873692,43.542789523854616,42.71726024702479,18.0,45.587422722250956,25.91488449216181,26.4534456333879,26.38541367265509,28.27600156005053,28.588197635333472 
 06/11  13:25:00,34.81880755509134,33.893428592000184,43.0165902111686,42.72177309619329,18.0,44.80579125131197,25.93776610723136,26.540283067245696,26.4657905754255,28.20457570876306,28.61138291085001 
 06/11  13:30:00,35.12366418970466,34.18263194693236,42.39669480172314,42.42688621032418,18.0,43.99039873386525,25.960241407284617,26.73172436985101,26.64372255924991,28.090720590500382,28.523868678745885 
 06/11  13:35:00,35.24304939548122,34.28668808914171,42.049817331555936,42.5086474307196,18.0,43.53370186777361,25.983461697447968,26.804667357649805,26.71108181731455,28.11966161387909,28.65918662832803 
 06/11  13:40:00,35.31603973736166,34.34311999732287,41.78101170703318,42.67848290975213,18.0,43.12289245815211,26.006517750659064,26.876633929843365,26.77662972910889,28.152549675304897,28.794271379847146 
 06/11  13:45:00,35.36490169448781,34.37443508625003,41.55387389423059,42.890644241633154,18.0,42.717470142542695,26.02889484045081,26.947739820454387,26.841222716044967,28.18536471556439,28.92633368781685 
 06/11  13:50:00,35.398793127678715,34.389993990429346,41.35157275676462,43.12617834119295,18.0,42.40490339985932,26.050979947439398,27.018278578729166,26.90519217405034,28.21701003631,29.055425303805634 
 06/11  13:55:00,35.422884608149715,34.39512277114875,41.164233409270864,43.37462996799995,18.0,42.09586466305602,26.07268828970886,27.088239713446228,26.968543147547507,28.24699767750633,29.181752265933028 
 06/11  14:00:00,35.44033277993499,34.39310560629732,40.985671519549726,43.62982190796128,18.0,41.84046208705426,26.09411096251021,27.15766150333718,27.031317242613397,28.275178903424717,29.305627093671035 
 06/11  14:05:00,35.454532396670125,34.4126153124998,40.83655092329734,43.98684275582946,18.0,41.730340774488845,26.115153474309263,27.15865301553106,27.034967115302493,28.25336861067882,29.40076926196832 
 06/11  14:10:00,35.46548024630829,34.43658460277899,40.69562800527167,44.37870748893318,18.0,41.67305773575076,26.124844292857063,27.158992531942545,27.03797428280609,28.219347864100428,29.49584756637239 
 06/11  14:15:00,35.47368020998458,34.46199755503149,40.55705378976964,44.79176561782235,18.0,41.61328250846495,26.14267856572307,27.159700780221783,27.041367475080733,28.18247538576668,29.59227308172092 
 06/11  14:20:00,35.47950611228673,34.48761114019493,40.41753159111362,45.21955780950631,18.0,41.60786789016221,26.160395816388103,27.159648186680045,27.044129696250252,28.142689721761144,29.68916231468893 
 06/11  14:25:00,35.483209138249755,34.5127464995797,40.27487227751904,45.65831625603201,18.0,41.60032231729815,26.177903467814726,27.158965493699498,27.046319344306823,28.100263865434385,29.786775303958393 
 06/11  14:30:00,35.48495147044285,34.53699623558638,40.127524858136624,46.10571489714761,18.0,41.62206205767135,26.195202363054552,27.15777860838989,27.048034413250264,28.05527842648985,29.885313526535754 
 06/11  14:35:00,35.408033577985876,34.48605690840713,39.83383404409631,46.27389468899937,18.0,41.41648434747203,26.212176103470245,27.119859480147056,27.016323431414435,27.944909414933818,29.859169064428897 
 06/11  14:40:00,35.30288203067921,34.408787413021884,39.49280498867723,46.34776355333127,18.0,41.18803229526549,26.22269890333495,27.079592730679792,26.981381355663643,27.83303411025281,29.825043414453035 
 06/11  14:45:00,35.18018314867983,34.31523696932607,39.12502946369999,46.360968931060505,18.0,40.958983877266164,26.231672402795713,27.038423606603374,26.94534580411812,27.72178874806866,29.786045490613446 
 06/11  14:50:00,35.045026050650385,34.21004489749433,38.740417172564406,46.32855064939147,18.0,40.67560080406977,26.239492368541647,26.99641695885316,26.908360347059556,27.611560039911865,29.742460666548595 
 06/11  14:55:00,34.90043556177645,34.09590542482682,38.34493473808265,46.25901575905932,18.0,40.39151722068241,26.246084824868397,26.953490108908113,26.870356342703417,27.50252329393129,29.69422803678316 
 06/11  15:00:00,34.74832792580565,33.974489815980604,37.94245022774494,46.15750390767964,18.0,40.07608689588802,26.251607875486272,26.90973044819259,26.831414571478376,27.395017681856302,29.64138927937097 
 06/11  15:05:00,34.52239145926288,33.746238989947216,37.44949324785956,45.80089163200434,18.0,39.48316507557785,26.256279080918375,26.841869032190402,26.761357571807707,27.26130578999448,29.50446312097307 
 06/11  15:10:00,34.27122858848202,33.48376673330986,36.93170645677772,45.35449065132515,18.0,38.84059818920974,26.25975202496177,26.77328110444728,26.690598807075958,27.13089403957781,29.361958599481 
 06/11  15:15:00,34.00631042774602,33.20399205659542,36.40474413772965,44.85357140494501,18.0,38.216784160680554,26.26223190161281,26.7053035152926,26.621106261768432,27.00550681176935,29.21860163101985 
 06/11  15:20:00,33.73345621416692,32.915369159269645,35.876708743605796,44.315874436724,18.0,37.53419187783394,26.263943193193626,26.63816334675903,26.55318144470391,26.885508347261407,29.075183426233593 
 06/11  15:25:00,33.45624243851745,32.62302282528997,35.3526602988393,43.752348200232255,18.0,36.871373114638125,26.264839523980914,26.571807852720667,26.486771489269472,26.77092700935202,28.931793484428454 
 06/11  15:30:00,33.17698659604183,32.33022033777548,34.83594273955829,43.170213694730855,18.0,36.19830231320814,26.265048523353013,26.50626264898125,26.42187927143243,26.661845128675225,28.788517480435246 
 06/11  15:35:00,32.92909836572876,32.06920615141193,34.38073750286775,42.872980966873456,18.0,35.69177115241006,26.264526368359736,26.456025235463926,26.37144637856477,26.576461693580768,28.77622717467716 
 06/11  15:40:00,32.69147384824436,31.819739171781027,33.94450685692152,42.65825762588899,18.0,35.21508315126998,26.26685431614619,26.407258304551306,26.323080727144315,26.494785155069906,28.76362971023252 
 06/11  15:45:00,32.45987821825562,31.577974595747136,33.51770877887048,42.48757311844039,18.0,34.74748223982062,26.269570482516038,26.35878942288076,26.275565237970852,26.416236006460053,28.7501373818111 
 06/11  15:50:00,32.232397997993324,31.34225632564323,33.09570882646875,42.343464644458344,18.0,34.32884159244615,26.27229040262078,26.310544778999144,26.228806505320563,26.341516084781006,28.735971018705072 
 06/11  15:55:00,32.00793298926191,31.11165731054435,32.67574765121005,42.21594720513126,18.0,33.91771403580739,26.274916512823182,26.262492555492372,26.182771530592845,26.271474547026287,28.721230590863172 
 06/11  16:00:00,31.78580324763806,30.918624402282536,32.29161410973228,42.09891080058895,18.0,33.5386355782093,26.27742445162609,26.214655477688837,26.142757387574648,26.21252713819456,28.7059457764434 
 06/11  16:05:00,31.59518903003598,30.852508875722226,32.013514497771794,42.200044914391334,18.0,33.318204350881096,26.280117591521794,26.145698424241914,26.095958521823093,26.14329354034544,28.717339160679558 
 06/11  16:10:00,31.413155520515186,30.831500129995053,31.77100411892747,42.368251982991794,18.0,33.13415310492118,26.29137658213194,26.07237169962309,26.050074777297596,26.070080748603004,28.737185187304476 
 06/11  16:15:00,31.23438865738987,30.838244600485886,31.547574740645654,42.57426080387656,18.0,32.944245198391044,26.295544701491444,25.99667194755051,26.007152548390877,25.99461711441228,28.757929759627018 
 06/11  16:20:00,31.071150458787546,30.917263095820168,31.350007171815907,43.421334844523216,18.0,32.794164296118986,26.29954169949994,25.927409844337546,25.99626442845988,25.925697352938528,29.040667983797334 
 06/11  16:25:00,30.8999750934704,30.987758568073016,31.15158837798702,43.85579199955756,18.0,32.638776304327415,26.31117916118852,25.852968037889184,25.97334247316394,25.851708829372512,29.06632892904338 
 06/11  16:30:00,30.725389292860847,31.06744834838536,30.954797764798492,44.22091214218954,18.0,32.499178301659,26.315808184007835,25.77570789456115,25.950278134372297,25.775007239340766,29.090185733916087 
 06/11  16:35:00,30.544256580853,31.1153170330619,30.755151055669224,44.18799675799147,18.0,32.24582402250545,26.320094539688927,25.695722012106216,25.92162689736449,25.695541223406735,28.961528085048315 
 06/11  16:40:00,30.359830508593056,31.14925898948629,30.554988594855683,44.020873601447875,18.0,31.98275367269197,26.321168071566035,25.61420729683647,25.882330735890946,25.61456576599835,28.822679970082447 
 06/11  16:45:00,30.14261363214508,31.062082637674433,30.324188357468913,43.14601421924814,18.0,31.719649170345694,26.320436467342084,25.517268982907922,25.80126181572848,25.51818082006588,28.40047889187838 
 06/11  16:50:00,29.939808834231982,31.025018944923914,30.109494052665084,42.64591395809325,18.0,31.432278264018226,26.30957467839412,25.43061267496938,25.759149113346894,25.432067729410562,28.250583354669743 
 06/11  16:55:00,29.738237113867168,30.987532103870098,29.89738586174163,42.183950155142966,18.0,31.144420395924016,26.305806606344344,25.345521139711195,25.7174504685089,25.347505733496064,28.094174151445145 
 06/11  17:00:00,29.536179225434665,30.9424249629272,29.685900858438004,41.72314578456884,18.0,30.843007015174024,26.3012767953127,25.25981214306921,25.672614362568368,25.262289242053612,27.932773467554 
 06/11  17:05:00,29.326314016387695,30.869632713067514,29.46727238113264,41.205523498036655,18.0,30.51488861856971,26.296145635412124,25.1599591146869,25.608688802070674,25.1628707086403,27.737318068551645 
 06/11  17:10:00,29.11306335008703,30.778574681262672,29.245971979760956,40.65990282021445,18.0,30.175430902607896,26.24496114171596,25.067570702105854,25.547144503110246,25.07083070189708,27.552179187399588 
 06/11  17:15:00,28.89733272746994,30.670333000372374,29.02283380501935,40.0905403274851,18.0,29.837356997083283,26.231170444803265,24.981923638058277,25.48717391693583,24.985485591880206,27.365779419311934 
 06/11  17:20:00,28.67953774308361,30.54499648641269,28.79820239481377,39.49934538460473,18.0,29.48901227360134,26.217577906494945,24.89567481425439,25.421636322143684,24.89944049023893,27.175196616668472 
 06/11  17:25:00,28.459919006280536,30.402353754732633,28.57225604030518,38.88757429980042,18.0,29.14203406279647,26.204492542643045,24.809163490807236,25.350519807202318,24.81303596370043,26.981113029410608 
 06/11  17:30:00,28.238622030471255,30.242046156331842,28.345086585295622,38.25615594886113,18.0,28.790492515402203,26.19152101897297,24.722328180232182,25.273523417833076,24.726203067868767,26.78361327882766 
 06/11  17:35:00,28.007207337095114,30.08842129284403,28.108210706041387,37.71814261257958,18.0,28.452798271764404,26.17855020847396,24.631472237240928,25.20295180143478,24.63559258612122,26.631774208427373 
 06/11  17:40:00,27.770440349578944,29.92735735323689,27.866355362470575,37.19755779678155,18.0,28.11312670843435,26.166078447633488,24.540239364029276,25.128658852017793,24.544554037225907,26.477371382923025 
 06/11  17:45:00,27.529278439630765,29.755578845577215,27.620442801168462,36.67889640585375,18.0,27.771879873600376,26.153501765612262,24.44829011231502,25.04995218491581,24.45274016810515,26.31931028475185 
 06/11  17:50:00,27.28412444486081,29.571170942488855,27.370845538337544,36.15463382469798,18.0,27.430195577346034,26.140723200539668,24.355718730507817,24.966573425448473,24.360204634235345,26.157291128414613 
 06/11  17:55:00,27.038752173254643,29.369412603134812,27.121310110325936,35.60341604425386,18.0,27.08691690189231,26.127677799613874,24.264308813552816,24.876765929300177,24.268779106409056,25.98331527745404 
 06/11  18:00:00,26.787545425944387,29.153237125776048,26.86619751825749,35.047444212599075,18.0,26.741206532316568,26.11418432647507,24.170531976325606,24.782793847877258,24.174916601445375,25.811441684403917 
 06/11  18:05:00,26.507465893722628,28.880208005902535,26.58222502459392,34.413145071823706,18.0,26.356090793568097,26.10038572449258,23.99450090036737,24.60084683954517,23.998713711464973,25.546440369528227 
 06/11  18:10:00,26.21541536783066,28.57594285430167,26.286440163113298,33.7428944266914,18.0,25.964536569931067,25.961273162490077,23.84447517917556,24.43775925035311,23.848399019854185,25.300760468767862 
 06/11  18:15:00,25.915450695623154,28.245203669987593,25.982918587403216,33.04432298171304,18.0,25.575972913468505,25.92665229212406,23.71481961099755,24.288906986408506,23.71848087360644,25.069786786377676 
 06/11  18:20:00,25.609575922319987,27.88942384908589,25.673666127700358,32.31998906026836,18.0,25.178906559712956,25.892716405844833,23.58345108409094,24.133196100967552,23.586756524522343,24.833031283801347 
 06/11  18:25:00,25.298974595232494,27.50856143177599,25.359862417630772,31.570306059824315,18.0,24.785060205280644,25.8611910134358,23.451981382266354,23.97171374733091,23.454876193479038,24.59135546116852 
 06/11  18:30:00,24.984344000774055,27.101544858644157,25.042198220527293,30.794269759939013,18.0,24.39003987904011,25.830744126383202,23.320109424835607,23.803681051068395,23.32254258048522,24.343732134621632 
 06/11  18:35:00,24.710127113236528,26.78954729701609,24.765101099123278,30.208117662764177,18.0,24.058020754352523,25.801146380788666,23.210307871327245,23.688485095163742,23.212321565191814,24.1930049736805 
 06/11  18:40:00,24.408923440701464,26.279381011651385,24.477935902947177,29.345526839305297,18.0,23.73997200887695,25.775463062119552,23.109034043784504,23.464000479924152,23.09009052032809,23.83225118149977 
 06/11  18:45:00,24.1467365836688,25.929405482564185,24.215845068675236,28.745691808416833,18.0,23.425251838037955,25.740891552189495,23.00028351071154,23.345382965133354,22.978962950184666,23.68651497816552 
 06/11  18:50:00,23.897742258659036,25.626590349457995,23.96349275345989,28.232962345211234,18.0,23.13701980583816,25.713350895778905,22.892911267525733,23.23197608598889,22.870182276519472,23.549816613482278 
 06/11  18:55:00,23.656524192513064,25.294589018569745,23.71721173171728,27.6646760428313,18.0,22.84785011060496,25.6861635613504,22.78560117313191,23.09279600976828,22.761538028668156,23.363078908648617 
 06/11  19:00:00,23.42060027182595,24.953034858296927,23.47520594755742,27.088131936764906,18.0,22.57368839780527,25.657459171667053,22.680087441812418,22.950386765264284,22.652327332910318,23.17454585722487 
 06/11  19:05:00,23.11278540634196,24.53054529884726,23.16296720754539,26.439119475232538,18.0,22.209147207774304,25.62864879592137,22.432146719760112,22.66730804816359,22.40312403120913,22.85113032544325 
 06/11  19:10:00,22.77951977309566,24.067768517385552,22.825296972088534,25.755503098692625,18.0,21.836120506638277,25.590124878401042,22.172228760934672,22.360629169500612,22.14406313537586,22.504952014513265 
 06/11  19:15:00,22.431397237393327,23.56774983687292,22.47271075088577,25.037049291468026,18.0,21.463500646622837,25.554025273615053,21.89977586056375,22.064622207638763,21.875174946397294,22.167807632805875 
 06/11  19:20:00,22.07389251637218,23.023817329470827,22.11076244645498,24.272067968107034,18.0,21.068881044031812,25.51718132832045,21.64509825397556,21.73800967165255,21.622953640482137,21.79531177960513 
 06/11  19:25:00,21.611431097480242,22.233272339013453,21.642434158308237,23.197536426810103,18.0,20.5593420792394,25.479281816215988,21.30921898509399,21.308819964912118,21.29200246759717,21.28987960390515 
 06/11  19:30:00,21.25505654444061,21.727488908278914,21.28151522886197,22.53822310179368,18.0,20.19164827512741,25.43295789411757,21.08614697746259,21.0865221226411,21.07117747756763,21.069973139134333 
 06/11  19:35:00,20.927711405579036,21.30288168547989,20.950824186780437,22.00385462265555,18.0,19.822801636406346,25.39800640654582,20.859898527180917,20.860310577487212,20.847413174446444,20.846094585060598 
 06/11  19:40:00,20.615924440893977,20.922104318959597,20.636442127758276,21.539444391806587,18.0,19.479626181580254,25.363860445980222,20.63349952063095,20.633948842712186,20.623358809741376,20.621971761189116 
 06/11  19:45:00,20.313881011590336,20.566909486684047,20.33725458828549,21.12080350028699,18.0,19.135423340265273,25.330563161571337,20.407978253950432,20.400636742662527,20.40779748044656,20.3985447568773 
 06/11  19:50:00,20.01826939323999,20.231736037543598,20.04167881302104,20.73368385594492,18.0,18.804208374899392,25.29784673435692,20.183418729663572,20.177463646800504,20.183864530906703,20.1758752076812 
 06/11  19:55:00,19.72702280446921,19.91017933596633,19.7499438657683,20.368977956449584,18.0,18.472104677485575,25.26563457848933,19.959853268263032,19.955516945028478,19.960460811522125,19.953986295527898 
 06/11  20:00:00,19.43879472313913,19.59816230040193,19.46102741790736,20.020620182958822,18.0,18.146951862079344,25.233772895781346,19.737203444514023,19.73434780182174,19.737891636976713,19.73280019354803 
 06/11  20:05:00,19.153733921014744,19.295446601959195,19.175261603754056,19.687499688316144,18.0,17.833750449513442,25.202219923064902,19.49418013473064,19.493180502713358,19.494950754612887,19.491577457101982 
 06/11  20:10:00,18.871285789179648,18.999282911789614,18.892097636662317,19.365201753206406,18.0,17.527796702165624,25.107746951807492,19.261999563682593,19.262257980556683,19.262811001571094,19.260648683529666 
 06/11  20:15:00,18.591181955410914,18.708344613069873,18.611286724416097,19.05138000467256,18.0,17.222097689053378,25.051260692378637,19.042568592642112,19.04331483166186,19.043466849557092,19.04165326861164 
 06/11  20:20:00,18.3132726042618,18.421413399539645,18.33269410524081,18.744433634099682,18.0,16.92417986942197,24.997010433325695,18.826945736174764,18.827247264256698,18.827920333142174,18.82554352944885 
 06/11  20:25:00,18.03749757323628,18.13809991813988,18.05629492689267,18.443217245685414,18.0,16.626733183458448,24.94569995757181,18.615442407592468,18.614353227008678,18.61649432559375,18.612605667899288 
 06/11  20:30:00,17.76383964813965,17.857917371502285,17.78196907716806,18.146896944728713,18.0,16.335154557315807,24.89661322938383,18.40790370338425,18.404467149143443,18.409033080387758,18.40267486770614 
 06/11  20:35:00,17.49228115599687,17.580529714790913,17.509819347402097,17.854859985217164,18.0,16.044230472765257,24.8493503997113,18.20428082255637,18.197543823864976,18.205487874421692,18.19570575302953 
 06/11  20:40:00,17.222905905365632,17.30570366401053,17.239864242229263,17.566655005886844,18.0,15.758300801846008,24.80347147937705,18.004473671946243,17.993503483890663,18.005758050894087,17.991619014150956 
 06/11  20:45:00,16.955733077222483,17.033282270778173,16.972130199730376,17.28195158631819,18.0,15.473204292974179,24.758807887601787,17.808520805004605,17.792424285434436,17.809882519128564,17.7904923505414 
 06/11  20:50:00,16.69080925891497,16.76316801261009,16.706665985161706,17.000512388233137,18.0,15.192812349528818,24.715059955103236,17.616350265388235,17.594300315860607,17.617788711960884,17.592320331997257 
 06/11  20:55:00,16.42819863414187,16.49531131579703,16.443536118062735,16.72217366907596,18.0,14.913443746930406,24.672160239768335,17.428001702226652,17.399268159720634,17.429516603164302,17.39723909565953 
 06/11  21:00:00,16.167977240492068,16.229702641870485,16.182816115516662,16.44683148628827,18.0,14.638891879486332,24.62990348260379,17.24338567099778,17.207377794628883,17.244976148723424,17.20529906281331 
 06/11  21:05:00,15.96987133527082,16.030626916934892,15.984308762335601,16.239455359093338,18.0,14.39266384722405,24.588265069440308,17.190750961033075,17.151073424554568,17.192423857459175,17.148935244165386 
 06/11  21:10:00,15.796330794629062,15.858092250428959,15.810379410803337,16.059525753318916,18.0,14.150687385878781,24.544973885011,17.19486531493169,17.151017620429855,17.19656869745205,17.148875751716787 
 06/11  21:15:00,15.638645819985861,15.702186695571818,15.652237419679055,15.896590276040982,18.0,13.90220162891884,24.611839845240073,17.21862374160105,17.170461853042582,17.220415202243316,17.1682516981179 
 06/11  21:20:00,15.491797638959824,15.557844778374426,15.504953332725702,15.745053871153171,18.0,13.657338270894098,24.672133741687325,17.23074522559523,17.179134153942528,17.23257024443592,17.176904177063875 
 06/11  21:25:00,15.352559373097193,15.410753716765141,15.376989251915541,15.601830506407255,18.0,13.406101464731572,24.721561541806736,17.235132504406465,17.235398736005777,17.183101493756112,17.179080740071868 
 06/11  21:30:00,15.218778897789784,15.273128263798554,15.249855669749609,15.46446592110955,18.0,13.14947278598358,24.761340028017372,17.164704346280132,17.16621652391882,17.112255253283934,17.109543591520776 
 06/11  21:35:00,15.089042552951799,15.140354507745197,15.125353369121902,15.331083773545734,18.0,12.887178448396387,24.69549966317909,17.077339612524725,17.079102206572884,17.029824421925014,17.027392389607257 
 06/11  21:40:00,14.962508393074916,15.011161039084897,15.002564815751748,15.200242969515662,18.0,12.614512276791851,24.619727779551926,17.00038875204268,17.00220658436166,16.958550806084475,16.95613217008139 
 06/11  21:45:00,14.838830353076883,14.885057180795041,14.880563481742717,15.070808141797775,18.0,12.339347198541544,24.54907681357544,16.92896319035117,16.930829912190802,16.895367409161736,16.892921741044972 
 06/11  21:50:00,14.718133459586559,14.762086596081941,14.758642201239839,14.941911549163887,18.0,12.056314267332974,24.48588177543229,16.86510817480871,16.86702521536006,16.83863195398351,16.836145970503424 
 06/11  21:55:00,14.601013036343485,14.642793026115642,14.63650876827041,14.813085884853072,18.0,11.781053861046539,24.427743669252834,16.793561249684444,16.795530087239058,16.785239813566818,16.782714462258355 
 06/11  22:00:00,14.488623136235729,14.528294220475905,14.515568184861618,14.685440112375282,18.0,11.51892723103976,24.37433783277959,16.72946555618455,16.73147993602339,16.73104543806204,16.72848505766683 
 06/11  22:05:00,14.374905521840539,14.412542594996282,14.404205981552982,14.566104009254468,18.0,11.296591561490184,24.324574857635895,16.60126378244604,16.603318404763172,16.589849853202907,16.587301560925198 
 06/11  22:10:00,14.264110469268259,14.299755324133828,14.299361265530543,14.452755965315044,18.0,11.115954511150145,24.222256442727282,16.48104127552449,16.48310734116029,16.457991718966355,16.455474472659148 
 06/11  22:15:00,14.156827722187048,14.190519720842497,14.198889123275533,14.343622777040546,18.0,10.948905220390737,24.14609460694402,16.369081287373433,16.371194843789908,16.33748081604574,16.33495920715751 
 06/11  22:20:00,14.053032201028971,14.084814043966048,14.101513865632844,14.237653289341091,18.0,10.833441062275789,24.07539863516162,16.25834517067716,16.260492149865968,16.225160963647795,16.222642497108495 
 06/11  22:25:00,13.952458584740931,13.982379386080813,14.006349524762818,14.13410811627616,18.0,10.722830979068377,24.009530329658094,16.148858152061962,16.151034253183752,16.11187823868255,16.109365957080968 
 06/11  22:30:00,13.85473743261801,13.882853868998403,13.912751975988384,14.032437327977572,18.0,10.65693124758208,23.94739499294843,16.093850737671687,16.096036156180617,16.04962298729714,16.047135243480284 
 06/11  22:35:00,13.759466868017194,13.809226811375215,13.797021982540157,13.932221724956927,18.0,10.59173846966993,23.98926520060267,16.046310851603096,16.001288057075044,16.0472648563333,15.997359211069409 
 06/11  22:40:00,13.666251766899466,13.724079097616164,13.695489806756015,13.83313720625133,18.0,10.560488274203802,24.01846931582088,15.98385645901601,15.936830828527434,15.985923201033472,15.934115296704135 
 06/11  22:45:00,13.574724859095602,13.636632538319212,13.598449389095657,13.73493150372703,18.0,10.5278437480261,24.04001011913335,15.913038906425982,15.866268196541682,15.91530082054885,15.86380171237738 
 06/11  22:50:00,13.484557747424398,13.548082629078039,13.504217850042927,13.637408760203758,18.0,10.518370441579473,24.05422788216993,15.835445074586858,15.790180425119956,15.837728734071106,15.787765458080742 
 06/11  22:55:00,13.39546574764541,13.458793686350177,13.412017371774668,13.540418816612616,18.0,10.506430203255995,24.063222481425377,15.753231031631344,15.71034346071599,15.755511970368616,15.707947033163578 
 06/11  23:00:00,13.307208285484048,13.368952017142943,13.32132620716745,13.443848790538622,18.0,10.508424520609644,24.06763866939695,15.667280796172406,15.627458545166519,15.669554275402106,15.625075344994684 
 06/11  23:05:00,13.248926176780671,13.310987879051133,13.261182325517721,13.38029598098418,18.0,10.494887652376768,24.068766463099177,15.67113225866035,15.630730175562064,15.6734353118444,15.628327166258373 
 06/11  23:10:00,13.203830666179748,13.266548825745888,13.214610424138415,13.331003561999964,18.0,10.488103060271472,24.058237925101828,15.676128751874217,15.635512023653519,15.678419267291815,15.633125045176541 
 06/11  23:15:00,13.16763975275258,13.231088464449524,13.177225641267617,13.291249838288392,18.0,10.481314236856438,24.053034204060513,15.68137945542776,15.640588939469808,15.683675729424692,15.63820159143188 
 06/11  23:20:00,13.138060226758382,13.20222291951238,13.146665124857469,13.258537272992642,18.0,10.476342814095489,24.0447835094115,15.685815735624601,15.644914167362344,15.688114275558405,15.642528925584998 
 06/11  23:25:00,13.113576792151319,13.178397762893262,13.121364086455856,13.231230408495868,18.0,10.471370359758962,24.035287405217975,15.68987684416345,15.648870036842595,15.692179692087166,15.646484867977392 
 06/11  23:30:00,13.093125355437667,13.15853314288474,13.100222442118593,13.187973626760998,18.0,10.46844018126157,24.024779978458746,15.693566682732467,15.652467283637975,15.695873767119906,15.693200489587412 
 06/11  23:35:00,13.097888996924901,13.141852238430166,13.082440759870467,13.159447487891548,18.0,10.465509053420178,24.013408609353874,15.656576692579335,15.655743187366511,15.69923750873346,15.696445294685986 
 06/11  23:40:00,13.092820368900627,13.12778098940837,13.067423095423267,13.136591919401049,18.0,10.46454129789668,24.001096319882787,15.657759841185793,15.658595594229723,15.702161720778463,15.699578443222492 
 06/11  23:45:00,13.086866067237745,13.115885346301532,13.054715483223617,13.117631544385597,18.0,10.4635727980678,23.988116668420794,15.659536509331701,15.661223044341341,15.704860603342922,15.702343374088741 
 06/11  23:50:00,13.081153291957518,13.105830406868213,13.043965455643768,13.101703963582727,18.0,10.464413133808437,23.974533347745457,15.6616048198523,15.663622721526394,15.707324710313287,15.704836840375833 
 06/11  23:55:00,13.075977765979667,13.09735301196829,13.034894624490109,13.088235221279696,18.0,10.465252918436864,23.960374200388582,15.663647487066157,15.665799501475021,15.709559637746565,15.70708535746769 
 06/11  24:00:00,13.071448507401263,13.090242923659913,13.027279671856451,13.076810007605848,18.0,10.467730801939206,23.945733735503673,15.665600104646785,15.66780785704293,15.711622956040173,15.709155932660963 
 06/12  00:05:00,13.072612859046874,13.089437642051669,13.023246497086342,13.069730509872402,18.0,10.419815010617958,23.930642648466954,15.697033627099017,15.699290394883747,15.752371582523779,15.749875619047316 
 06/12  00:10:00,13.07580205347189,13.091061350385818,13.020735654764387,13.064624261074083,18.0,10.357604641107995,23.897410973718724,15.740658794910246,15.74293584037548,15.794074244531032,15.7915689257037 
 06/12  00:15:00,13.079935457309304,13.09392298453573,13.019134910488665,13.060754040585417,18.0,10.292283420235535,23.873656390627982,15.783557059324153,15.785865355501755,15.83853004550383,15.836000076402229 
 06/12  00:20:00,13.084357948420708,13.097293694308256,13.018149762363018,13.057744984959582,18.0,10.200344294363049,23.85032670581468,15.826637263720954,15.82897068553035,15.88298674146489,15.88043559405537 
 06/12  00:25:00,13.08858299859899,13.100635067616853,13.017671675037585,13.05543081143341,18.0,10.105116424589534,23.827498408027243,15.87049397356816,15.87285284889424,15.927284406622107,15.924713000645227 
 06/12  00:30:00,13.09222305945421,13.071692352944106,13.050388921096234,13.053820203154501,18.0,9.98630772291429,23.80513579488508,15.915181371547988,15.969654463950747,15.916101277382381,15.96853544835767 
 06/12  00:35:00,13.094961497779817,13.06077975642895,13.064381247323515,13.053095105752083,18.0,9.865340092706566,23.783223410666068,15.960701348032046,16.01388262385649,15.963262317411534,16.011548632995073 
 06/12  00:40:00,13.096549736802809,13.055085849546886,13.07308876085336,13.053626230692377,18.0,9.724655369878835,23.761713647161923,16.007014660779305,16.055840666712925,16.009492821136178,16.053279378954244 
 06/12  00:45:00,13.096835946115196,13.053249244902169,13.078407396058017,13.055998635505988,18.0,9.586264354234409,23.740594916114375,16.054065857174294,16.09576108265594,16.056558113702636,16.093158357445077 
 06/12  00:50:00,13.095858512532725,13.055384997125858,13.081131091013155,13.061041535735269,18.0,9.439166397509984,23.719798376056442,16.10160614753977,16.133026420162423,16.10412261686406,16.130412098323063 
 06/12  00:55:00,13.094132814645006,13.062203256820977,13.082200708217284,13.069866626867507,18.0,9.30614408592294,23.699339826428258,16.148939662300336,16.16673570189994,16.15147965483186,16.164117882478877 
 06/12  01:00:00,13.094315974947142,13.075023980096075,13.084546482770188,13.084047490766986,18.0,9.193899741268504,23.679135622528307,16.192455131505426,16.195477844006064,16.19501125169404,16.192862717585513 
 06/12  01:05:00,13.047699718107808,13.022859665743436,13.039676290912556,13.032781740911615,18.0,9.046374940620309,23.65959016735908,16.03063637964442,16.05075275791853,16.03314782384234,16.04815709357274 
 06/12  01:10:00,12.983027480217377,12.947562236569311,12.976419881593428,12.95802169564548,18.0,8.941136191254499,23.637348598081612,15.86779592801463,15.90193397710624,15.870315561365203,15.899316097510791 
 06/12  01:15:00,12.90488891834695,12.858473941099293,12.8994336799583,12.869192481181342,18.0,8.856126484225355,23.614762618178677,15.711702906871892,15.748240052034589,15.714223093617193,15.745612598378784 
 06/12  01:20:00,12.815803396636351,12.760018744138439,12.811289513279611,12.770781662311842,18.0,8.801914607653506,23.591478987556716,15.549611799860827,15.591353058867412,15.552130374521596,15.588721412797554 
 06/12  01:25:00,12.717617921825603,12.65477908276286,12.713875487460484,12.665421994587899,18.0,8.752082648097657,23.567547517010237,15.388394857195635,15.438884923565695,15.390911094022727,15.436252024076111 
 06/12  01:30:00,12.611784181028662,12.544367271911192,12.60867582194312,12.554766390622081,18.0,8.730062079588166,23.543045202119373,15.228331793839743,15.278716485060727,15.23084489007124,15.27608618163822 
 06/12  01:35:00,12.499479788606912,12.42984148141295,12.49689408977332,12.43990597514906,18.0,8.70620262020061,23.517996889255347,15.06935823870532,15.11767005091167,15.071867992817715,15.115045059220563 
 06/12  01:40:00,12.38167699107555,12.311930962565514,12.379523362689588,12.321596676208827,18.0,8.699712356628627,23.492475062309524,14.91138398715293,14.95646036146843,14.91389055881848,14.953843267788159 
 06/12  01:45:00,12.259186690481776,12.218304800386901,12.230859465657213,12.200387173693672,18.0,8.689111217550817,23.46650216397664,14.754293346911822,14.758413205518536,14.79395048325216,14.792768855250301 
 06/12  01:50:00,12.132689357009129,12.103607996507378,12.096184778588592,12.076693240339752,18.0,8.685669919731668,23.440123428859884,14.597999582236412,14.600800793685494,14.63431944749118,14.63199367459265 
 06/12  01:55:00,12.002758239000963,11.981220851105386,11.963459427815176,11.950842080531416,18.0,8.677461502697888,23.413355252384267,14.442412630631225,14.444946756036302,14.474161610248018,14.471607145278085 
 06/12  02:00:00,11.869877587499543,11.853641638149545,11.831013042687458,11.823099462378929,18.0,8.668636241029924,23.386234047940075,14.287467763311383,14.28995952576156,14.314251390345362,14.311672881458435 
 06/12  02:05:00,11.81784121570855,11.805366069246109,11.775755320264054,11.771091568047314,18.0,8.672400598029695,23.358769180597253,14.332201723705907,14.334726772255749,14.359584342331459,14.356958409989943 
 06/12  02:10:00,11.798176608009708,11.788460272047072,11.752201693119417,11.74983945904655,18.0,8.678522084658152,23.333453013117058,14.386115332354962,14.388626730645228,14.41355821645891,14.410945226759623 
 06/12  02:15:00,11.799053486451452,11.791401764311289,11.748981887166398,11.748266490125934,18.0,8.684057096684562,23.308888032130252,14.441664983564465,14.44417075144662,14.46906114193439,14.466454188313492 
 06/12  02:20:00,11.81437370151264,11.808291913964789,11.760150441485294,11.760618265068594,18.0,8.694066898760111,23.285047965508117,14.497644706093809,14.500145802295606,14.524918619327252,14.522316914071666 
 06/12  02:25:00,11.813465206753309,11.83536107844959,11.78187196612129,11.810321672265328,18.0,8.703514971737562,23.261923813157548,14.577355502291141,14.556333551396051,14.580920039994794,14.55000659894381 
 06/12  02:30:00,11.834484932795599,11.870043316227259,11.811519361275055,11.853342690947718,18.0,8.715593134019775,23.239424518588972,14.634212647355525,14.612631443330656,14.63696297257701,14.60954553531451 
 06/12  02:35:00,11.864795747353456,11.910532661507006,11.84723452891777,11.898902885766761,18.0,8.727125899691293,23.21750126931645,14.690409918543196,14.668994852317212,14.69300239405419,14.666394507648363 
 06/12  02:40:00,11.901446698603982,11.955526144704978,11.887671664306382,11.947343608118072,18.0,8.740081950312598,23.19650157540096,14.746534852854893,14.725484729067148,14.74910137236759,14.722964929237264 
 06/12  02:45:00,11.942853253658653,12.004064337904737,11.931836863332883,11.9983089837037,18.0,8.75250147607099,23.17568594735916,14.802496682405263,14.781903408885455,14.80505710692455,14.779400864987338 
 06/12  02:50:00,11.987938474498486,12.055428273608875,11.978983817134885,12.051416214323341,18.0,8.765488048417156,23.15531057692581,14.858342476466419,14.83828078341179,14.860900217394374,14.835785319295496 
 06/12  02:55:00,12.035925919533165,12.109070745648799,12.028543930181097,12.106328199023022,18.0,8.777942156016977,23.13536111864445,14.914067178132427,14.894609369643717,14.91662304393924,14.892119161454104 
 06/12  03:00:00,12.086239550445006,12.164569388608967,12.080078365291728,12.162760394158202,18.0,8.790331905690596,23.115766860413594,14.969622426755222,14.950841582134728,14.972176580789323,14.94835634292906 
 06/12  03:05:00,12.07882298723472,12.157462866834566,12.073640426146726,12.156347380379389,18.0,8.796434311811751,23.096554460577725,14.879863685518217,14.861365246869354,14.882381267716141,14.858912534767853 
 06/12  03:10:00,12.047462228369646,12.094289356810735,12.074007395569751,12.123963251512043,18.0,8.799250686897539,23.075522907912642,14.78307887624112,14.784749552409039,14.765616131941783,14.762231218486818 
 06/12  03:15:00,12.000382767338813,12.034508384987163,12.03774953103408,12.07464919161923,18.0,8.800247842434208,23.05424013281204,14.684600762482091,14.686966721716033,14.666569624712452,14.663934399435107 
 06/12  03:20:00,11.941891641835655,11.967951370996133,11.984528221331459,12.013136198897412,18.0,8.795751227952117,23.03240837728567,14.585125891668213,14.587622193475681,14.567288410330889,14.56478906632185 
 06/12  03:25:00,11.87479419245793,11.895185005184434,11.919729901461551,11.942496217524457,18.0,8.789524595607178,23.01007814165453,14.48484846739268,14.48736565892608,14.467478340941398,14.464996859191956 
 06/12  03:30:00,11.801033195991568,11.81729561134252,11.846357923779534,11.864849473376706,18.0,8.777506168207008,22.987293229940835,14.38384906991854,14.386370266364395,14.367118426172738,14.36463619796109 
 06/12  03:35:00,11.721998251014313,11.735184486352065,11.766424710234153,11.781707527847578,18.0,8.763856140097815,22.964088676284483,14.282179508915647,14.284702065495253,14.266241540347437,14.26375546862647 
 06/12  03:40:00,11.63870712599019,11.649558938436437,11.681350628009492,11.694174104270768,18.0,8.744308979066579,22.940508757075666,14.179888628775643,14.182412169632528,14.16489050290636,14.162399929758521 
 06/12  03:45:00,11.551919804530193,11.560972193745249,11.592167252591008,11.603071073951448,18.0,8.723234487539369,22.916576629800183,14.077008143451053,14.079532607709382,14.063093369452304,14.060598093872159 
 06/12  03:50:00,11.462213266968048,11.469859280826073,11.499640188077844,11.50902081648536,18.0,8.696326025400662,22.89232949583076,13.973575017816074,13.976100457772759,13.96088381690106,13.958383679632561 
 06/12  03:55:00,11.370032055799951,11.376564985147475,11.40434800593328,11.41250172375254,18.0,8.667995585624741,22.86778328981528,13.869611350494324,13.872137806043952,13.858280953009228,13.855775860164329 
 06/12  04:00:00,11.275723306798097,11.281364997771977,11.306734889918667,11.313886520537354,18.0,8.634017140657635,22.84296682421234,13.765145243386769,13.767672815565163,13.755309927010046,13.752799756990498 
 06/12  04:05:00,11.219395319218638,11.224328774047644,11.249056662149885,11.255390309253254,18.0,8.617979638391288,22.817891732403467,13.752887183299777,13.755436155976554,13.743158938082729,13.740628185335027 
 06/12  04:10:00,11.178001867642132,11.18236145300206,11.206945742441613,11.212598974239315,18.0,8.602263322362838,22.79369228734096,13.743571404081536,13.746114498575878,13.733910214854575,13.731384999233796 
 06/12  04:15:00,11.145993307796322,11.149882155450898,11.174559298646248,11.179638914906107,18.0,8.586546280341654,22.769835281196386,13.735629879450016,13.738170221349037,13.726041693588684,13.723519284089775 
 06/12  04:20:00,11.120537598535197,11.124036140683048,11.148929939229015,11.153520226041591,18.0,8.575051442001355,22.746285211397716,13.728326539780028,13.730865205588543,13.718814431424448,13.716293834130283 
 06/12  04:25:00,13.222341845159061,12.4818174475444,11.373235991670004,11.377407164034928,18.0,8.864127270685803,22.723043552896417,14.819634638115076,14.466405381025652,13.945093074253805,13.969076958552591 
 06/12  04:30:00,14.281164869735157,13.124846716172437,11.485094335515955,11.488901909216345,18.0,8.965620486414892,22.73810721567353,14.910824161958999,14.515371828458001,13.960826023666527,13.982551150464928 
 06/12  04:35:00,15.838800189005376,14.031364119997866,11.601101099169268,11.604589258063491,18.0,9.117417214071867,22.72700752319641,15.381125557971018,14.794173217620596,14.020671409443139,14.046417398988751 
 06/12  04:40:00,18.0462113014149,15.269276276247368,11.742350235337053,11.745555938348529,18.0,9.292286512221445,22.725069721640526,16.096700131046248,15.201231989795815,14.082375152266707,14.102182919326424 
 06/12  04:45:00,20.202808149904797,16.42530248478104,11.878408439864565,11.881362731148585,18.0,9.482755258207902,22.734454273477855,16.639516855388933,15.491806235247566,14.124599725266535,14.126189219815274 
 06/12  04:50:00,22.420098605803606,17.5611519054569,12.017866419299198,12.020596264444906,18.0,9.718020805870776,22.74080876675009,17.19573332861023,15.771592903089186,14.158748646800518,14.15264233398318 
 06/12  04:55:00,24.457130446598917,18.554287066450854,12.162156824778666,12.16468755637309,18.0,9.96899878473152,22.75090499816199,17.645066648034458,15.980173786532305,14.19464642358804,14.18400162730677 
 06/12  05:00:00,26.343809331893546,19.424803262159422,12.311828233191694,12.314186714409486,18.0,10.269818921472657,22.76070458550899,18.039904581974895,16.154112808886453,14.231212826227022,14.216290216109996 
 06/12  05:05:00,28.212755485769225,20.257674679090254,12.498866671860863,12.501083812575503,18.0,10.619623102448053,22.771525916631827,18.497730112998738,16.38445395548524,14.3302008740676,14.311290076133105 
 06/12  05:10:00,30.064660745625847,21.04559248015284,12.704662013918288,12.706779235890819,18.0,11.03038857825899,22.78546698017026,18.962012707847748,16.609377960913264,14.43381814125064,14.41128295846454 
 06/12  05:15:00,32.18710785816352,21.953228590225358,12.995080492177225,12.99715135677876,18.0,11.456647193286221,22.80219130478041,19.57320919815288,16.91186060107401,14.576174321460996,14.55042754487215 
 06/12  05:20:00,34.13328966532701,22.722900461812774,13.258989155501542,13.261077699619069,18.0,11.950838081439406,22.82674964428309,20.04744715034974,17.12167252771161,14.686300130306108,14.657614768777705 
 06/12  05:25:00,36.03253353658282,23.427204254916948,13.523897665980922,13.526071839963798,18.0,12.459833570725781,22.847505647253943,20.521029331125874,17.318499978009527,14.796014989913601,14.764699374612064 
 06/12  05:30:00,37.89948288715706,24.07610313202802,13.792761629118711,13.79508208109428,18.0,13.032637886526597,22.869417602887857,20.992008765445007,17.50179534339418,14.906743256960226,14.873166711454758 
 06/12  05:35:00,39.47355513391659,24.564378021976506,14.051116685190635,14.053642950641565,18.0,13.568854254330708,22.892487610931745,21.329927941676544,17.606904204070304,15.007853339094822,14.97319311229171 
 06/12  05:40:00,40.936264087066405,24.97027351820209,14.307425849586613,14.310201112368416,18.0,14.152830362450606,22.913123521549053,21.66777154082496,17.700821294893956,15.108685976915694,15.073306496190412 
 06/12  05:45:00,42.32509674391731,25.31325959297258,14.563689656340893,14.566737015122946,18.0,14.75919975084984,22.933925695855937,22.003107871933537,17.78317105685653,15.21033197520677,15.17459504617375 
 06/12  05:50:00,43.6408889833343,25.59718101486685,14.819997813923322,14.823319194179978,18.0,15.403095668902143,22.954838303152318,22.32676542143247,17.850052807111297,15.312169560891789,15.276428784095856 
 06/12  05:55:00,44.92755934376891,25.840509533923278,15.07834102423183,15.081918479482564,18.0,16.057740923178123,22.975646482521384,22.658124190608305,17.908956625549195,15.415096073830853,15.379691155650278 
 06/12  06:00:00,46.17990437390419,26.04358950431263,15.338596194356443,15.342394851263752,18.0,16.755137506439024,22.996921909584476,22.986118701398425,17.955626887975768,15.518730682636374,15.483985398272011 
 06/12  06:05:00,47.45767321499313,26.262594223817644,15.65100808883634,15.6549824786313,18.0,17.5128153795658,23.018452669332795,23.418148104147747,18.101728406002053,15.73148428462406,15.697676021095674 
 06/12  06:10:00,48.72354945713222,26.465409448031654,15.985809849548888,15.989902746546246,18.0,18.32412932226907,23.07102655944974,23.854374513801133,18.237734460295087,15.953504642069106,15.920980858942471 
 06/12  06:15:00,49.97138851163091,26.64609290371416,16.335705587747103,16.339853955654338,18.0,19.144500490283214,23.119191094898323,24.28413456312569,18.361223582462458,16.17366687682994,16.14269498700685 
 06/12  06:20:00,51.19814993609739,26.802062411166396,16.696870703703933,16.701009130595608,18.0,20.024991833458067,23.166985419008412,24.7080262997423,18.473007901174356,16.392597864142772,16.36340046667368 
 06/12  06:25:00,52.4018668843488,26.93192200129885,17.066811513235887,17.07087496684486,18.0,20.913707263609968,23.213404961050475,25.12622540318273,18.57381834861019,16.610687666505044,16.583449692556542 
 06/12  06:30:00,53.58111599598599,27.034904983406328,17.443792193651184,17.44771814396745,18.0,21.854312951231844,23.25825328201848,25.538636978160866,18.664541402595034,16.82809031596588,16.802976259857815 
 06/12  06:35:00,54.53335768481906,27.06038213638501,17.81486921278265,17.818599388583447,18.0,22.739315715860528,23.301908922618715,25.84772322374397,18.721652574379334,17.038625757037607,17.016038681263353 
 06/12  06:40:00,55.40234349276096,27.04538434095211,18.185561903038373,18.18904329989942,18.0,23.65224053674154,23.34053812721015,26.153789433443535,18.774579304158806,17.24771154819348,17.227669992932306 
 06/12  06:45:00,56.21309469440698,26.998717323471926,18.55664413267288,18.559829666604895,18.0,24.568174041679505,23.379416034172255,26.454795746195487,18.825705514371066,17.456756848247323,17.439241194615533 
 06/12  06:50:00,56.97797194775351,26.92506266184906,18.92830999590803,18.931159101738473,18.0,25.494788829694205,23.418640978194425,26.75048737138843,18.876442481644233,17.6657082071074,17.650666905822504 
 06/12  06:55:00,57.70421883479079,26.827453598528425,19.300592465867243,19.303071490823942,18.0,26.42424897493576,23.457831970729824,27.0406053069878,18.928411950752775,17.87456898459044,17.86191608044885 
 06/12  07:00:00,58.39625571735998,26.707986242552057,19.692262590323384,19.675536129933242,18.0,27.366154639199973,23.49683150913281,27.32493033165173,18.98343971248414,18.10051803415263,18.073005067424333 
 06/12  07:05:00,58.94207185533952,26.52008571315049,20.028049190347637,20.022351035677644,18.0,28.229601678574262,23.53567019773218,27.52289145160512,18.995368042750158,18.259750171239318,18.25084087084315 
 06/12  07:10:00,59.42369687974148,26.29725020110377,20.362042102857203,20.35864917247451,18.0,29.082235438377676,23.589235498079162,27.711827239797685,19.027111987355283,18.431299475509434,18.424884702209624 
 06/12  07:15:00,59.85570034977763,26.04804430895964,20.69038015273291,20.68795733089712,18.0,29.93109213915538,23.633409988021597,27.891623262062126,19.053048455116823,18.600883254781706,18.596305348721103 
 06/12  07:20:00,60.245568119908064,25.777309943429696,21.014019975626706,21.012056307229376,18.0,30.752278126982844,23.677047999601168,28.064522746667194,19.107017698453205,18.77059377568736,18.76750858743145 
 06/12  07:25:00,60.59781290774563,25.488380796878964,21.333847338141208,21.332060972174318,18.0,31.57024999872054,23.72010000749542,28.170831290368596,19.123965646535737,18.892615309312816,18.890724004444223 
 06/12  07:30:00,60.91528397608065,25.183721264963744,21.650486383941864,21.64870972958369,18.0,32.36691664889115,23.696235143091545,28.274262261805973,19.1567526294387,19.01550103944851,19.014543126588933 
 06/12  07:35:00,60.94748813334508,24.857144217543958,21.963003587894377,21.961136845017283,18.0,33.05183818834992,23.654829240882012,28.261555320491937,19.217405114401913,19.148235260433296,19.147921405524244 
 06/12  07:40:00,60.88261828401356,24.521934814473806,22.271295537205873,22.269281841587887,18.0,33.69284115754653,23.61071081410081,28.255772985587555,19.307800446761348,19.289061147834616,19.289064093773163 
 06/12  07:45:00,60.75316959750602,24.251953591044042,22.64505525986737,22.573137446068877,18.0,34.32660195050933,23.570854780378244,28.252465789970188,19.430160096267855,19.440593364035976,19.43727335430549 
 06/12  07:50:00,60.57569849682483,24.212183819934356,23.247787883728794,22.872720202272824,18.0,34.900477351980314,23.538435982546684,28.25093651784391,19.57662309714999,19.626397702104896,19.585905541546992 
 06/12  07:55:00,60.360224923380535,24.261396658525932,23.93469556739769,23.168057094934646,18.0,35.46822690505143,23.5135507101218,28.249972900778175,19.724926415881782,19.833634635851354,19.73597029267387 
 06/12  08:00:00,60.11318445497382,24.364600329226242,24.667537602138307,23.459179360748493,18.0,35.98996044141573,23.494122832385326,28.248631460463344,19.87487189932756,20.05912104888762,19.887366728734094 
 06/12  08:05:00,60.00223763889332,24.50995782568046,25.424584649757975,23.738443145906793,18.0,36.66225418123994,23.479674764056163,28.321338876431014,20.03129382713388,20.303309667507733,20.041867407006805 
 06/12  08:10:00,59.910797767590346,24.682301124020363,26.19808395258264,24.01171430246655,18.0,37.334618873935895,23.57173343556645,28.382551587166972,20.170613493236146,20.543517062820683,20.17868763255467 
 06/12  08:15:00,59.82079351534956,24.873466636045208,26.98108344597974,24.28048151084183,18.0,38.00756753864189,23.60075282290484,28.426721782684012,20.294589331340262,20.779222616942377,20.29994457096177 
 06/12  08:20:00,59.723802318570925,25.07808487092083,27.76853575613062,24.545520832420884,18.0,38.713102407445525,23.629666665076112,28.466498008191707,20.418219312235237,21.02348511518369,20.42072375252053 
 06/12  08:25:00,59.61506138750223,25.29244698654298,28.556765507554488,24.807320253837627,18.0,39.41813255561411,23.656896948226272,28.55061879090431,20.571887004088353,21.310484613063068,20.57148896341505 
 06/12  08:30:00,59.49172829833575,25.513920628855303,29.343046817256205,25.066205515271733,18.0,40.14318404189965,23.77995555298455,28.641276509044758,20.738583694393185,21.618550691280348,20.73502098158457 
 06/12  08:35:00,59.111311540937436,25.753658354641733,30.094110731794387,25.33546800233425,18.0,40.7191265225444,23.900401982963885,28.598288868634427,20.901125183353656,21.91276782086817,20.89445172657588 
 06/12  08:40:00,58.64930294488756,26.00009616475523,30.818314270824633,25.605103645178378,18.0,41.27213735394549,24.00383547286777,28.547105091561036,21.060031691134384,22.19594970590265,21.05016123450514 
 06/12  08:45:00,58.13530253182109,26.24959317070469,31.515515915388143,25.872639889485487,18.0,41.81818557946616,24.09015066285849,28.43552676191365,21.18424630187792,22.432544586495453,21.171078507165134 
 06/12  08:50:00,57.584109303901975,26.499975414554847,32.18514777419157,26.1368069655941,18.0,42.30833424438882,24.125110090228645,28.304511765881784,21.292354375959235,22.641291231541004,21.27630549127997 
 06/12  08:55:00,57.0047351799869,26.749750064789847,32.82676646145051,26.396824755375047,18.0,42.792477789919,24.11859445939172,28.178671440788378,21.390317890807694,22.843893914976036,21.37145090621084 
 06/12  09:00:00,56.40308948837564,26.99784657073086,33.44008814399326,26.65219517941703,18.0,43.23142530347128,24.10793431017042,28.059050101975117,21.49039316051028,23.044648506392832,21.468745430107163 
 06/12  09:05:00,55.69167517714873,27.23941392240147,34.0114637490868,26.90868529689015,18.0,43.53596130082844,24.0990512884759,27.93836112107374,21.635214700437928,23.277883106419836,21.614957578896906 
 06/12  09:10:00,54.942477382650914,27.475445333193942,34.54737163791528,27.161407847165773,18.0,43.77565513360876,24.101277991632063,27.823227883065726,21.781980125795144,23.50566769812707,21.763397225490905 
 06/12  09:15:00,54.1703438326994,27.70578304537698,35.04924761997717,27.409080545384356,18.0,44.008029273427645,24.103804104538114,27.711630258055607,21.928317224998295,23.72538537274329,21.91152170605619 
 06/12  09:20:00,53.38354610012537,27.930250738141073,35.51805459410542,27.65105010535755,18.0,44.15822937355392,24.109311520016004,27.603713427395178,22.074517653565294,23.93716829500306,22.059571020417025 
 06/12  09:25:00,52.58760079192208,28.148726479226028,35.95464841531522,27.886943325145467,18.0,44.30264826007123,24.117032830571894,27.4986831689302,22.220041951863436,24.140449292929134,22.206995729866662 
 06/12  09:30:00,51.59114317684015,28.405179393034842,36.30570052423622,28.160497225979487,18.0,44.383920508899685,24.126525867178728,27.299113970813437,22.387069712410778,24.307806013731692,22.37583730058293 
 06/12  09:35:00,50.99411172082093,28.708242012453038,36.81749922346126,28.48030906161896,18.0,44.70301448102215,24.135684833955782,27.336766422479513,22.57183911587572,24.57250992944296,22.56236054032479 
 06/12  09:40:00,50.49226873791093,29.02760281344628,37.36483814815778,28.81614101120992,18.0,45.018008047584026,24.153430367667045,27.368105904459753,22.757073839479915,24.832071262459635,22.749453631631923 
 06/12  09:45:00,50.037764106876885,29.35442783650068,37.92409266569969,29.159194043518216,18.0,45.32730761274971,24.17306216625113,27.446473334224493,22.982079595063,25.13337682796987,22.976277544980576 
 06/12  09:50:00,49.60867617502093,29.68385019887323,38.484176214527054,29.504640034673674,18.0,45.67966933705433,24.294696639352253,27.530362380533347,23.21935082636861,25.441067821386866,23.21547726912945 
 06/12  09:55:00,49.19240972078029,30.01278590213994,39.03852446334269,29.84943199703352,18.0,46.02461465736772,24.417413926381307,27.56722680981113,23.422215667710134,25.70379533542257,23.42052786130415 
 06/12  10:00:00,48.781338223771165,30.339211446909207,39.58304109215105,30.191579608593194,18.0,46.387839127120756,24.481414563823638,27.553198086868463,23.582406481756493,25.916013578574166,23.58303988087789 
 06/12  10:05:00,48.21218161640401,30.52921091869146,39.975313136805,30.401657756665806,18.0,46.556327341876724,24.481600140598232,27.31238702742047,23.521691761613624,25.90920902405952,23.52645908557406 
 06/12  10:10:00,47.59088005259002,30.66500880337776,40.30543333972233,30.559403580364304,18.0,46.69308202901947,24.47821748521197,27.06538189224318,23.455792961481393,25.89684051558436,23.464916185327013 
 06/12  10:15:00,46.936237603382274,30.76483794257878,40.59147980415188,30.682512777928814,18.0,46.82380615198562,24.47805865815136,26.815131707691137,23.389850698124405,25.86943496153947,23.403608465891807 
 06/12  10:20:00,46.25725390905828,30.837873657915917,40.84234279264183,30.779877560549295,18.0,46.88616722171357,24.481892087795067,26.5617484689094,23.324404322322437,25.845475880827337,23.34305731768427 
 06/12  10:25:00,45.559366994848816,30.88988821601787,41.06349358068172,30.857083653670042,18.0,46.94466274727911,24.488442483678035,26.304170224005702,23.258455985677358,25.818653850091096,23.28225736168588 
 06/12  10:30:00,44.84614033888122,30.92477369075303,41.258540304628205,30.91789155355073,18.0,46.95441904880709,24.4975835350116,26.042274266878735,23.19178503376338,25.788054712584426,23.220978190635037 
 06/12  10:35:00,43.812717606732846,30.796637129151513,41.123335477395464,30.815332921579447,18.0,46.50087632527446,24.508576088995742,25.612394844584514,23.049991360800618,25.599238882304235,23.08371132200506 
 06/12  10:40:00,42.56390987044355,30.813939649459467,40.718168296011264,30.859441583984324,18.0,45.93014712835846,24.511264775678637,25.136058653942428,23.007611233606212,25.333721043939534,23.04754888360503 
 06/12  10:45:00,41.38592141676683,30.661429750928118,40.32358413596908,30.732958207029412,18.0,45.360185054970806,24.514187060559006,24.743934827448527,22.864801037700545,25.131162217964743,22.909308833035197 
 06/12  10:50:00,40.22019976160864,30.454045094917607,39.887185627551574,30.551053953090598,18.0,44.617834710543704,24.515270798230684,24.36161553059776,22.721674509353022,24.922721837154086,22.77086311342464 
 06/12  10:55:00,39.07108426460759,30.214063093868816,39.413164717935096,30.335951635410044,18.0,43.879355257927585,24.51525100423239,24.043503847763702,22.61675356962712,24.755831884036866,22.671571344817153 
 06/12  11:00:00,37.944626788304674,29.952172848789754,38.90709497023611,30.098295959567018,18.0,43.03532017440732,24.618106972578,23.730135973745234,22.522550304133063,24.59507272466857,22.58333401263849 
 06/12  11:05:00,36.88293340824617,29.704454033834462,38.40449809079558,29.86973805531923,18.0,42.252678261322764,24.71815947953573,23.440593706021673,22.422160931457256,24.41275176841009,22.485743846642947 
 06/12  11:10:00,35.8636016845074,29.456069843170603,37.887697662168996,29.63839983059277,18.0,41.41240465651459,24.72725777846477,23.13667042977852,22.298809002801022,24.20434264603989,22.364443501519418 
 06/12  11:15:00,34.88445566085852,29.20585007580454,37.35520708810487,29.403764808850323,18.0,40.57269392585269,24.703228072958982,22.85174398939705,22.177242111490386,23.996431821733267,22.24494517148895 
 06/12  11:20:00,33.94563741897712,28.95392657746747,36.80730687506461,29.16628519172131,18.0,39.70650381102017,24.68122418671851,22.58967734424823,22.060646893557532,23.79106444014201,22.13049482868132 
 06/12  11:25:00,33.20906430866532,29.00008005706701,36.12710619101338,29.230314549339973,18.0,38.84097929607654,24.661011388061908,22.426936828721068,22.091714800248667,23.529882131135196,22.168326743724037 
 06/12  11:30:00,32.43599645882204,28.852111510878473,35.51107046242443,29.09793053743202,18.0,37.956652465265655,24.651385410156827,22.221566625478204,21.982988003517562,23.32685740736042,22.061568085436193 
 06/12  11:35:00,31.935140160116205,28.82261175543179,35.47720273104283,29.085450637006243,18.0,37.90146114333493,24.63791775758437,22.13013278836695,21.95926014194805,23.4226562276624,22.042022491192483 
 06/12  11:40:00,31.26058926098629,28.523504924683202,35.75633845499753,28.79913725993825,18.0,37.98662814920843,24.63749800038628,21.922829808106826,21.780366747451467,23.576613531803787,21.86389199954067 
 06/12  11:45:00,30.741550572811928,28.440770063980445,36.068642014105194,28.731620604116898,18.0,38.068134536575954,24.633324701880134,21.822698883509133,21.758810108948865,23.67193850063626,21.847110767273875 
 06/12  11:50:00,30.245677018568085,28.41476978427125,36.43481453137076,28.721974975095364,18.0,38.39576056007519,24.637564972105462,21.736265522102258,21.73567742663772,23.76783035353094,21.829124316487196 
 06/12  11:55:00,29.941249218134242,28.419439674515196,36.83778541115969,28.94572024401941,18.0,38.715936537017576,24.644783639216822,21.70872948143642,21.702111657132264,23.862006343458518,21.84913189669271 
 06/12  12:00:00,29.758346257840802,28.443824694725738,37.263977398815484,29.33654294830132,18.0,39.17526478615529,24.655931778521452,21.677757765766387,21.68521294398147,23.95436350422051,21.91244704068413 
 06/12  12:05:00,29.750623115877147,28.58524571428703,37.818292085796855,29.917338725611515,18.0,39.913845889419704,24.670355434892798,21.770468739398893,21.771840233190062,24.175047258845666,22.11091901836403 
 06/12  12:10:00,29.824320961720655,28.774607837956054,38.42205709510568,30.62213029425981,18.0,40.80257354008686,24.790619635659358,21.86964646689796,21.86989788752635,24.39075398945556,22.341536186849964 
 06/12  12:15:00,29.712113570859852,28.754869497985382,39.218058202703304,31.309539149575397,18.0,41.69953217863824,24.867245673654185,21.81832188647411,21.818177681295424,24.638894441157163,22.504760381840356 
 06/12  12:20:00,29.79415003119224,28.913120024420962,39.9208963274517,32.192438634246386,18.0,42.761437835167,24.864735518000238,21.875138392717133,21.87463179042186,24.799931196346506,22.760267458306657 
 06/12  12:25:00,29.940033787139356,29.123667968323694,40.61204132547457,33.18563434345315,18.0,43.83114712697851,24.867705834712915,21.939753028463088,21.938840997787793,24.96748697414273,23.05129297567447 
 06/12  12:30:00,30.126660698021844,29.366190285678197,41.29775795245371,34.27156383421344,18.0,45.01938009489032,24.87644721722026,22.009953434728857,22.008635841298656,25.13709540659255,23.37409840551271 
 06/12  12:35:00,30.25617045728257,29.54463083468283,41.686504519395264,35.236664841637335,18.0,45.769584826956326,24.889504516681004,22.040088674566448,22.03847349211071,25.151087032407077,23.629077065715023 
 06/12  12:40:00,30.377405491414144,29.709189107418055,41.93444072754324,36.18258922406864,18.0,46.5249166047947,24.900096468711563,22.07111514967403,22.06925030357894,25.148212089044137,23.891038338623446 
 06/12  12:45:00,30.497729539861492,29.869197134048896,42.19071763982462,37.124584607016885,18.0,47.28557953244267,24.912751863576993,22.104050732921564,22.10222499692054,25.187537419588182,24.158125438238244 
 06/12  12:50:00,30.619717716903,30.005681319591574,42.42298221923931,38.06824760176276,18.0,47.96146431816479,24.927202575760365,22.138704259753467,22.124671874417913,25.22451521187918,24.4282581177427 
 06/12  12:55:00,30.744491033419884,30.134627526350005,42.633179945888145,39.01619508739999,18.0,48.64340459204666,24.94288883930021,22.174669174097914,22.148104235872097,25.2532903887751,24.699474800777807 
 06/12  13:00:00,30.87245461114553,30.260198213411154,42.823626069246274,39.969576109504125,18.0,49.27790972609135,24.96009800407073,22.21193975297922,22.172936982639726,25.283344013755823,24.97051983103671 
 06/12  13:05:00,30.950273586773818,30.38076884525495,42.82413484065876,40.84574364071088,18.0,49.373014999572426,24.977893325681123,22.349455561181173,22.325227733600627,25.34874838254302,25.315111138373368 
 06/12  13:10:00,31.013200757597446,30.500896085778077,42.75294903219926,41.69051073220327,18.0,49.34050640638305,24.989684482287085,22.53733790628155,22.528292563791524,25.462933716567647,25.707658710221324 
 06/12  13:15:00,31.069358305721142,30.622181494882213,42.63531793454151,42.51218526286753,18.0,49.31027855070039,25.11727858169325,22.70635704953395,22.7124656202177,25.542002783727753,26.05738652425805 
 06/12  13:20:00,31.12295656325042,30.745505570069867,42.48471227562134,43.31465182579202,18.0,49.082544841445845,25.14769462575605,22.84909041308748,22.869458210933203,25.593524529942215,26.370684098454262 
 06/12  13:25:00,31.176629280983626,30.871369072794092,42.30986792743679,44.10019433714712,18.0,48.86500922226746,25.150144367767712,22.996535245777466,23.03028645365987,25.65008565519554,26.68046813669855 
 06/12  13:30:00,31.232094222381445,31.000036851775413,42.116811703849336,44.87023850544228,18.0,48.53295375122129,25.157338923021836,23.15141703977565,23.197667662730396,25.712982087225896,26.98823978187295 
 06/12  13:35:00,31.24436209554854,31.08492206896578,41.86449326795413,45.57985359135819,18.0,48.1528302845223,25.167634296220847,23.28894202567892,23.34622023607875,25.758927758227173,27.271929805756486 
 06/12  13:40:00,31.243807748557263,31.155591505283578,41.586414355570774,46.26049537100869,18.0,47.7008354905696,25.17861656840807,23.430545949286966,23.497765585456193,25.807620055628888,27.551113736365892 
 06/12  13:45:00,31.237511048223336,31.218495776452297,41.291122833388826,46.91870358025595,18.0,47.26007463134284,25.19143586053783,23.575952208928697,23.65195559531969,25.858716473055438,27.82585653597232 
 06/12  13:50:00,31.229085626920195,31.276779441653108,40.983539302983026,47.55779375311304,18.0,46.773535322271755,25.206194497592502,23.724892483601366,23.80852187837462,25.911999615401783,28.096481590817234 
 06/12  13:55:00,31.220753065906404,31.332318166986266,40.66701451752797,48.17980103339432,18.0,46.298916161529206,25.221842252910097,23.876875949560258,23.966967986218265,25.96705869595155,28.363142529935715 
 06/12  14:00:00,31.213935749009703,31.14785645827352,40.34395968868994,48.78604378381781,18.0,45.80790546493011,25.238395789738174,24.031705800851682,24.038809069505135,26.023777706955514,28.626282999904333 
 06/12  14:05:00,31.135967210324065,31.02546419948005,40.44181390626713,49.33948650058722,18.0,45.41011125308966,25.255344053271916,23.96284691036641,23.96507358209641,26.04468563696571,28.685735517949297 
 06/12  14:10:00,31.032203574199134,30.902415475946604,40.21709412238843,49.867418438596495,18.0,45.01387364950035,25.164373793290302,23.89258106682564,23.89426366135848,25.898656136098396,28.742143639860842 
 06/12  14:15:00,30.91227374244788,30.774109517202646,39.9141557464111,50.37531669270821,18.0,44.61523726736879,25.139164036224816,23.87951971378061,23.88141799198604,25.800377834380924,28.858529710125367 
 06/12  14:20:00,30.78076593153017,30.640258444360253,39.56581547811308,50.865843203070476,18.0,44.230783435026055,25.23001694318768,23.833926097897233,23.836122578830555,25.669228139349684,28.93857049810049 
 06/12  14:25:00,30.640410581328478,30.50107391506493,39.18454629690856,51.340542566566235,18.0,43.84364239293725,25.23290341188574,23.76714332200413,23.769542352689314,25.50710308723012,28.989238369737222 
 06/12  14:30:00,30.49293588559317,30.356839783373466,38.77713273429605,51.80033850991961,18.0,43.46014800239324,25.204471390732742,23.699519471557892,23.702096415633605,25.34129296584183,29.03866758200968 
 06/12  14:35:00,30.36553301845221,30.233889467700603,38.363895793572844,52.237310232155856,18.0,43.07835369829907,25.175926520629123,23.647110516163877,23.649790842075276,25.18474625980167,29.086169306242937 
 06/12  14:40:00,30.24262004468918,30.116112334698332,37.93843383719304,52.65710947197911,18.0,42.69704170240554,25.15396894547841,23.597924856219265,23.60065379072182,25.029852100395374,29.13540902626312 
 06/12  14:45:00,30.121297837349672,30.000272081893698,37.50084861457287,53.06092132284993,18.0,42.314618322684225,25.135533684634513,23.55026189530622,23.552982863424518,24.87525418642491,29.184792951001555 
 06/12  14:50:00,30.000326058785017,29.884914355121463,37.05159464763746,53.449364730250345,18.0,41.931222747043506,25.120438301016826,23.503745117581843,23.50640137015114,24.720946352783358,29.233922111631443 
 06/12  14:55:00,29.879019532104905,29.769217172032004,36.59109054820265,53.82282691035478,18.0,41.54682611672812,25.107849952343702,23.45791757712152,23.460451515234126,24.56690688351432,29.282277249605386 
 06/12  15:00:00,29.756973392158045,29.65268836726716,36.11969139762264,54.18156307992476,18.0,41.16024189788733,25.097322740757978,23.41255388727211,23.414909352752602,24.413438590772728,29.32953343043937 
 06/12  15:05:00,29.67878252592673,29.579462381557075,35.684105199936276,54.61092805924049,18.0,40.92673464809772,25.088457951307316,23.395296007939123,23.397433511873203,24.290593742178316,29.424395611174475 
 06/12  15:10:00,29.61402062465482,29.51939562114451,35.25179552695256,55.052424125404585,18.0,40.714131567986136,25.077632075788106,23.381205466379186,23.383091551456516,24.170712459746028,29.52113597865514 
 06/12  15:15:00,29.556041538536245,29.465886887336975,34.81591233641592,55.49567207397941,18.0,40.49690908208092,25.069611699643414,23.36671352230337,23.3676122741154,24.05289549475941,29.617476932229124 
 06/12  15:20:00,29.501647681416046,29.415757950544304,34.37312964323701,55.93573427431595,18.0,40.316605649650334,25.062730661749416,23.388009285315206,23.38930255928517,23.97811161044723,29.762299136343813 
 06/12  15:25:00,29.448920740171694,29.36710274958911,33.92143022290553,56.369704650179905,18.0,40.1317928658319,25.169335111625855,23.418577000013556,23.419420965765767,23.91438649077537,29.909031688571474 
 06/12  15:30:00,29.396629013530685,29.31869882524296,33.459495542026026,56.795756910659385,18.0,39.963478380692116,25.262352402731725,23.394779590656526,23.395183577635635,23.7948592718908,29.977669061581537 
 06/12  15:35:00,29.292440306586638,29.218213563447307,32.892860087932384,56.59818593547872,18.0,39.47655186110648,25.218110359053977,23.335922949272174,23.335817351663422,23.6392430828937,29.763883010807433 
 06/12  15:40:00,29.17089110820382,29.100187268440408,32.30070689237794,56.19573597446504,18.0,38.947064369603375,25.185855262615092,23.2829933348944,23.282495888292942,23.503498296113776,29.54760354057828 
 06/12  15:45:00,29.039366976451095,28.972016743093015,31.70236596121759,55.659475949232295,18.0,38.42315164695202,25.15450332991692,23.23209746740713,23.231291522141305,23.383419154232797,29.32304216261258 
 06/12  15:50:00,28.901379102224016,28.837222233182324,31.108239745172895,55.02277609503213,18.0,37.81680314112826,25.125825209446557,23.183142215513953,23.182136640892054,23.2788845621846,29.090086712051743 
 06/12  15:55:00,28.75902760380953,28.697911804137895,30.525246820652992,54.30497197362392,18.0,37.21635978435534,25.09834042091473,23.135060189857768,23.133976257165955,23.18851184922289,28.84766752583414 
 06/12  16:00:00,28.61366041002247,28.620377254836892,30.02436091797928,53.51800030548301,18.0,36.573091604273884,25.072172844221413,23.08784087227741,23.09729724654801,23.121163041707632,28.59580716496947 
 06/12  16:05:00,28.348853910338125,28.52466315500981,29.5561006785977,51.80478820516728,18.0,35.75846272140424,25.04711552907563,22.93816075203256,22.972062021088163,22.971464915943898,27.871036184546938 
 06/12  16:10:00,28.07107636000214,28.443995943472153,29.136363581239515,50.49670377093922,18.0,34.901917811429364,25.014096575286214,22.795307380153872,22.863096756636082,22.830159340598186,27.4842014695231 
 06/12  16:15:00,27.780108302940594,28.352972316312243,28.740949725993115,49.20868772496775,18.0,34.063279473361696,24.98720782945619,22.654202935980834,22.76035438908616,22.690852870475055,27.087766342365853 
 06/12  16:20:00,27.48088464180369,28.243718657934078,28.362380978596764,47.90623543657505,18.0,33.18218069103689,24.960076868478986,22.51359156411735,22.659924686799343,22.552101493885516,26.68553349661471 
 06/12  16:25:00,27.176959296920096,28.11174156730329,27.996519667914782,46.57987058080264,18.0,32.31956597346583,24.932547556688068,22.37351828369833,22.559453976547957,22.413908464269298,26.277864236972164 
 06/12  16:30:00,26.87075184313142,27.954113482501526,27.640759310555676,45.22593686606586,18.0,31.452190983948373,24.904602872634054,22.265987093000376,22.490469419369617,22.31014739554564,25.909160048949616 
 06/12  16:35:00,26.57298674696127,27.809317964434555,27.30267572750414,44.152572522687244,18.0,30.701868270625013,24.98669620587171,22.17020600256103,22.437973731738225,22.219005631524965,25.695628676147237 
 06/12  16:40:00,26.260366545822826,27.561089157025457,26.956034685575222,42.47578990640978,18.0,29.979531805908714,25.05677596655624,22.03299181363127,22.30140947952657,22.083618642511908,25.086530493631926 
 06/12  16:45:00,25.95755508553251,27.352474469874853,26.624353083804436,41.29537771221555,18.0,29.26820109883825,25.01636521492301,21.881386323367053,22.180625575508486,21.933135221565294,24.79082516854487 
 06/12  16:50:00,25.657867009639844,27.1405802576324,26.299639298658594,40.22322068423834,18.0,28.604244632255032,24.962871909566548,21.73382992642462,22.061329752971687,21.786993155976347,24.49655116173824 
 06/12  16:55:00,25.360501015742443,26.918912256937098,25.980186268862447,39.20253591771536,18.0,27.95099828431435,24.912555897492467,21.589732708638905,21.94161888391079,21.644430228273734,24.20505203337467 
 06/12  17:00:00,25.06527007954067,26.684999145903358,25.665131274447887,38.21018055323259,18.0,27.33632715450221,24.866577274092744,21.448400155284617,21.820115093895083,21.504706965683226,23.9156075356957 
 06/12  17:05:00,24.807952948926836,26.4829034171046,25.380919696941238,37.298311066708095,18.0,26.800455675897734,24.82337606844469,21.32251828325832,21.71295053264663,21.37636722539196,23.653038101630898 
 06/12  17:10:00,24.563522168378473,26.28089498424013,25.108662317041702,36.411617357863676,18.0,26.303760517283447,24.753837145114474,21.20332709131071,21.6072444806191,21.254608220651335,23.397490570681327 
 06/12  17:15:00,24.326336933020894,26.071481548644265,24.843838351432392,35.53578521390754,18.0,25.809717263257657,24.70472834754222,21.08905866592761,21.500961908841077,21.13795510850207,23.14068930906444 
 06/12  17:20:00,24.053954508409678,25.6830946783483,24.54326991442964,34.05803394483331,18.0,25.356388945273693,24.657537557244012,20.95567395946688,21.31001954109064,21.000922518193136,22.583629388352733 
 06/12  17:25:00,23.809446967873146,25.383078969327205,24.27181629992832,32.985343428151346,18.0,24.906271662315316,24.602075350671967,20.839339061379064,21.185952353223684,20.882092327096757,22.329493304455468 
 06/12  17:30:00,23.572429702247483,25.08973009582944,24.00892438125662,31.994908278967483,18.0,24.484250428534192,24.556441039214793,20.72600370904297,21.059563116101913,20.766259856919646,22.071515817175396 
 06/12  17:35:00,23.334144604098455,24.87087219179607,23.745683885023748,31.35656030078831,18.0,24.115523917157066,24.511444678470127,20.611256089795006,20.96847023680192,20.649681220824164,21.959899958605547 
 06/12  17:40:00,23.095289569318094,24.67768633706724,23.482795868249813,30.84645536735831,18.0,23.771418833507973,24.469985709683606,20.5167369147988,20.9042805678734,20.554339275672135,21.885108509677707 
 06/12  17:45:00,22.855308633166388,24.498765077066743,23.21968141719131,30.411469118462374,18.0,23.424370199635135,24.535582767567345,20.443267441277158,20.847395769241643,20.48079804671238,21.816862149321196 
 06/12  17:50:00,22.613733292941095,24.328509494890714,22.955847547579253,30.024715689094005,18.0,23.100148207702492,24.58566743699504,20.363047873737457,20.78810032555316,20.40008943773421,21.73688642644771 
 06/12  17:55:00,22.37345284179835,24.15711114076356,22.694230982136506,29.6434171697044,18.0,22.7731670927009,24.626895164883603,20.280718475930826,20.722785495574726,20.31713638955796,21.637095940391873 
 06/12  18:00:00,22.12910769826866,23.991322330629338,22.429361138542482,29.29663467473348,18.0,22.45721473781888,24.659378332564685,20.193469712739557,20.656334950776454,20.228972892878346,21.54167352088706 
 06/12  18:05:00,21.857331954963065,23.796668880983308,22.13983784002079,28.93086289216639,18.0,22.08751230784575,24.685795806626096,20.026730952073933,20.51226159976386,20.059318119400587,21.37634983161246 
 06/12  18:10:00,21.574642819902206,23.59125006716776,21.840486727496845,28.561956280775156,18.0,21.714125489983324,24.602721910076998,19.84901644324833,20.35614470118594,19.878516197292925,21.190141798463856 
 06/12  18:15:00,21.284903559299213,23.37832152469895,21.5347562005136,28.19013552232656,18.0,21.340369029100128,24.513752718382783,19.679032920310306,20.205887247083524,19.70572578541629,21.008462559465272 
 06/12  18:20:00,21.02401745713185,23.382682254978256,21.259047730477487,28.32190085189022,18.0,20.954314471759485,24.432551505082948,19.53288377909564,20.17984947194884,19.557674552813864,21.081548638552363 
 06/12  18:25:00,20.7358743503755,23.240136996151982,20.956167050842314,28.10976901480557,18.0,20.56802258241315,24.36722004113469,19.374897572824807,20.03207547995737,19.39705937495478,20.90340611632064 
 06/12  18:30:00,20.43869779286492,23.05917403666755,20.644377797346834,27.81432352144264,18.0,20.174758792038066,24.300669954044047,19.217665800679924,19.887230960568104,19.23714725829325,20.722617532708 
 06/12  18:35:00,20.152576712913707,22.836136580173562,20.344085857876966,27.408365961800783,18.0,19.793949281385064,24.238617504633744,19.068375214077605,19.72888571848614,19.084944221814396,20.510629943575168 
 06/12  18:40:00,19.868960769585367,22.593630600270643,20.04662295397762,26.961554556453734,18.0,19.414838966612685,24.180238577559777,18.920559605921994,19.571235874135198,18.934184197394416,20.303478932107737 
 06/12  18:45:00,19.586481896951007,22.34114795487105,19.75056204727698,26.498676307321947,18.0,19.03922218181502,24.12508171402491,18.774189667086034,19.414912206091117,18.784841840599597,20.102787688152546 
 06/12  18:50:00,19.304649475169605,22.086674945199434,19.455366838098605,26.03778105443084,18.0,18.670809870494622,24.07200741045216,18.629044083935526,19.262730182986672,18.63667060832381,19.910750022996012 
 06/12  18:55:00,19.023247945935754,21.719634388934924,19.160783688602276,25.36463328313852,18.0,18.306697783716054,24.021021072577856,18.48487564265372,19.057425347309845,18.489387486125338,19.614719435344114 
 06/12  19:00:00,18.742228225790893,21.288349167776275,18.866731181265006,24.58930006726956,18.0,17.953862649862632,23.967753077418667,18.343490041446785,18.84094691859525,18.341445425534744,19.303486018561102 
 06/12  19:05:00,18.485922596253737,20.71371774562055,18.597955096858794,23.555733373024147,18.0,17.679310490980278,23.914445356038307,18.292072827137076,18.64869411026325,18.28864887168993,18.96248314586535 
 06/12  19:10:00,18.256853658836032,20.23682742470154,18.35744334480198,22.71253372024531,18.0,17.423972740029825,23.955806553208685,18.268009117043277,18.55223736603159,18.265289252543653,18.799667293066477 
 06/12  19:15:00,18.04080772873872,19.758176291221115,18.130860263948588,21.888022007878224,18.0,17.169913997437703,23.987205156149585,18.218909385499614,18.44180872179072,18.218843787203923,18.623679388962557 
 06/12  19:20:00,17.834190581728677,19.250401306352774,17.914526861987742,21.04101406439184,18.0,16.944548209035585,24.00721330409685,18.166732651290545,18.313079845802463,18.169907464475955,18.428208569068943 
 06/12  19:25:00,17.526427636792533,18.44914469539865,17.59566278551992,19.818638590970746,18.0,16.594389805529094,24.01867861806953,18.03945012128952,18.04318695441998,18.047144162594122,18.049090205102914 
 06/12  19:30:00,17.349420262130597,18.044027149557895,17.410022409318973,19.18542285801263,18.0,16.439543123554436,24.01315507524151,18.02151408416381,18.02362930910931,18.031141428099886,18.030657243979476 
 06/12  19:35:00,17.214217386454955,17.75960429333916,17.267875777574893,18.738295382781487,18.0,16.284475381996195,24.017545750425064,18.00398482628748,18.00544357692837,18.01553326772978,18.014024953739522 
 06/12  19:40:00,17.103219476105775,17.54301449947179,17.151299878936857,18.39815095726376,18.0,16.18182013825613,24.01953034577067,17.98465915393581,17.985842374137178,17.997891798309922,17.995966215023202 
 06/12  19:45:00,17.008534620354645,17.370944668326672,17.05213305091876,18.12916894020091,18.0,16.079141849293602,24.01940297061248,17.964206824449263,17.965271344804876,17.9789335036092,17.976836456026604 
 06/12  19:50:00,16.92545722148635,17.229707060749806,16.965451854512065,17.909955804049137,18.0,16.007410843666957,24.01741902408066,17.94308450171212,17.9440959786657,17.959117849053655,17.95694954245107 
 06/12  19:55:00,16.85095072524868,17.110449070919113,16.88804459684314,17.72670706703178,18.0,15.935850858807779,24.01328871343208,17.921428207874783,17.92241473217348,17.93857615981426,17.936378758424667 
 06/12  20:00:00,16.782977444602526,17.007376364248444,16.817733278722237,17.570156105709113,18.0,15.884236196204931,24.00798666904776,17.899612122640747,17.90058781482395,17.91769709830521,17.91548803971807 
 06/12  20:05:00,16.708316745251768,16.903910286929055,16.740397730185457,17.419471901862504,18.0,15.815033636277073,24.001322891797845,17.844602170035955,17.845568727894943,17.864871335153907,17.862665902211234 
 06/12  20:10:00,16.63301027621539,16.804975976792964,16.662484574267882,17.279100153934678,18.0,15.75516411828026,23.99319726047622,17.790765589479065,17.79173344792514,17.81303256427543,17.81083238677735 
 06/12  20:15:00,16.557979795835482,16.710369623954332,16.584992493269354,17.147873828912996,18.0,15.695088490563588,23.983839618993052,17.73636559234791,17.73733713257667,17.760679685219543,17.75848813613038 
 06/12  20:20:00,16.483491750057006,16.619490581555258,16.508217183755452,17.02439680658336,18.0,15.637867792444386,23.973457464264374,17.68134666787455,17.682324819241956,17.70777713146174,17.70559581363125 
 06/12  20:25:00,16.409629604567,16.531765477218595,16.43225569704896,16.907466756169367,18.0,15.580410639050593,23.96205869944126,17.6256939472961,17.62668096543507,17.654310421125956,17.652140974383542 
 06/12  20:30:00,16.336398512869422,16.44669871419574,16.357118752877195,16.79608895714657,18.0,15.52519932128529,23.949801958385645,17.56949373577129,17.570491916944263,17.600367359882625,17.598210814468928 
 06/12  20:35:00,16.263767015388787,16.363873539095973,16.282775821976173,16.689446839895698,18.0,15.469738369787736,23.936688156232904,17.51274974115381,17.513760762689685,17.545949271195127,17.54380674781214 
 06/12  20:40:00,16.191687260438595,16.282942816951955,16.209177220863047,16.586869661642744,18.0,15.415882499024091,23.92284618418332,17.455532498857565,17.456558026733774,17.491127498197386,17.488999597215354 
 06/12  20:45:00,16.12010534018229,16.203618019993147,16.136265567476006,16.487804203397747,18.0,15.361768056451137,23.90787254050232,17.397759945624784,17.398800813221158,17.435814321056114,17.433701996402135 
 06/12  20:50:00,16.048966624470566,16.12565900926831,16.063981809824448,16.391791544840846,18.0,15.308746667273375,23.892593998659034,17.339637660081564,17.340695396668423,17.380222496241004,17.378125521933043 
 06/12  20:55:00,15.978218460846604,16.048865410046528,15.99226836875746,16.298448488428008,18.0,15.255461478434377,23.876699007303312,17.281097232665843,17.282172416390267,17.324278097446324,17.322196825282276 
 06/12  21:00:00,15.907811466088134,15.973070054624948,15.921070722744057,16.207452853198806,18.0,15.202878356372306,23.8602802804051,17.222186020414256,17.223279298509055,17.268029407281347,17.26596374156071 
 06/12  21:05:00,15.848449858128559,15.909200047007724,15.860611227847313,16.12979874853547,18.0,15.149482045837155,23.843345614188927,17.193716518452106,17.194837681282138,17.23801304465553,17.23595075499412 
 06/12  21:10:00,15.793403296922826,15.850209919968329,15.8045332582408,16.05821246542583,18.0,15.096509105358082,23.826328819679823,17.167482229151574,17.168625487604686,17.20973601477118,17.207682455516533 
 06/12  21:15:00,15.741066091044788,15.794367466168191,15.751284222555643,15.99081253830866,18.0,15.043387703334593,23.809055105250465,17.141727963546145,17.142894603884315,17.181809643279962,17.179763792854715 
 06/12  21:20:00,15.690640661674868,15.740793875193969,15.70007651515683,15.926598031533167,18.0,14.990484333222158,23.791565758809217,17.116213689203107,17.117404185348903,17.154046015720382,17.15200741618912 
 06/12  21:25:00,15.641632533413855,15.688935314077382,15.650412883793726,15.864913660504122,18.0,14.937429946192571,23.77388325158801,17.090902886828758,17.09211748394955,17.126416952481748,17.124385186048585 
 06/12  21:30:00,15.593713487959754,15.638418242527047,15.601957472792476,15.805301291006774,18.0,14.884561488027186,23.756023004799154,17.065792197380006,17.067031032155796,17.09892025406964,17.09689486623722 
 06/12  21:35:00,15.546656877922352,15.58898047211373,15.554474375948384,15.747428394416904,18.0,14.831539385339882,23.738012124848453,17.040890797579777,17.04215397104531,17.071565348175568,17.069545801368918 
 06/12  21:40:00,15.500301215662125,15.54043207245046,15.50779267574319,15.691049349718579,18.0,14.778647706755978,23.719854005065184,17.01619819809025,17.01748570535358,17.044351503545727,17.042337271316228 
 06/12  21:45:00,15.45452828566799,15.492631686469004,15.461785184741476,15.635965176308725,18.0,14.725598812928542,23.701580313185193,16.991729015865644,16.993040869123035,17.01729363999152,17.015284099895666 
 06/12  21:50:00,15.409249440647846,15.445471575142955,15.41635497969037,15.581992415307665,18.0,14.672618677168774,23.683186046775017,16.967480088840603,16.968816183779722,16.990388453009928,16.988383038599068 
 06/12  21:55:00,15.36439674618341,15.398867864477745,15.371426599018887,15.529031375723907,18.0,14.619476722288551,23.66470587931448,16.94346908366083,16.94482936949578,16.963654173511372,16.961652214280207 
 06/12  22:00:00,15.319917105090402,15.35275401010508,15.326940135851803,15.476981010373377,18.0,14.566340482393704,23.646128569202986,16.919690533868675,16.921074834212675,16.93708544834044,16.935086362228617 
 06/12  22:05:00,15.271212621926818,15.302400410125756,15.27796862063996,15.420508818902777,18.0,14.511080102882687,23.627490547229808,16.87715297647827,16.878552669891064,16.89443827118953,16.892449690989224 
 06/12  22:10:00,15.221015901990548,15.250612740345586,15.227418585358132,15.36273906183919,18.0,14.455510824064865,23.608551547826277,16.83354815207997,16.83496700191222,16.850889161781254,16.848906946770057 
 06/12  22:15:00,15.169976495809435,15.198053277129954,15.175981658230093,15.304400581238037,18.0,14.399936353506906,23.589505067129235,16.789766846598354,16.791203838566503,16.80718922154267,16.80521323926928 
 06/12  22:20:00,15.11841408259692,15.145044870251935,15.123998676129677,15.245841789228065,18.0,14.343857889505646,23.570333827537784,16.745927953702676,16.74738251482728,16.763435167089256,16.761464931467344 
 06/12  22:25:00,15.066523982951333,15.091782649836613,15.071678177607078,15.187268150688885,18.0,14.287773525021885,23.551073399551292,16.702069460573398,16.703541170865606,16.719661732626605,16.71769660067946 
 06/12  22:30:00,15.014432648658142,15.038391221714718,15.01915530598632,15.128806381361136,18.0,14.231487308275465,23.53170919519661,16.658185671903766,16.65967390413323,16.67586231091343,16.673901750106552 
 06/12  22:35:00,14.962224123506509,14.984951928685293,14.966519911609764,15.070535065259259,18.0,14.175196065097888,23.512278973996484,16.614293678661852,16.615798413793925,16.6320547338986,16.63009810089227 
 06/12  22:40:00,14.909955151936384,14.931518400020682,14.913832625966018,15.012502137334714,18.0,14.11886493843821,23.492764458518717,16.570382560969847,16.57190352687303,16.58822768133132,16.586274446022344 
 06/12  22:45:00,14.857664393474016,14.878126019545489,14.861134685413788,14.954735536941723,18.0,14.06252927375176,23.4731989893176,16.52646846664061,16.528005447238115,16.544397597839406,16.542447096631463 
 06/12  22:50:00,14.805378267926061,14.82479791634236,14.80845417402765,14.897249949235931,18.0,14.006245553452166,23.453562667897312,16.48253974060151,16.484092417978786,16.500552730532036,16.49860426533121 
 06/12  22:55:00,14.753114773771287,14.77154886362553,14.755810106635309,14.840051189000668,18.0,13.949957592543013,23.433891608739497,16.438612472951036,16.44018066894671,16.456708797339388,16.45476227063625 
 06/12  23:00:00,14.700886040628566,14.718387873372924,14.70498809783483,14.783139112230614,18.0,13.893773150205229,23.414163190808946,16.394673610178927,16.39625705570728,16.39724393979975,16.41090791092273 
 06/12  23:05:00,14.671296053256212,14.6879114941659,14.673802842400997,14.748904340900518,18.0,13.866275899429834,23.39434813348601,16.39155294469066,16.39315264887955,16.407293887526862,16.407840290715853 
 06/12  23:10:00,14.65073141645444,14.666507836048806,14.652447105549511,14.723909826208834,18.0,13.845038362722176,23.375130622787946,16.390460877829298,16.392066183333156,16.407839568830923,16.406784061961673 
 06/12  23:15:00,14.635854506543854,14.650836984980327,14.636937007743194,14.704836748349319,18.0,13.823816033013602,23.356065025296076,16.390248010346056,16.391858725525708,16.40817128980052,16.40659718039001 
 06/12  23:20:00,14.624966767501974,14.63919793914968,14.625502944587542,14.68998454059006,18.0,13.812470206874861,23.337159435989314,16.390438827959372,16.39205488263144,16.408582674135857,16.406809607210903 
 06/12  23:25:00,14.616995223373545,14.630515309885153,14.617051968593891,14.678271647482118,18.0,13.801154121492624,23.318850925459685,16.390947439057072,16.39256908347511,16.409188299654375,16.407340152436973 
 06/12  23:30:00,14.611217737763646,14.624064633550711,14.61085026861364,14.668964794830687,18.0,13.79602331086056,23.299946933291757,16.39139684050008,16.393022907975933,16.409679203987025,16.40780650322796 
 06/12  23:35:00,14.607131224788997,14.619340609825569,14.606386269075793,14.661548984471102,18.0,13.790911987978207,23.281935850659607,16.39211230846672,16.393743497607375,16.410422001708753,16.408543507071045 
 06/12  23:40:00,14.604375896107623,14.615981362134775,14.603293594703592,14.655652593734326,18.0,13.789904708712058,23.263729155135195,16.39281179001597,16.39444718600862,16.41113751338696,16.409261704900814 
 06/12  23:45:00,14.602688710780281,14.613721892014237,14.601303940469396,14.651001222286977,18.0,13.788910732836467,23.245670125740933,16.393577692104145,16.39521716712528,16.411917395355772,16.410047182840913 
 06/12  23:50:00,14.601873602281433,14.612364304660959,14.600216957522612,14.64738808566495,18.0,13.790733696555277,23.22771877954332,16.39438588904858,16.396029094950336,16.412738288440437,16.410874947939362 
 06/12  23:55:00,14.60178185477404,14.611758179926094,14.599880401916947,14.644654440924336,18.0,13.792565916200939,23.209899485659697,16.395248912714237,16.396895633540453,16.413614046477733,16.411758049401612 
 06/12  24:00:00,14.602298848061226,14.611787309818867,14.600176716608324,14.64267632243497,18.0,13.796389952605598,23.192179531566484,16.396147566612626,16.397797453720614,16.414525198706315,16.412676897532265 
 06/13  00:05:00,14.550829694246511,14.559862171141111,14.549087617236236,14.589462030263485,18.0,13.74183363952812,23.174586568947866,16.302556793094254,16.304208522471072,16.321192797288404,16.31935145304743 
 06/13  00:10:00,14.479020709988555,14.487621850490997,14.477779535667654,14.516144065128827,18.0,13.676178283173444,23.15546003228971,16.201866694247656,16.20354401006,16.220941775764516,16.219084290780415 
 06/13  00:15:00,14.39457129998647,14.402764137619075,14.393859871223889,14.430324641940926,18.0,13.610435510488958,23.136228375954463,16.099979244465544,16.10167893039437,16.119513144147277,16.117642546290313 
 06/13  00:20:00,14.301392874830645,14.309225821618847,14.301204670186152,14.335818753465423,18.0,13.525917676450865,23.11657222523604,15.99770863643721,15.999429879803529,16.017702214959684,16.01581881859522 
 06/13  00:25:00,14.201839492446286,14.209279085626491,14.202160359723004,14.235049097362694,18.0,13.441299393768078,23.096518355352174,15.895226450480664,15.896968927674607,15.915677753097043,15.913781374759878 
 06/13  00:30:00,14.097608143146916,14.104690064097582,14.098411014961876,14.129654499484964,18.0,13.345181321836224,23.076092961650016,15.792578991377809,15.794342434926136,15.813485699333455,15.811576126856494 
 06/13  00:35:00,13.98982784793824,13.996570773852897,13.991084565466751,14.020759029264957,18.0,13.248993331245108,23.05532102279264,15.68978908217639,15.691573243046093,15.71114898662347,15.709226020680205 
 06/13  00:40:00,13.8793001756254,13.885721066654602,13.88098412016138,13.909164867600241,18.0,13.145368956280493,23.034228223759865,15.586874414158387,15.588679068891565,15.608685502584308,15.606748948395818 
 06/13  00:45:00,13.766608630173048,13.772723571880539,13.768695827151623,13.795455751732488,18.0,13.041691051660028,23.012834503224255,15.483847589124764,15.485672527941233,15.50610799768316,15.504157675150964 
 06/13  00:50:00,13.652185308308566,13.658009603435747,13.654654739653484,13.680063797884108,18.0,12.933064530055582,22.991160552285223,15.380720435875446,15.382565478674053,15.40342846490114,15.401464190349259 
 06/13  00:55:00,13.536355264667842,13.541903475613712,13.539188799736827,13.563313843239554,18.0,12.824394084148032,22.969222189451862,15.277501435229567,15.279366422037924,15.300655500593848,15.298677094488312 
 06/13  01:00:00,13.419366593912255,13.424652578367697,13.422548748388918,13.445453508255556,18.0,12.712349711312696,22.947034831118938,15.17419838169917,15.176083182003026,15.19779701962426,15.195804295286507 
 06/13  01:05:00,13.35269190851058,13.357731863917454,13.355612959843446,13.377372681637011,18.0,12.657244934424522,22.92461088205885,15.16620037320439,15.168106704320735,15.189927298380553,15.187918220483994 
 06/13  01:10:00,13.305613600944813,13.310419335612279,13.30815455919018,13.328824267745096,18.0,12.611922494753488,22.903145966108223,15.161526112359752,15.163429931551377,15.185272216562169,15.183270882295005 
 06/13  01:15:00,13.270686120656785,13.275268047139368,13.272822677629895,13.292451798695605,18.0,12.56660476978965,22.882036956317567,15.158423540727597,15.16032656402615,15.182167524045667,15.18017160126999 
 06/13  01:20:00,13.244175536624775,13.248532182350898,13.245913128827377,13.26453462003352,18.0,12.538881429941647,22.861250974157734,15.156048772479949,15.157951974991533,15.179781824236443,15.177790048819134 
 06/13  01:25:00,13.223662770148138,13.22782562623683,13.225042002319537,13.242734069313078,18.0,12.511204759970331,22.840791961192693,15.15405921891113,15.15596306466108,15.17777844002353,15.175790128978292 
 06/13  01:30:00,13.20760530401863,13.211577628480985,13.20865714292997,13.225451612353858,18.0,12.494255576919336,22.82060459364495,15.152283177272693,15.154187772440537,15.17598752286898,15.17400238148548 
 06/13  01:35:00,13.194907683511433,13.198697987205117,13.1956666343461,13.211605926237787,18.0,12.477337866267026,22.801100950665067,15.15075927543819,15.152665107749783,15.174451355941812,15.172468709615089 
 06/13  01:40:00,13.184794076781735,13.188411123235785,13.185293184872686,13.200418616135899,18.0,12.46734678895435,22.781492481625847,15.149263299133509,15.151169882891395,15.172940789864924,15.170960969570558 
 06/13  01:45:00,13.176702441627308,13.180154777325352,13.17697206804222,13.191323414429842,18.0,12.457377437885018,22.762107361773413,15.147863953708793,15.149771485999622,15.171528362601748,15.169551001100785 
 06/13  01:50:00,13.170218132705097,13.173513991534513,13.170285621673358,13.1839010020363,18.0,12.452018591149313,22.74290111940696,15.146533597677546,15.148442067336475,15.17018539297186,15.168210345550506 
 06/13  01:55:00,13.165030313685026,13.168177582748756,13.164920035496907,13.177835876083702,18.0,12.44667485199661,22.723880232750265,15.145274114076528,15.147183584286722,15.168914104867326,15.166941153934204 
 06/13  02:00:00,13.16090256755618,13.163908775452377,13.16063613138414,13.172887175546911,18.0,12.444478970672254,22.70501123768475,15.144066520531624,15.145976940875698,15.167695059388848,15.165724108276322 
 06/13  02:05:00,13.209303141647373,13.212168314088158,13.208184703460663,13.219781122917237,18.0,12.501582691581424,22.686301528501346,15.233582857214572,15.23548990248355,15.258727268763607,15.256760373286284 
 06/13  02:10:00,13.279354800892467,13.282084015505957,13.277173654297123,13.288142171226072,18.0,12.57392276793212,22.66874991354106,15.327330360128315,15.329212579795012,15.353745039466048,15.351804372201627 
 06/13  02:15:00,13.363319802649059,13.365918989463616,13.359965805827038,13.370335390763689,18.0,12.646671774085187,22.65194202909606,15.422203036246742,15.424062773430137,15.449800433194582,15.44788343065079 
 06/13  02:20:00,13.457188067699906,13.45966338347283,13.452595996888654,13.462395850311724,18.0,12.741457722367631,22.635774556789194,15.517704041867546,15.519541479621466,15.546399702196936,15.544506079862572 
 06/13  02:25:00,13.558389446023394,13.56074703584945,13.552518798173574,13.561777603111961,18.0,12.836563201424674,22.62024750525166,15.613748298261385,15.61556350740517,15.643459661238921,15.641589239474172 
 06/13  02:30:00,13.665171317362221,13.667417190850728,13.657995780025088,13.666741333019582,18.0,12.94561781890727,22.605279580212382,15.710270222178906,15.712063024809481,15.740914681410061,15.739067535619142 
 06/13  02:35:00,13.776297610922738,13.778437574345958,13.767799106977154,13.776058133257354,18.0,13.05488580552808,22.590874680011567,15.80726439419999,15.809034768500624,15.838760394001724,15.836936444141202 
 06/13  02:40:00,13.890874075003403,13.892913694719018,13.881039307807827,13.888837377193292,18.0,13.173424272687791,22.576958821852124,15.904686233850953,15.906433947114294,15.93695195143033,15.935151337193815 
 06/13  02:45:00,14.008239793609361,14.010184377999812,13.997058223974344,14.004419724055877,18.0,13.29210526102753,22.56354309392393,16.00253973665224,16.004264715158968,16.03549444429825,16.033717147764378 
 06/13  02:50:00,14.127897085002829,14.129751677829448,14.115359748251707,14.122307890735444,18.0,13.41710808847489,22.550562644925986,16.100788267470534,16.102490235397,16.134350987468224,16.13259720279251 
 06/13  02:55:00,14.249464830626357,14.251234211624638,14.235563653430415,14.242120499741722,18.0,13.542204976252437,22.538033472301844,16.19944019078912,16.201119021997897,16.233531109098806,16.23180088256629 
 06/13  03:00:00,14.372646645445887,14.374335335582552,14.365592872319972,14.363560559614601,18.0,13.671705945433303,22.52589762386195,16.29846482891253,16.300120201324717,16.302142073411574,16.33129750980129 
 06/13  03:05:00,14.45080193275515,14.45241421831267,14.446163491032019,14.440539306947871,18.0,13.740299385287436,22.51408641855478,16.310486122038583,16.31211611435333,16.31297358829812,16.34369987046182 
 06/13  03:10:00,14.51201842019576,14.513558196737577,14.508801013440761,14.500604895510014,18.0,13.799266483094513,22.501763323183752,16.321365368761008,16.322988849668377,16.32334068909887,16.355112554396328 
 06/13  03:15:00,14.563043453365989,14.564514422584077,14.560769669756596,14.550406290449644,18.0,13.85812638814555,22.489359447615644,16.331879729399247,16.33349572589907,16.333640800391322,16.3661309867353 
 06/13  03:20:00,14.607251693176151,14.608657370035505,14.605630588198114,14.593284010515125,18.0,13.899530017878599,22.476898993872396,16.34236953858965,16.343976972434916,16.344038099053023,16.377057180344195 
 06/13  03:25:00,14.646740729178916,14.648084448905033,14.645582632988148,14.631324018912682,18.0,13.940917514262171,22.46442855260601,16.353000353607626,16.35459868083683,16.354625695834443,16.388043550072553 
 06/13  03:30:00,14.682897745638448,14.684182671298258,14.682074672570318,14.665912309938347,18.0,13.97225333225188,22.45194263158146,16.363826959814674,16.365415720880492,16.365428823020352,16.399138661549785 
 06/13  03:35:00,14.716670375415692,14.717899505953591,14.716093760196609,14.698000189481773,18.0,14.003667182743827,22.43948318478823,16.374893763570412,16.376472678995015,16.376480060582253,16.410385944255665 
 06/13  03:40:00,14.74872157616627,14.749897754838434,14.748328858491726,14.728256333463685,18.0,14.02908044686852,22.427042801023426,16.386205323837657,16.38777405555527,16.38777904357562,16.421788786426873 
 06/13  03:45:00,14.77952421189594,14.78065013482415,14.779270417512612,14.75715993349156,18.0,14.054623674979396,22.41465915453611,16.39778271125715,16.399341042909555,16.399344990979444,16.43336941910877 
 06/13  03:50:00,14.809421128184214,14.810499352714679,14.809273423546177,14.785060059084826,18.0,14.076589876957504,22.4023211005297,16.4096195859114,16.411167228422187,16.41117068866248,16.44512117391514 
 06/13  03:55:00,14.838664448358065,14.83969740098906,14.83859853178385,14.812214624418033,18.0,14.09871515309281,22.390063192930366,16.421731153292853,16.423267937248283,16.423271135617767,16.457060855641544 
 06/13  04:00:00,14.867441896112174,14.86843187985912,14.867439556587794,14.838816584551813,18.0,14.118754685913503,22.377870343877163,16.434107302348593,16.43563298591266,16.43563601528757,16.469178111476424 
 06/13  04:05:00,14.891740562544674,14.892695057417802,14.87672872537154,14.862389270114022,18.0,14.1282457268441,22.36577470312191,16.45328272147208,16.454808598026034,16.48972609124462,16.486213828287873 
 06/13  04:10:00,14.914021647798288,14.914944343334987,14.89378899109996,14.884493592735472,18.0,14.133812894729617,22.353946427398668,16.473632325320636,16.475158692221157,16.506177581705856,16.50403436644376 
 06/13  04:15:00,14.934880174655424,14.935773767867055,14.91187577477493,14.905533297849235,18.0,14.138910664165813,22.34216110769703,16.494123053265525,16.495650228514307,16.523725498952217,16.521932662765494 
 06/13  04:20:00,14.95461533036018,14.955481989286204,14.930118827778754,14.925722239669723,18.0,14.138977645222509,22.330452008239615,16.514516264010126,16.51604460897005,16.54142918097375,16.539767672401922 
 06/13  04:25:00,15.12790976862329,15.119761532532255,15.081941470678117,15.078876999647694,18.0,14.297072948802093,22.318851595791518,16.61531525288416,16.612452169571043,16.629850554699942,16.628299389359597 
 06/13  04:30:00,15.196004612014411,15.193347359727797,15.165506529756183,15.16337543814096,18.0,14.340972022531483,22.314335300997357,16.630439651610743,16.631537963864616,16.65319731023601,16.65168744473459 
 06/13  04:35:00,15.690389866179451,15.528915260803194,15.297184500457808,15.295718443944226,18.0,14.457232083995867,22.304768719097385,16.869741754564643,16.79993155693569,16.729160724542567,16.731141119449944 
 06/13  04:40:00,16.64031297228297,16.11441625627433,15.454140873505418,15.453154453997646,18.0,14.585229840312811,22.303096473661117,17.26021279960247,17.043913400175825,16.80408173682855,16.806691582843655 
 06/13  04:45:00,17.58399108851352,16.676450749929334,15.615688404812246,15.615051072548182,18.0,14.719459513316473,22.30926954310691,17.53496783982746,17.219739176009114,16.87073157904888,16.87019700082226 
 06/13  04:50:00,18.594374618954408,17.254627752437752,15.78466412293701,15.78428242001167,18.0,14.882986724071774,22.313434637003013,17.82146935853052,17.39228459983849,16.933737438846606,16.931452597687496 
 06/13  04:55:00,19.558123626928957,17.789543070903218,15.960475271197769,15.960281548286064,18.0,15.053328565424687,22.319597971188248,18.06249380802194,17.53543853926118,16.996620915293192,16.99311598733709 
 06/13  05:00:00,20.474357279621945,18.28257787431833,16.142489750118003,16.142435093652313,18.0,15.250262653003878,22.32584457005713,18.280553739508036,17.66226648992142,17.059277278586933,17.054523329487324 
 06/13  05:05:00,21.312066165478292,18.711099327679698,16.315413618404822,16.3154630993739,18.0,15.452925772138194,22.332707299351895,18.431526714533675,17.729605265545842,17.08494580655298,17.079036854387994 
 06/13  05:10:00,22.107563467279583,19.097741148678043,16.485119546524373,16.485248897947322,18.0,15.673257223025479,22.340134493664376,18.576372331463403,17.788420911776598,17.108517659444942,17.101527572445946 
 06/13  05:15:00,22.870348259866265,19.448871304336933,16.65246830436939,16.652663227079255,18.0,15.892923631502292,22.348561229023225,18.718063164719297,17.841163262430996,17.1317769500223,17.123814832323887 
 06/13  05:20:00,23.605348572812197,19.76816191678962,16.81778859493958,16.81804329738879,18.0,16.123502638533772,22.35742443744522,18.8573600604243,17.888061184428125,17.15480026016985,17.14595188860642 
 06/13  05:25:00,24.31561638227618,20.058215305811345,16.981258853875694,16.981573855014243,18.0,16.355618473587626,22.366801445178297,18.995658663433005,17.929298287974007,17.177743440619622,17.168108892196187 
 06/13  05:30:00,25.576762954691294,20.559315995726042,17.171404898126735,17.171784285699747,18.0,16.598764668685675,22.376692835575902,19.40809820731755,18.08063856136198,17.215526152578718,17.205224455107157 
 06/13  05:35:00,25.782023307339617,20.63520708276804,17.350176964302165,17.3506255571519,18.0,16.86495448253941,22.39811213959406,19.221752410904514,17.990159697538616,17.242119409151087,17.231937169566436 
 06/13  05:40:00,26.219956873081706,20.80026961370921,17.552660161825425,17.553181135470115,18.0,17.138057317196964,22.40126908629549,19.300655564396436,18.002859053375914,17.277489244386572,17.267545065834156 
 06/13  05:45:00,26.654126215134013,20.958426718086848,17.71425332514092,17.762134459134497,18.0,17.406663835466805,22.41329408217266,19.376619846320523,18.014222365114733,17.265198432611555,17.30532184984264 
 06/13  05:50:00,27.07898630878733,21.255043369471313,17.89464021566076,17.97001907887989,18.0,17.67947381821245,22.425436830970646,19.45377291745899,18.123373732323557,17.284511370162022,17.340927573658064 
 06/13  05:55:00,27.468285954844426,21.453302913878183,18.079324490986252,18.17976553730251,18.0,17.947718434990957,22.43862825538107,19.51936383399004,18.140711810811467,17.31235172767458,17.377850027067836 
 06/13  06:00:00,27.830267743724487,21.619153541185064,18.263154249495667,18.388506080682728,18.0,18.21347594991862,22.451751917729215,19.580254571729824,18.151336190857364,17.34060268923531,17.414081504276965 
 06/13  06:05:00,28.320040420303336,21.838187645033504,18.511803109524855,18.65316149151509,18.0,18.566884238770545,22.465147238244676,19.764656473435366,18.2510171085338,17.46275585320609,17.537916733278678 
 06/13  06:10:00,28.843323306125914,22.067245064071614,18.78425628896959,18.938693121204086,18.0,18.939894794148373,22.48052027810222,19.95599148299266,18.354561709575933,17.592685940292256,17.668097407024902 
 06/13  06:15:00,29.38161241143464,22.2982151989017,19.071248998753696,19.236957687652954,18.0,19.31654397364932,22.49633072763742,20.146838108216116,18.456694640940214,17.724056253168214,17.799404436980012 
 06/13  06:20:00,29.926582652811017,22.527619100584854,19.3683224788785,19.54392231853645,18.0,19.725085745096923,22.512792293820745,20.33623332969387,18.556714554035466,17.856015610114696,17.931146384131466 
 06/13  06:25:00,30.473492448360016,22.75353322236722,19.672791151304992,19.85709721225854,18.0,20.13761594086799,22.529948676684153,20.524098951670226,18.654726455398418,17.988437192778974,18.063216464224524 
 06/13  06:30:00,31.019458916334163,22.974839194414386,19.98292448051944,20.17484102432661,18.0,20.573753917003987,22.547700233593446,20.710418429199763,18.750910736550225,18.121250045576858,18.19553751258985 
 06/13  06:35:00,32.09756301622133,23.24115734759628,20.22984412305401,20.426503013752352,18.0,21.079036193045347,22.566094000164682,21.14611880068111,18.863197986647947,18.224107759716503,18.294946464927364 
 06/13  06:40:00,34.02721494781485,23.659236364054273,20.489742801920894,20.689929719569655,18.0,21.63453899871416,22.586283430794374,21.893325165166573,19.040917684030944,18.344444681251048,18.413188155551552 
 06/13  06:45:00,35.62742800622996,23.95208708341914,20.71270091343634,20.914311655803736,18.0,22.212203265005947,22.618321193618687,22.332280017691232,19.12663860557319,18.44871107716699,18.514559717515 
 06/13  06:50:00,37.20619346876379,24.196009335244568,20.92413289193306,21.1256107603522,18.0,22.856375416762933,22.64272931094343,22.773671450567804,19.19809633008049,18.551285867507545,18.61445967163388 
 06/13  06:55:00,38.78502319253556,24.39898587035146,21.13047789870306,21.330570016965694,18.0,23.523272053907966,22.668076380579347,23.215610989613538,19.259131165230883,18.654977140015035,18.715692032135394 
 06/13  07:00:00,41.13266206154346,24.70815487867309,21.38437138596411,21.58305560557826,18.0,24.257992511826576,22.694149789438413,24.01794449960073,19.385144983532143,18.784623838066977,18.844124977578474 
 06/13  07:05:00,42.96194252011195,24.895930702688943,21.62800445414618,21.824626103997076,18.0,25.021929569955358,22.733118899042065,24.496187613421853,19.472917914395566,18.938065266415663,18.995410143046115 
 06/13  07:10:00,44.67582469768125,25.026655790803822,21.873472045194493,22.067626873398584,18.0,25.8535430226011,22.76365875219005,24.97226708347455,19.55502633816519,19.09252927924473,19.14763794104897 
 06/13  07:15:00,46.32133896343121,25.10908515337792,22.122301362322087,22.3136824400457,18.0,26.70477647665927,22.795056243504217,25.442338976823407,19.63503637016015,19.248665789431925,19.301658666699268 
 06/13  07:20:00,47.914069457048356,25.146322392877163,22.37504829432947,22.56341001722546,18.0,27.623761344978007,22.827148078348053,25.90581105435001,19.715547473227957,19.406025875115347,19.456987450422105 
 06/13  07:25:00,49.829734475052206,25.250475427475532,22.724506379089974,22.91121035455411,18.0,28.56194119285984,22.86007556175531,26.534806374079267,19.856444315818294,19.610770305731876,19.661439458207155 
 06/13  07:30:00,51.460694091637734,25.231214983064817,23.01229577755307,23.196425846307648,18.0,29.565958269239598,22.902139647151966,26.98959741059349,19.945288344118694,19.769609659862567,19.818002793430196 
 06/13  07:35:00,52.419053721684506,25.213358726654548,23.368716706911798,23.55101523986166,18.0,30.407614090113846,22.938355126477322,27.15924009655123,20.0842314595036,19.96738348368592,20.014913566958967 
 06/13  07:40:00,53.15054439638306,25.182436286782213,23.746558192869696,23.92724371569832,18.0,31.26021208201887,22.9738399405546,27.332640419328527,20.236295331143367,20.163683839060013,20.209932904521168 
 06/13  07:45:00,53.74226482905789,25.18930113028548,24.185326346325123,24.314883430096778,18.0,32.11384004908155,23.00943370936276,27.500441559753256,20.403540770459244,20.36036475707249,20.404254298519618 
 06/13  07:50:00,54.23684832641807,25.38352004081289,24.826488247877137,24.708895610781326,18.0,32.943659404813715,23.045138777558257,27.662188096253544,20.59724162782061,20.591866927097726,20.598015169268592 
 06/13  07:55:00,54.36267423370763,25.55710288691032,25.452470031624365,25.017793645805778,18.0,33.774527419374515,23.082441493862618,27.679654490239898,20.744576544749634,20.792180203519933,20.745243870781394 
 06/13  08:00:00,54.66089049314339,25.82663212589131,26.183763098208388,25.38468298769967,18.0,34.593655074724836,23.11302311391395,27.837873847274636,20.93640720445194,21.04897954817193,20.93680624250237 
 06/13  08:05:00,54.79571174226444,26.104260065767747,26.912264958542334,25.735864557612622,18.0,35.278468670856796,23.150246209154922,27.90835007919037,21.104611815677686,21.288808068318076,21.104684587411896 
 06/13  08:10:00,54.86541314862729,26.393016600916784,27.64520028660769,26.081003209180043,18.0,35.922899756432486,23.187717771895805,27.971027215834738,21.270501679007054,21.534278332561257,21.27019552548728 
 06/13  08:15:00,54.88647872205926,26.688677754344862,28.377837316986785,26.420725144798347,18.0,36.56011981692558,23.225271428544644,28.02911803263669,21.434775319763787,21.785289154915176,21.434079693496074 
 06/13  08:20:00,54.86755123952633,26.987928328993977,29.106166940158367,26.755029040961837,18.0,37.13874247215089,23.263226807247236,28.0834090796165,21.59766880224163,22.040627854401123,21.59659357737155 
 06/13  08:25:00,54.81428310625223,27.288425515315613,29.82727871951305,27.08387126662615,18.0,37.71119826472472,23.302091057127686,28.134330626804058,21.759374521095367,22.29911855052177,21.757945379271632 
 06/13  08:30:00,54.73059934425844,27.588510263704727,30.53907963902098,27.407219071910486,18.0,38.240972337482006,23.34162554526547,28.182078807659536,21.919838912476905,22.55950599385119,21.918095730184575 
 06/13  08:35:00,53.83252172633895,27.793742495738993,31.030008888045035,27.631763144706387,18.0,38.264636327452806,23.38188199466443,27.861486475512265,22.031875111892475,22.736745678714556,22.030095944809375 
 06/13  08:40:00,52.70661188234277,27.961769728390717,31.416188496481453,27.816003421949592,18.0,38.15368443360973,23.41093934768376,27.550607600697845,22.13818809035763,22.898411829575366,22.136459723331257 
 06/13  08:45:00,51.46091578164929,28.10506917972687,31.72109136107986,27.973077474580034,18.0,38.03061511740366,23.43799044887329,27.24873632400022,22.24237090620352,23.047208440473014,22.240775579605383 
 06/13  08:50:00,50.148581923882816,28.229702158580174,31.95624541170008,28.109538735126833,18.0,37.715673347516834,23.46338369741648,26.956263938947018,22.34444197042251,23.182635032005464,22.34305388400685 
 06/13  08:55:00,48.801696030363075,28.339378780387722,32.12909260808204,28.22947053718526,18.0,37.392057451573,23.486713262316737,26.67332855406255,22.444345216969168,23.304316995916224,22.443226350980694 
 06/13  09:00:00,46.87969141237744,28.488281596410108,32.135717302864485,28.387355146521195,18.0,36.94371271574569,23.50905801508139,26.139110484837488,22.56695250898497,23.361023954408665,22.566170107224707 
 06/13  09:05:00,45.56158436893085,28.6368863102293,32.2527973670989,28.543389134918495,18.0,36.72931861556786,23.523490739066922,25.945590684825902,22.670381755458152,23.476931662514517,22.669969302061418 
 06/13  09:10:00,44.37402885132269,28.784611620709892,32.366135286454515,28.69755405842637,18.0,36.46003735503181,23.542394072369657,25.753939563057997,22.773983627721805,23.582794684587725,22.77394253569463 
 06/13  09:15:00,43.25401062806883,28.930002709794394,32.45686092682034,28.848616651168975,18.0,36.16995722567122,23.560418122009782,25.564073082643972,22.875863536831105,23.67516413016392,22.876209140454193 
 06/13  09:20:00,41.712287597658325,29.217416198745095,32.447372937430885,29.141108879742735,18.0,35.868068069365364,23.577527304969482,25.154195815110825,23.047594525429872,23.720113604008077,23.04836958892679 
 06/13  09:25:00,40.53041251695458,29.416501088525685,32.44422838218751,29.344771761875258,18.0,35.54477213532447,23.59139096670659,24.971973110366946,23.150264920021982,23.781618828200067,23.151454155243925 
 06/13  09:30:00,39.44143450493404,29.594263329060357,32.411747382016266,29.526670859257617,18.0,35.184653306103066,23.606471643414746,24.792009773426003,23.252252460200452,23.82976422730337,23.253781912445447 
 06/13  09:35:00,39.10536372070643,29.827626258306275,32.683966907880084,29.763809902515465,18.0,35.443236151506454,23.62084072373844,24.97525678190351,23.388124958638286,24.033146134917047,23.38970722505553 
 06/13  09:40:00,39.019308549959526,30.079810653759147,33.062916209778066,30.019467642383884,18.0,35.80508817191783,23.644750123672644,25.15951105774036,23.52829242486962,24.244281147470588,23.52995040754422 
 06/13  09:45:00,39.07454542066236,30.34419774363103,33.508562027581846,30.2870634171739,18.0,36.17215663141286,23.670104469547173,25.34173897754954,23.66953079825396,24.460040025605167,23.671291588362692 
 06/13  09:50:00,39.21703472404388,30.61788796925066,34.002069639588726,30.563729905508186,18.0,36.74207453206661,23.696798619431235,25.52119995879758,23.81198289544443,24.680298409042166,23.813870200239194 
 06/13  09:55:00,39.41384120982319,30.89920070620524,34.532122105098544,30.847813477859336,18.0,37.31843843944608,23.724790227261007,25.69733950234979,23.955735160797985,24.904984747354717,23.957771410755413 
 06/13  10:00:00,39.64353633785234,31.187095233021456,35.091351659722115,31.1382961132425,18.0,38.0334637090087,23.753800016822975,25.869424005390442,24.10072225254521,25.133879478334677,24.102928755844346 
 06/13  10:05:00,39.762216529697895,31.398316866807257,35.56125965705011,31.352084563380675,18.0,38.554055109258144,23.78382025849073,25.911445815395496,24.141435980643735,25.246481195854244,24.143818275403646 
 06/13  10:10:00,39.84481342606556,31.58336131896169,36.00849408270892,31.53957462114168,18.0,39.130060001349584,23.81313143403788,25.94171149433032,24.177532083079427,25.355573649079076,24.180077619156236 
 06/13  10:15:00,39.90149955866621,31.753049058764354,36.445126671458446,31.711579867539214,18.0,39.70773128690588,23.8427704184103,25.96367993198669,24.21305960860127,25.46506192564732,24.21578081965896 
 06/13  10:20:00,40.14663697837778,31.666647766174336,36.98371163098919,31.627342638727086,18.0,40.28367826235878,23.87261297672247,26.083004932209064,24.122857657662507,25.62897940378309,24.1256917443676 
 06/13  10:25:00,40.203392150638166,31.722273636055593,37.451379783239084,31.685001978248316,18.0,40.86212314945054,23.900141078478196,26.072649688368642,24.15452572934879,25.73962522791112,24.157472875873395 
 06/13  10:30:00,40.200222725471036,31.805222671641978,37.90336751802736,31.769881963812836,18.0,41.44542895249582,23.929331102697187,26.054713635563417,24.185941578104007,25.85199725029696,24.189065651456303 
 06/13  10:35:00,39.992704979818086,31.858941608084777,38.187726409617504,31.825428001466545,18.0,41.77290022834746,23.958555437038477,25.936806965925257,24.196791203770204,25.878123368512092,24.2000103107996 
 06/13  10:40:00,39.709077707844344,31.90447673119181,38.40820744107209,31.872689974797186,18.0,42.05412504829504,23.983979815018014,25.81787730022444,24.205536752722878,25.901703806437638,24.208816183927638 
 06/13  10:45:00,39.37981165832037,31.944992870351562,38.587378005541936,31.9148397332178,18.0,42.335443585608346,24.008578224695732,25.697577975069294,24.21398340306274,25.922765864644305,24.217293635863143 
 06/13  10:50:00,39.02076319434866,31.981909958576367,38.736566272187716,31.95330337890261,18.0,42.5291609554392,24.03251711520346,25.576450342858948,24.222270077178734,25.941446648424403,24.225582726481093 
 06/13  10:55:00,38.63211865819396,32.31181004558231,38.744897335389076,32.2846925248171,18.0,42.724202183192304,24.05578013422875,25.450765368887005,24.382145763366736,25.898611327570052,24.385514416051933 
 06/13  11:00:00,38.26675145013858,32.45770179759187,38.81087802126754,32.432005473344944,18.0,42.86250535173193,24.084200647359992,25.347477720911115,24.394664647740512,25.915058380901314,24.398073252891436 
 06/13  11:05:00,37.90269336856995,32.57057484080234,38.874305927292276,32.54623863725653,18.0,42.96915449915964,24.108091416581836,25.269264683355686,24.434870714294902,25.949672791750004,24.438194731771716 
 06/13  11:10:00,37.54052826459451,32.66542747844892,38.93138028356134,32.64238384823945,18.0,43.030715597229104,24.13187622814097,25.195467361665067,24.476822939496287,25.98359343812217,24.48006850613058 
 06/13  11:15:00,37.18092880236132,32.74889767941691,38.98110642472548,32.7270809703617,18.0,43.09220364047357,24.15538372258372,25.12626571741737,24.518971543676003,26.015843173900862,24.522130081881073 
 06/13  11:20:00,36.82465342763335,32.82481973878424,39.02325018980095,32.80416725740668,18.0,43.11472215129883,24.178724851944583,25.062616420648737,24.561196732408007,26.046423146369136,24.564264521240943 
 06/13  11:25:00,36.472457756597485,32.89560327133278,39.05789369616757,32.87605553181548,18.0,43.13715540942496,24.20185581689649,25.005551933553875,24.60347697142049,26.07538071774343,24.60645621967126 
 06/13  11:30:00,36.125061937348406,32.962841444687456,39.08526236391378,32.944342156096376,18.0,43.13200793375436,24.22487234738135,24.956170187897897,24.64587193629268,26.10283090258872,24.648770359352397 
 06/13  11:35:00,35.73546435224143,32.99376052517729,39.00245595218043,32.976254707537485,18.0,42.97189123795675,24.24777611096183,24.894014204717678,24.668628149079154,26.07248708148046,24.671446166467376 
 06/13  11:40:00,35.34363136062363,33.01075881351468,38.87693623801418,32.99419389060764,18.0,42.76156528085364,24.267768478313215,24.84419342892727,24.691868592931826,26.04050255832584,24.69462737010906 
 06/13  11:45:00,34.95979687921148,33.019193047035984,38.72312657674695,33.003519992321664,18.0,42.551622250668736,24.28751218226439,24.80677268112288,24.715919729158486,26.006994180479637,24.71864310552604 
 06/13  11:50:00,34.58971899751288,33.02189737269574,38.548473680782706,33.007070186700304,18.0,42.27187804566275,24.306800875690314,24.780671015791654,24.740329852337993,25.972105173083946,24.743043417816807 
 06/13  11:55:00,34.34030663093973,33.0206954306151,38.357774895339475,33.10958558866812,18.0,41.993442747769585,24.325637592486835,24.79175207864273,24.765086814333813,25.93614177690381,24.80594136065588 
 06/13  12:00:00,34.39246874186967,33.24106980636626,37.95432278793062,33.443873850408984,18.0,41.668514029892584,24.345776254535856,24.936147745237577,24.909666294972737,25.797718608844207,24.97551073013244 
 06/13  12:05:00,34.30456047208964,33.286340174902065,37.63149138103377,33.6214217498542,18.0,41.3049619019944,24.370394332321034,24.927006464972578,24.902137332835593,25.725171942467455,25.00676076609659 
 06/13  12:10:00,34.19836322035364,33.28754476788313,37.3147460048644,33.75256659870925,18.0,40.90313080020997,24.390260549283717,24.9160729368009,24.892796399199483,25.648160391105705,25.034440432616293 
 06/13  12:15:00,34.08688623424427,33.265103629094824,36.997490391991775,33.8494460819231,18.0,40.503586133318066,24.41000252766554,24.904255651905487,24.882631964522943,25.5709022448043,25.057617946646815 
 06/13  12:20:00,33.97370813024365,33.22749248843555,36.67861844466814,33.91547312701218,18.0,40.070402451498445,24.4292794054993,24.891862310345573,24.8719702866764,25.493587436103667,25.07446654632747 
 06/13  12:25:00,34.16746805771802,33.486310444792466,36.209739274032316,34.06425492399832,18.0,39.6398474829796,24.448051393380588,25.03560140562729,25.016555771573962,25.3414142323619,25.141261738385765 
 06/13  12:30:00,34.16249240547289,33.53928592514908,35.83727307287902,34.0822245842789,18.0,39.18866439155367,24.473524887181895,25.022559565239817,25.00543151794261,25.2682835294911,25.12896077086731 
 06/13  12:35:00,34.078568156030926,33.50714706197562,35.54006331787325,34.06067756483892,18.0,38.84670871253465,24.492121768881933,24.98813523465634,24.973395417779102,25.226578600806533,25.110556767845083 
 06/13  12:40:00,33.96040574863061,33.435815787217834,35.27124587262578,34.013492296738995,18.0,38.51246057150959,24.509342341625466,24.954294830212405,24.941838359776284,25.184202421131772,25.090717453006164 
 06/13  12:45:00,33.82137842880503,33.33959327139636,35.01906197633902,33.94782796444728,18.0,38.17888883783173,24.525667071241543,24.920030154642177,24.909871761311933,25.141393034228145,25.069517843597396 
 06/13  12:50:00,33.66861278127457,33.22629643181508,34.7775192101564,33.86812292561871,18.0,37.87362827732518,24.54126707160162,24.88530190914304,24.877480064003066,25.098200263689932,25.045410672334697 
 06/13  12:55:00,33.50645511669103,33.100798771126826,34.543015979946816,33.77730336063695,18.0,37.56859165614947,24.556096627637327,24.85005586072964,24.84461108567598,25.05459049391402,25.02154327391122 
 06/13  13:00:00,33.33768907971202,32.96629293244331,34.31327992621258,33.677378115764235,18.0,37.28102873202696,24.57027995660028,24.814357383336983,24.811329862262085,25.01063741663961,24.996788573309004 
 06/13  13:05:00,33.12269702272004,32.77296939000403,34.047543991712004,33.5190220515948,18.0,36.97322033206238,24.583742600003227,24.661475592824445,24.656188202083626,24.850795471262302,24.85044493226394 
 06/13  13:10:00,32.88889088354408,32.555400241242616,33.769505253883096,33.335787877023414,18.0,36.671145473414626,24.59509873840272,24.502981949869877,24.495252193418537,24.685512578586554,24.6978112525004 
 06/13  13:15:00,32.64274586195747,32.321841624440054,33.4837370023033,33.13549186416462,18.0,36.36811899259898,24.605148141612304,24.343060979560562,24.33281728358719,24.518844911296583,24.543135930941276 
 06/13  13:20:00,32.38760381877045,32.07659786147398,33.19233526071919,32.9221830534102,18.0,36.063282465564534,24.614096561816847,24.182461365284553,24.169667856432284,24.351540055971554,24.387201596118416 
 06/13  13:25:00,32.12555608655815,31.822392753867724,32.89653133640862,32.698427612905995,18.0,35.757598692518705,24.62184143121316,24.021214522986554,24.00584148776676,24.183633396309688,24.230061108035216 
 06/13  13:30:00,31.85798491140647,31.561050401535525,32.59710159416638,32.46595394670576,18.0,35.44959054080411,24.6285687268109,23.85942669612598,23.84144695467097,24.015236742982665,24.07184091596139 
 06/13  13:35:00,31.523560320677163,31.23171424234246,32.705023098030686,32.89030345339477,18.0,35.63783121402309,24.634059318593458,23.665768830653178,23.645389612679878,24.065451250892465,24.267995335871888 
 06/13  13:40:00,31.35488627334821,31.06663333256631,32.84657224325472,33.33812525176877,18.0,35.92202242175182,24.647830813026594,23.575269005075825,23.551747672960687,24.057381822833577,24.355240403615426 
 06/13  13:45:00,31.2385878304578,30.952813565306286,33.026856392994375,33.87411712149645,18.0,36.199567229679104,24.663841703943948,23.48405043769219,23.457305955735478,24.044541179622797,24.4548466357528 
 06/13  13:50:00,31.04150078886628,30.757587014173854,33.38578143989431,34.878778988409714,18.0,36.6451918213147,24.681535254197854,23.335614798261247,23.30612098076074,24.106421116198874,24.76141268058484 
 06/13  13:55:00,30.93779398471752,30.654599914215645,33.64883228662104,35.720070955589826,18.0,37.081894518099006,24.703648554196384,23.248418041459672,23.21553847762425,24.078364819669673,24.88779549440693 
 06/13  14:00:00,30.863858850941995,30.580514319813002,33.8884277843145,36.57477366919834,18.0,37.61958517990749,24.724081839910397,23.159655924654828,23.123318121966122,24.04354899086013,25.02481749679407 
 06/13  14:05:00,30.883849502212954,30.614090726278356,34.176161621157405,37.53813185392,18.0,38.114702446887826,24.74537530595937,23.264012601965703,23.23338692176992,24.186309365705938,25.359247496990122 
 06/13  14:10:00,30.772618434695172,30.52154622023076,34.548202799462516,38.999834586561235,18.0,38.65674052651175,24.770065883160175,23.28157424417475,23.25716445223435,24.368673326940893,25.923854178998397 
 06/13  14:15:00,30.80232154798382,30.572080498295495,34.85650586575184,40.23906304154887,18.0,39.1847616170214,24.797948539600014,23.406035710935384,23.38805637493374,24.50051792492684,26.282256137631066 
 06/13  14:20:00,30.875625045982513,30.667744497890396,35.13778938048136,41.464032705346696,18.0,39.7234001598662,24.826624543663595,23.525440351299153,23.513338114464545,24.62453078933237,26.64936757912517 
 06/13  14:25:00,30.97406717457669,30.789528617587326,35.39366513187985,42.69699568080402,18.0,40.24843484571387,24.85695290752942,23.644731358885906,23.638266949216018,24.74005494989632,27.021068603672347 
 06/13  14:30:00,31.088804408412724,30.928245723668628,35.62321251932996,43.94403484919316,18.0,40.76667569996923,24.88872936805928,23.764184424946166,23.76316023172933,24.84692103470843,27.39726594393494 
 06/13  14:35:00,31.127091451527612,30.9908239453572,35.569138007445105,44.542394447765446,18.0,40.747541952790634,24.921938441017794,23.838381997175077,23.84225736520102,24.823399784099593,27.44649080361944 
 06/13  14:40:00,31.143344101701597,31.031371286911817,35.41791271915099,44.920367317370314,18.0,40.626967556571074,24.946171373030264,23.91095471471533,23.919355055659707,24.802920476157396,27.494988812439487 
 06/13  14:45:00,31.14838986774163,31.060528273642237,35.21189669969186,45.16209829768866,18.0,40.51395254226905,24.969334116023667,23.98471992022661,23.997258981544803,24.787176035459538,27.540146509175713 
 06/13  14:50:00,31.147251033582425,31.083175821004644,34.9727933399021,45.30868749618802,18.0,40.22903276853569,24.991253941625217,24.059485413199127,24.075771177212005,24.77628601582677,27.582070926132417 
 06/13  14:55:00,31.142892364640687,31.102171980550825,34.71415690437291,45.384916386972066,18.0,39.95473720819249,25.012742396306354,24.135377037426792,24.155018843002836,24.770612797210788,27.613557535626114 
 06/13  15:00:00,31.137180565282904,31.119302286142474,34.44497828297434,45.406683748334515,18.0,39.58423144719829,25.033685957746556,24.21239739347004,24.235006294702146,24.770373286493566,27.64687116565574 
 06/13  15:05:00,31.23500091948407,31.22248449336192,34.1696677385089,44.811700112014364,18.0,39.39204918731114,25.054051822177144,24.30520208402487,24.324206952281656,24.73475040124231,27.37517754720818 
 06/13  15:10:00,31.28281495502926,31.269050656872224,33.93537880961696,44.60240900681968,18.0,39.17332707774754,25.068537180760234,24.35212375262796,24.366768825345957,24.7231241146618,27.383565466978382 
 06/13  15:15:00,31.321606994875346,31.302701358382095,33.714970568466626,44.44937099449605,18.0,38.95625667543588,25.085873190783882,24.39994488796765,24.410284918461628,24.715688109050006,27.38861856001256 
 06/13  15:20:00,31.35650912274223,31.329883812738768,33.50395159316642,44.31265048780891,18.0,38.75925500596582,25.10270280218141,24.44748169059949,24.45354289148827,24.711801555532645,27.39138967617845 
 06/13  15:25:00,31.38920673589767,31.353095838264693,33.300689154695156,44.17813245012967,18.0,38.56351211287305,25.118920848084137,24.494815353319154,24.496642682039976,24.70628952059309,27.391196990317155 
 06/13  15:30:00,31.42055463602037,31.373728887687154,33.10448568842601,44.038796662367126,18.0,38.37994472045361,25.13460484978242,24.542003853428355,24.53965342846027,24.707835908723837,27.39538671042112 
 06/13  15:35:00,31.442957830957557,31.38456512911058,32.93118107158107,44.21805509121022,18.0,38.351044114899146,25.149699154643503,24.584988433777767,24.578582893250086,24.713812693275827,27.551604090888418 
 06/13  15:40:00,31.460497926523164,31.389963082237138,32.75908558370396,44.50262143817669,18.0,38.35466289877905,25.16638017832192,24.628188562679725,24.617791435740685,24.721321260791967,27.70654809377106 
 06/13  15:45:00,31.473967711687916,31.390922500663294,32.581702688716206,44.84993812720307,18.0,38.35257045141071,25.183193983278866,24.67065857529451,24.656343181179523,24.729925248256905,27.86234246575168 
 06/13  15:50:00,31.483694771529105,31.387930861091718,32.39520413613696,45.23909647571217,18.0,38.400304535229765,25.200044778418444,24.712424827880454,24.69428772155709,24.74063840676081,28.018911095906446 
 06/13  15:55:00,31.489833169956643,31.38126999302586,32.196923549688876,45.657419866583815,18.0,38.44209714254041,25.216933848575824,24.75348669373915,24.73165137987212,24.754703444071254,28.17615714122701 
 06/13  16:00:00,31.492442041672177,31.4139403343962,32.02782604347013,46.096736023115454,18.0,38.509539943151,25.23384066644931,24.793879342639855,24.778602438926214,24.783246259083853,28.334018077594465 
 06/13  16:05:00,31.37623370575678,31.43322414546293,31.808726413454654,46.380502757398155,18.0,38.27318799218334,25.25173979805862,24.73214159278018,24.75089711653891,24.728375217407574,28.36281764120838 
 06/13  16:10:00,31.215588165659717,31.45548295949746,31.573774337984727,46.618166301139865,18.0,37.99135269419479,25.268282486283944,24.666986545097814,24.72990959785068,24.664442154630706,28.387504161508332 
 06/13  16:15:00,31.027941513588235,31.48362142059665,31.329984979315373,46.82940402794144,18.0,37.709456779935785,25.28501572027558,24.602140438527954,24.713586933262263,24.60005221460608,28.411198712418525 
 06/13  16:20:00,30.8223789277994,31.518979752151296,31.080871847525227,47.02331393223529,18.0,37.33344542539232,25.301668736574232,24.538066126050808,24.70315124070953,24.53640707717682,28.43439691930513 
 06/13  16:25:00,30.604706580270587,31.562386556088896,30.828689616897396,47.205132520682234,18.0,36.96041118031559,25.318223358911133,24.474837637067935,24.699277961925986,24.473696927791536,28.457125481581215 
 06/13  16:30:00,30.37885722476405,31.614390749929868,30.574986401486836,47.37804079083568,18.0,36.53210322996978,25.334701964734535,24.412471073880624,24.702138026618627,24.411957800379582,28.47936523153203 
 06/13  16:35:00,30.13116050863569,31.728929409734427,30.30444867352091,48.17135396360161,18.0,36.044777905352674,25.351102733309975,24.34337698436127,24.732344693787923,24.34365261445714,28.80131028262383 
 06/13  16:40:00,29.838797974770156,31.77283092986727,29.99310202709745,48.46007876742981,18.0,35.51309553795034,25.374665847698527,24.258541907336166,24.729122844652466,24.259762951092853,28.79214434635844 
 06/13  16:45:00,29.527372033531144,31.800050922208236,29.665697609025717,48.633487313114045,18.0,34.984991544097234,25.389021171325677,24.171394708934315,24.72668479400943,24.173698441778242,28.778016609901783 
 06/13  16:50:00,29.204032342998797,31.820224880785958,29.328749071526563,48.74232314445038,18.0,34.420028547005245,25.402679768685196,24.08413309861669,24.728687444399213,24.087727928141533,28.759251051139756 
 06/13  16:55:00,28.872753921031418,31.837478227660057,28.985757811875022,48.806484845771834,18.0,33.85946786155454,25.415350403181108,23.99763919049593,24.735097023295282,24.002508966898915,28.736586831759837 
 06/13  17:00:00,28.536133423700882,31.854068904702157,28.638962066583378,48.83668665999788,18.0,33.28064279645866,25.42721026157284,23.912542296619336,24.741933893892792,23.91884001073157,28.710337135991267 
 06/13  17:05:00,28.220108841432594,31.896588841506432,28.314881695812044,48.945866361181345,18.0,32.82918380007095,25.43826247178932,23.796803348875358,24.733915149464224,23.80476594050549,28.688632504168027 
 06/13  17:10:00,27.904592300578436,31.949541064611164,27.992532018382043,49.06391499003237,18.0,32.37935842419779,25.44823861895843,23.677413182845044,24.725046569658616,23.68720812727912,28.663802893971706 
 06/13  17:15:00,27.643602641426504,32.21550086400937,27.725609739544762,49.89264508446467,18.0,31.9187589474279,25.457217327194254,23.58566622859064,24.811660137018407,23.597433701517218,28.9641962843624 
 06/13  17:20:00,27.337046534291332,32.36576152795606,27.413836233099634,50.23413090917951,18.0,31.472408479793035,25.478153595680386,23.46497689637556,24.81409466937987,23.478853420622386,28.943641988234788 
 06/13  17:25:00,27.012710898142736,32.49464792593429,27.08487380980429,50.47055520220876,18.0,31.015147608517964,25.4880486979809,23.338861177416106,24.81624247354955,23.35496348402131,28.914208875222698 
 06/13  17:30:00,26.673632548058002,32.613562468954655,26.74165778665671,50.643192608532345,18.0,30.552267824022497,25.49691128182351,23.210410627214742,24.819213126277248,23.228841698843723,28.86844212187259 
 06/13  17:35:00,26.380211555879956,32.67711821857433,26.444501541236324,50.43707473716355,18.0,30.06488716178608,25.504432293368968,23.10769119155384,24.80029517794867,23.127356843860298,28.671294952973653 
 06/13  17:40:00,26.09906732366411,32.712206879858975,26.159960362595573,50.09572954201446,18.0,29.56834770299214,25.51046106918928,23.00373696557756,24.77041780033744,23.024486607297547,28.47149286678888 
 06/13  17:45:00,25.823272089293884,32.72424010302917,25.881064080331697,49.668241568260534,18.0,29.071263602505663,25.51500344976945,22.899039412703416,24.723535372764673,22.92072666414242,28.26756135387359 
 06/13  17:50:00,25.549569815971246,32.715525890272716,25.60452194056503,49.178798328210064,18.0,28.5626897157448,25.518350044858497,22.793665288342652,24.675888224159905,22.816121431539898,28.05961278239522 
 06/13  17:55:00,25.27771973342204,32.69194145240744,25.330064394330154,48.65227376818958,18.0,28.053514285157657,25.520387814716205,22.68843058799382,24.62403613015681,22.71146479858089,27.852660007211625 
 06/13  18:00:00,25.003683506441668,32.6467160350814,25.053629486025635,48.08090148076301,18.0,27.536053489905367,25.521374587171117,22.581788244663926,24.562676863575575,22.605188998412245,27.63699579485285 
 06/13  18:05:00,24.721125378608253,32.5563207771932,24.76862331219414,47.412965235445625,18.0,26.98661541591474,25.5205021484867,22.484698876442167,24.492587023187525,22.508008332095756,27.400774169799604 
 06/13  18:10:00,24.435694262741425,32.43756724736553,24.48084422143882,46.69819931605305,18.0,26.432243652963145,25.51857700491666,22.388843747277235,24.41505443289236,22.411788111507917,27.161465504786975 
 06/13  18:15:00,24.148769076718416,32.293956615402834,24.191694208312086,45.948284121780155,18.0,25.885388416873138,25.5152683489739,22.293823017130194,24.330007789503952,22.31612055639971,26.919346852751517 
 06/13  18:20:00,23.861044559765602,32.12691415503295,23.901872428997915,45.169315544607706,18.0,25.335996776301005,25.51069932173043,22.199829622154084,24.23755188838561,22.22117581715247,26.67440237864639 
 06/13  18:25:00,23.57294684186895,31.936907123360704,23.611802805205656,44.364765226873224,18.0,24.794344589756207,25.50469324575711,22.107014153495697,24.137565732611847,22.127072219922752,26.42624715181455 
 06/13  18:30:00,23.284747722337446,31.723671425451542,23.32175162817029,43.53627856676331,18.0,24.260160744949744,25.497342457830015,22.015787515501245,24.02998052349119,22.034174877191617,26.17444177283096 
 06/13  18:35:00,23.025531486131953,31.415649190333625,23.060792513324493,42.498018397240685,18.0,23.744069996955847,25.48807270129652,21.9353544942569,23.87120701274233,21.950828089407764,25.83031847179575 
 06/13  18:40:00,22.778907303178247,31.05947126767508,22.812524565629467,41.392737195224726,18.0,23.250228816870326,25.476297967543715,21.855726084557148,23.70473740015484,21.8680612745261,25.48923641742067 
 06/13  18:45:00,22.541258277798438,30.667376532885108,22.57332363974092,40.25456321097051,18.0,22.770904818219,25.46369669309897,21.778324306908814,23.532587939180985,21.78719830205017,25.153220460176215 
 06/13  18:50:00,22.310857608390307,30.248352342996622,22.34145457400327,39.105891486708906,18.0,22.323245026769968,25.45080972820144,21.703939180399743,23.35577361033745,21.708930791245507,24.825204090660918 
 06/13  18:55:00,22.086667637946412,29.67478596827599,22.11586945355581,37.70943478554794,18.0,21.89054582568389,25.437649282434414,21.633222341794863,23.111258452696916,21.633728519237252,24.380556933296134 
 06/13  19:00:00,21.868034785936622,28.98819483148026,21.89590122501725,36.16802959069137,18.0,21.495895740205636,25.419745493438743,21.578255923123095,22.84092940964308,21.55872398789228,23.905933557144976 
 06/13  19:05:00,21.646541794700223,28.231411002948438,21.673200727277983,34.577491582668024,18.0,21.11985457460666,25.399649623003587,21.4962653613548,22.55344871578029,21.46097330110024,23.424875432979775 
 06/13  19:10:00,21.42599726401371,27.412834618641124,21.4514974278871,32.953182633421704,18.0,20.77196379214483,25.376681044018245,21.39520203591138,22.25731854227581,21.35290681315746,22.94134398227419 
 06/13  19:15:00,21.20734475176507,26.54049055258825,21.231671838808165,31.311886816256155,18.0,20.433068461572095,25.350601946408077,21.276437879401215,21.95407264682592,21.23469099942963,22.47292453578507 
 06/13  19:20:00,20.991408180306866,25.62423102943728,21.014591385730665,29.67201531411172,18.0,20.125230258087672,25.322022036876536,21.141846343742827,21.646843989963486,21.106355483473976,22.01767787479463 
 06/13  19:25:00,20.632139957308116,23.618380584990554,20.654122456510997,26.491429791269557,18.0,19.680433346634906,25.291009470283893,20.79144131184546,20.79236061040217,20.791357200192806,20.784907688514124 
 06/13  19:30:00,20.41198241234614,22.66893726195778,20.432732667992312,24.988594933425126,18.0,19.429895414560594,25.227213278553762,20.700211164916652,20.693863894732658,20.70037955778946,20.691008888433828 
 06/13  19:35:00,20.23261750440894,22.012782752289667,20.252124942457225,23.955628203892616,18.0,19.1784180138976,25.197937616565348,20.621531765982297,20.614599230701856,20.621799298135045,20.612554766279686 
 06/13  19:40:00,20.075939350972092,21.516475002206665,20.09420231355024,23.1819725881728,18.0,18.977245450491075,25.169993669286917,20.543254864162463,20.536704373337443,20.543568833608788,20.534788385599313 
 06/13  19:45:00,19.934136570261476,21.12369347610406,19.951167693561647,22.57720233842754,18.0,18.77536348143301,25.143601527011448,20.465525588163473,20.4595137425315,20.465879788497432,20.45761832293215 
 06/13  19:50:00,19.802599314110093,20.801710477042377,19.81842665575304,22.08846273610251,18.0,18.603025476636855,25.11829976368701,20.388219663693917,20.38276401874333,20.388612599538988,20.380874045542043 
 06/13  19:55:00,19.678362360901428,20.52977391523435,19.693028210371146,21.68213969289606,18.0,18.43016913295547,25.093928862206553,20.311315306419942,20.30640914131476,20.31174659893088,20.30452355747275 
 06/13  20:00:00,19.55943953359797,20.29425783720621,19.572997869273774,21.335928158935435,18.0,18.275935245407346,25.070253667421312,20.234729769933665,20.230358960313083,20.235198871262014,20.228479063456803 
 06/13  20:05:00,19.45682543677862,20.09653275868064,19.469315279776026,21.044204945433112,18.0,18.134737732565764,25.047184682748092,20.17814137056166,20.1737536211906,20.17864573844099,20.171885768293123 
 06/13  20:10:00,19.36209134107641,19.923853313692995,19.373575473581198,20.79070606373052,18.0,18.00881115173886,25.024831608998518,20.12290796645982,20.11845348930177,20.123442061006813,20.116603502903217 
 06/13  20:15:00,19.2727447774124,19.769884781297435,19.283292896010792,20.56639703577987,18.0,17.882855649476156,25.002987407394862,20.068027981921205,20.063509813865437,20.068591787733226,20.061677828762186 
 06/13  20:20:00,19.18736865433966,19.63032553312239,19.19705261904153,20.364953654978564,18.0,17.769943224075835,24.98154764555554,20.013315243520594,20.008741958313863,20.013908142676996,20.006928422651015 
 06/13  20:25:00,19.10501583588885,19.502062098554397,19.113906864988998,20.1817740653416,18.0,17.65701134169392,24.960466795476414,19.958731056864224,19.954111454341728,19.959352475200888,19.952316518551868 
 06/13  20:30:00,19.02502258597721,19.382786767621976,19.03318939752267,20.01344293244607,18.0,17.552886213394988,24.9396690625066,19.904238872650467,19.89958060057063,19.904888164630677,19.897804265025286 
 06/13  20:35:00,18.94691098389455,19.270760220492736,18.954418605697164,19.857394828838814,18.0,17.44874440397644,24.91912398484585,19.84982762085133,19.84513745906338,19.85050422971824,19.843379441752745 
 06/13  20:40:00,18.870329549326208,19.164652740763263,18.877238623363354,19.711580693132674,18.0,17.350754028573128,24.898780535594728,19.795474703602167,19.790758287825497,19.796178034216382,19.789018184192514 
 06/13  20:45:00,18.795015029558513,19.06343470663228,18.801381478153193,19.574361326734145,18.0,17.252748580437515,24.878621996565403,19.741173831269407,19.736436011681462,19.741903362594996,19.73471321074379 
 06/13  20:50:00,18.720766956317426,18.96629948827637,18.726641906389005,19.444428995469817,18.0,17.159147642207106,24.85861407049503,19.68690797076738,19.682152630338237,19.687663154040592,19.68044644654651 
 06/13  20:55:00,18.64743027467779,18.872608246179112,18.65286015959197,19.320731116878665,18.0,17.065532647941076,24.83874528566418,19.63267107200579,19.62790142027029,19.63345142158994,19.626211027425143 
 06/13  21:00:00,18.574883245481438,18.78184983747054,18.579910023151758,19.202412949486355,18.0,16.97514335480877,24.81910945754789,19.578461046109055,19.573679762696315,19.57926617314206,19.572004182182354 
 06/13  21:05:00,18.487623376854632,18.680423616000862,18.492301197866723,19.076569471558116,18.0,16.860592848538733,24.799830505246042,19.503244438392585,19.499416883683466,19.504080016015052,19.4977469329948 
 06/13  21:10:00,18.394967972030816,18.575927333345998,18.399334818304478,18.94984095733112,18.0,16.742981504959882,24.780122590284943,19.426902756370794,19.424057237188094,19.427773723614223,19.422387185395223 
 06/13  21:15:00,18.299078243515094,18.469977936288714,18.30316567992115,18.82346922474271,18.0,16.62500772020981,24.760258542015382,19.35053695775042,19.348623532325973,19.351442648744637,19.346952981284176 
 06/13  21:20:00,18.201010447977175,18.363299668789466,18.20484552937088,18.697922722010148,18.0,16.49991294362457,24.740235744170448,19.274307495124617,19.273264057880738,19.275247720957964,19.27159216336497 
 06/13  21:25:00,18.101409053919475,18.256299280444114,18.105015268225355,18.573412365428158,18.0,16.37435310866156,24.720070463514794,19.198258221026776,19.198019536375114,19.19923292567728,19.196345327728352 
 06/13  21:30:00,18.00069264318183,18.149215871581177,18.00409055176546,18.450021293682372,18.0,16.24397693140752,24.699761550684478,19.12240153623668,19.122900500845958,19.12341065215628,19.12122302788032 
 06/13  21:35:00,17.89914190681074,18.042190127973367,17.902349621295116,18.327762843894124,18.0,16.113062482339497,24.679329227209042,19.046756504698124,19.04792442487019,19.047800035081195,19.046242680845353 
 06/13  21:40:00,17.79694935559054,17.93530258714851,17.79998290985604,18.206611559230964,18.0,15.978455963691419,24.65877053092295,18.971328309073897,18.973094800742786,18.972406230588547,18.971407824638334 
 06/13  21:45:00,17.69424930655679,17.82859616208301,17.697122955971757,18.08652075034249,18.0,15.843248793584516,24.638108462314374,18.896135447079246,18.89842846914786,18.897247825005536,18.89673523494656 
 06/13  21:50:00,17.591136711405202,17.72208987851697,17.593863178648878,17.967432706450968,18.0,15.704920884668883,24.61733605008216,18.82117985348009,18.823925618966825,18.822326717343287,18.822225162866857 
 06/13  21:55:00,17.48767934720221,17.615787465304006,17.49027002721628,17.849284704466054,18.0,15.565934937426123,24.59647824115363,18.746480934858198,18.749603892566768,18.747662423765632,18.747895171250548 
 06/13  22:00:00,17.383925912929215,17.50968282649041,17.38639104559644,17.73201254583517,18.0,15.424086938418643,24.575523653972436,18.672038196720678,18.675461000681935,18.673254404870193,18.673743046779293 
 06/13  22:05:00,17.32793893815682,17.447304036979677,17.330267477744776,17.65774204154896,18.0,15.393329542664997,24.55449837266835,18.66587175053371,18.668397312569482,18.66710641394269,18.666689333529177 
 06/13  22:10:00,17.291117471189583,17.40264320298703,17.293311988015255,17.601397058121115,18.0,15.38524122642973,24.53427062459908,18.662112866539474,18.663844367375134,18.663343463138176,18.662163365677486 
 06/13  22:15:00,17.266267470219756,17.36919876885666,17.2683333347734,17.556674136566578,18.0,15.376303068648856,24.51423860943743,18.658684081478896,18.659872291678028,18.659912655707103,18.658214129471617 
 06/13  22:20:00,17.24958797957994,17.343558700452892,17.251531651029012,17.520242572474263,18.0,15.404903531113904,24.49434920517881,18.654922784234145,18.65584006777823,18.65615031468849,18.654201974275338 
 06/13  22:25:00,17.238608253692583,17.323515666048856,17.24043662079071,17.48993057356033,18.0,15.432023691381426,24.47463628992251,18.65058442252598,18.65150999747368,18.651807913029927,18.649894562387203 
 06/13  22:30:00,17.23162687988422,17.30755443878064,17.23334690611477,17.464233322270477,18.0,15.480817513051946,24.45504827108789,18.64540276211079,18.646613100005652,18.646620671400683,18.645021294488913 
 06/13  22:35:00,17.227436882033953,17.294601610586124,17.229055401691614,17.442073002340667,18.0,15.52779079118292,24.43561313323982,18.63938627873233,18.641152078362836,18.64059909956171,18.639582172085397 
 06/13  22:40:00,17.225163808822074,17.283878954817336,17.22668741024202,17.422658135935205,18.0,15.586746390640444,24.416280540316222,18.632529981797916,18.635113541218516,18.633738031699295,18.633564131908997 
 06/13  22:45:00,17.22416369342578,17.274811558716987,17.225598655402788,17.405395362914874,18.0,15.643729174401697,24.397084191601433,18.6248805609211,18.6285380055416,18.626084930862362,18.62700763670489 
 06/13  22:50:00,17.22395609307983,17.266967915803217,17.225308354525747,17.38983182367421,18.0,15.706480010820043,24.377978919565177,18.616443696298347,18.621422552651268,18.617643957713824,18.619910063530597 
 06/13  22:55:00,17.22417881566151,17.260019679899404,17.225453964650512,17.37561637691522,18.0,15.76722400169933,24.358991161842958,18.60726426455176,18.613805920794903,18.60846062351618,18.612310109824364 
 06/13  23:00:00,17.224556573145225,17.253713975903022,17.225759845364102,17.36247285415319,18.0,15.829771884843648,24.340077587319747,18.597348144116438,18.60568622042291,18.5985406352371,18.604206145916123 
 06/13  23:05:00,17.206429463680518,17.23171672572108,17.207574884731553,17.33456973309368,18.0,15.820948842650301,24.32126843875824,18.57287132238821,18.58061766128435,18.57407405054323,18.579138389488662 
 06/13  23:10:00,17.18131458312262,17.203895866989118,17.182409265128978,17.301368119341497,18.0,15.798764511415289,24.302303779323196,18.547396174987853,18.55407954274864,18.548616251716055,18.55259437387224 
 06/13  23:15:00,17.151886463070092,17.172547625899416,17.15293560638653,17.26504827266056,18.0,15.77626863518143,24.28348845064438,18.521490046368115,18.5271481708412,18.522727474102794,18.525657118688457 
 06/13  23:20:00,17.119440681869705,17.138788039622753,17.12044842008304,17.226659776975392,18.0,15.731006081170715,24.264776761818112,18.495273877393856,18.500000523843482,18.496528706110666,18.498503096163404 
 06/13  23:25:00,17.084758688601365,17.103292344425746,17.085728434816073,17.186831877411304,18.0,15.685134040660687,24.246199467172783,18.46877621826252,18.472676039119847,18.470048610008234,18.47117150940892 
 06/13  23:30:00,17.048341325160518,17.06649397897116,17.049275973962445,17.145963969668514,18.0,15.624729158313103,24.22771813784385,18.441969121257443,18.445149687352114,18.44325909614048,18.443637348950006 
 06/13  23:35:00,17.010519205295935,17.028678861258026,17.01142126317183,17.104315628500725,18.0,15.56354097548622,24.209367216351932,18.41485895171411,18.417430468904513,18.416166706026218,18.415909449086485 
 06/13  23:40:00,16.971514811941866,16.990038675247696,16.972386485834214,17.062057413288944,18.0,15.492053815477108,24.191110628335508,18.387411766921275,18.38948511627291,18.388737385615173,18.387955785769236 
 06/13  23:45:00,16.931479763486433,16.95070300880971,16.93232302311738,17.019301465190303,18.0,15.41964334931034,24.17297999926688,18.35963235546825,18.36132158297869,18.360976128224536,18.359783580989415 
 06/13  23:50:00,16.890518076936463,16.91075950901034,16.891334699941236,16.976120664408104,18.0,15.339286472396331,24.15493157486121,18.331483726302906,18.33290501117517,18.332845845512793,18.331358116442004 
 06/13  23:55:00,16.848701133498814,16.870266901803102,16.84949273889755,16.93256097790448,18.0,15.257885499754437,24.13700245151046,18.302970168362265,18.304242686311795,18.304351126058236,18.302686404836322 
 06/13  24:00:00,16.80607754912481,16.829263606243476,16.806845622660713,16.888649605473155,18.0,15.16983920650047,24.11914785671221,18.274048223416912,18.275294086067277,18.275448608889576,18.2737278402505 
 06/14  00:05:00,16.758023628743963,16.781447269804726,16.75876718420088,16.83795302007695,18.0,15.094910237944612,24.101405040844977,18.234905127325135,18.236164337192463,18.23631374966658,18.23459771982118 
 06/14  00:10:00,16.70765302414705,16.730855793225256,16.708372530619066,16.78458291853059,18.0,15.018392511055646,24.100289604577792,18.193132741890167,18.194419569887202,18.19456119197372,18.192840776755133 
 06/14  00:15:00,16.655782337502743,16.678514638948666,16.65647857116669,16.729577988657045,18.0,14.941861618341473,24.08916339402381,18.148548839011596,18.149852510785195,18.149984589127655,18.148274992003564 
 06/14  00:20:00,16.6028478683741,16.624960799969664,16.60352172902269,16.67347857049573,18.0,14.866951069715231,24.077602037308253,18.103612359536157,18.104935273510478,18.10505796687289,18.10335579804996 
 06/14  00:25:00,16.549133059032,16.57053873856259,16.549785501200933,16.616628744831118,18.0,14.792031867614401,24.06558330638785,18.0583285877384,18.05967040067833,18.059783933093684,18.058088619502087 
 06/14  00:30:00,16.494833104679667,16.515482898166937,16.49546510040943,16.559260575647972,18.0,14.717951353699581,24.0531759861945,18.01274021495658,18.01410060005071,18.014205221424845,18.01251614156729 
 06/14  00:35:00,16.440086955400712,16.459958131848623,16.440699472033423,16.501535384312106,18.0,14.643861579510364,24.040446272073932,17.966898191980476,17.968276948718028,17.968372922130698,17.96668932300497 
 06/14  00:40:00,16.384996023089617,16.404083191489047,16.385590009547744,16.443567735596055,18.0,14.570242595209578,24.027396569872174,17.92082661047425,17.922223463294017,17.922311044822834,17.920632286893124 
 06/14  00:45:00,16.329635807783557,16.347945259673487,16.33021218605135,16.385440285106753,18.0,14.49661413538713,24.01407967383039,17.874571833436562,17.875986650728123,17.87606609916338,17.87439141958731 
 06/14  00:50:00,16.274063415442612,16.29160930555078,16.274623075456905,16.327213343350675,18.0,14.423256644352033,24.00050274380658,17.828149883194783,17.829582487765208,17.829654047902125,17.827982782269373 
 06/14  00:55:00,16.21832258151987,16.235124306148638,16.218866378395838,16.268931235292822,18.0,14.349889598466676,23.98670299874844,17.781591844307798,17.783042190828155,17.78310610244199,17.781437486756204 
 06/14  01:00:00,16.162447126967493,16.178527501119156,16.16297587984789,16.210626644863364,18.0,14.276680982423144,23.9726883475861,17.73490886832178,17.736376966531225,17.7364334553115,17.734766715448927 
 06/14  01:05:00,16.131196304413937,16.145682256497697,16.131709843107192,16.176117776548374,18.0,14.24381186480605,23.958485106489334,17.728535141120574,17.729967903116346,17.730059671258857,17.72836199305317 
 06/14  01:10:00,16.10977726144602,16.12231280076761,16.110276037318087,16.15115514916198,18.0,14.22011824101322,23.944589065368604,17.72379040071428,17.72516824265483,17.725307865760897,17.723572605332492 
 06/14  01:15:00,16.09457909504714,16.10494082539157,16.095063678034702,16.132263437281445,18.0,14.196564084890374,23.930740562444132,17.719671916158973,17.720986895097212,17.721183668524986,17.71939967043903 
 06/14  01:20:00,16.08374574501645,16.09178198060411,16.084216747563058,16.11765783682509,18.0,14.18760576964035,23.91690473693881,17.715822150713905,17.71706621304611,17.71732874406996,17.71548651559442 
 06/14  01:25:00,16.076095039965107,16.081701490501665,16.07655308775308,16.106201859685953,18.0,14.17870516924206,23.903098657939914,17.712112074125628,17.713277375414123,17.713613794984212,17.711704662787554 
 06/14  01:30:00,16.070826082373742,16.073931485123232,16.071271798170724,16.097125297791735,18.0,14.179066759103591,23.8893096278637,17.708476350871535,17.70955501462811,17.709973280571035,17.70798898861767 
 06/14  01:35:00,16.067377797987994,16.067934514928293,16.067811791863924,16.089888048167932,18.0,14.179426601625623,23.875552527031438,17.704900004569993,17.70588447728676,17.706392244524295,17.704324841047367 
 06/14  01:40:00,16.065347056499995,16.06332465764037,16.06576991971096,16.084101393993897,18.0,14.185895357936369,23.861814323138677,17.701364408460904,17.70224707678051,17.70285196795828,17.7006936421285 
 06/14  01:45:00,16.064438026878065,16.059818792512708,16.064850328056135,16.079479380779805,18.0,14.192323603662302,23.84810878736062,17.697872894005627,17.698646479516754,17.69935583581639,17.6970990157987 
 06/14  01:50:00,16.064429579378555,16.057205283251022,16.064831862271703,16.075807560058077,18.0,14.202838718622258,23.83442361330773,17.694415285706157,17.69507240916562,17.69589359751143,17.693530772639008 
 06/14  01:55:00,16.065153668881194,16.055323239904357,16.065546451183227,16.07292228771718,18.0,14.213287858372068,23.82077199229082,17.69099776509381,17.69153139212716,17.692471486443424,17.68999539518768 
 06/14  02:00:00,16.066480651151718,16.054048450516664,16.06686442411507,16.08147073294004,18.0,14.226489723485575,23.80714249996157,17.687612235145878,17.688015202334896,17.68908133537866,17.687373477322126 
 06/14  02:05:00,16.092612762367157,16.08058194859246,16.092989868848118,16.10062376856352,18.0,14.275208706392268,23.79355074295999,17.745298346026743,17.746559009357554,17.746778978277234,17.74506103221904 
 06/14  02:10:00,16.128900170756246,16.118415383838347,16.129271736194728,16.13609841640087,18.0,14.33414269902588,23.78070522577526,17.80722177165046,17.80903606584775,17.808703908524308,17.80750874284695 
 06/14  02:15:00,16.171877245178656,16.163594449150338,16.17224407933592,16.17974627807119,18.0,14.39374669433338,23.768123930518588,17.870509881746273,17.872601811408117,17.871983007225595,17.87108394812128 
 06/14  02:20:00,16.219820073776617,16.214128750624834,16.220182818832512,16.229089491785892,18.0,14.468373160504049,23.755740922290943,17.93455909104557,17.936656575211487,17.93602699652547,17.93514852488329 
 06/14  02:25:00,16.271663236240236,16.268775209387908,16.272022424440973,16.282749971024785,18.0,14.54387445020095,23.7435713479471,17.99944062436191,18.001272114927815,18.000903366905618,17.999774270335593 
 06/14  02:30:00,16.326707374253367,16.32670856593437,16.32706346016758,16.339836271601385,18.0,14.630242973775788,23.731582674734558,18.06514960635286,18.066443442676075,18.066606936001563,18.06495590431905 
 06/14  02:35:00,16.38447974561245,16.387363509233236,16.384833125979235,16.39974428354937,18.0,14.717633097380904,23.719793944750705,18.131713983514942,18.132198857425692,18.13316568583059,18.13072159885843 
 06/14  02:40:00,16.44465489023516,16.45034440351455,16.44500591671003,16.462053959122763,18.0,14.813725495546041,23.70817518819446,18.19913178966567,18.198536885211922,18.200577471073757,18.197070046272415 
 06/14  02:45:00,16.50700644163427,16.515370173270764,16.507355429311676,16.526468128834924,18.0,14.910967739632486,23.696747613294246,18.267430106083452,18.265485773436808,18.268869448756504,18.2640294175211 
 06/14  02:50:00,16.571376673999932,16.5822392940607,16.57172390740657,16.592774244127355,18.0,15.015733536460107,23.68548356661667,18.336605780172306,18.3330440692593,18.338038304935026,18.331598420237697 
 06/14  02:55:00,16.637656681528362,16.650806887894152,16.638002419107274,16.660819615807938,18.0,15.121769363347006,23.674406015749494,18.406685021480257,18.40124048290693,18.408110336009145,18.399805678253188 
 06/14  03:00:00,16.70577317693016,16.720969384329024,16.70611765463138,16.730494964439586,18.0,15.23473154058332,23.663488705700644,18.477663366718048,18.470073942802628,18.479080921312573,18.46865027500951 
 06/14  03:05:00,16.71479942994899,16.729795513219194,16.715140527937898,16.738820073152237,18.0,15.257405374891592,23.652756204498345,18.409512610731667,18.403584609206007,18.41090477992128,18.402184378229094 
 06/14  03:10:00,16.69994842080255,16.713997201475365,16.700285328929834,16.722532496376836,18.0,15.263363421734164,23.640499606077977,18.334985643136292,18.330636508814507,18.336388494996754,18.329224900681766 
 06/14  03:15:00,16.66994608987606,16.682631624809797,16.670278342937447,16.69069510190223,18.0,15.268525484692764,23.627892594942605,18.25966192111798,18.25679800004366,18.261070490254042,18.255379591806275 
 06/14  03:20:00,16.629334539570127,16.640383364209224,16.6296618520736,16.647994736404375,18.0,15.242955853851928,23.615015728658285,18.18437488379601,18.18290424595898,18.185788321118707,18.181479711176166 
 06/14  03:25:00,16.58104487362621,16.590257250417572,16.581367075943454,16.597437209539954,18.0,15.216956770706608,23.601884297534166,18.10926342104318,18.10909331742272,18.110681333752154,18.107662897077034 
 06/14  03:30:00,16.527086934737806,16.53430225034513,16.52740393726833,16.541071751910422,18.0,15.171368587982696,23.58852947620651,18.034364407465148,18.035401132961056,18.03578650598547,18.033964975936442 
 06/14  03:35:00,16.46888302666098,16.473961073259506,16.46919479787165,16.480340894759603,18.0,15.125639527463452,23.574969041815486,17.959688227993297,17.961837341281182,17.961114218833018,17.960395609022044 
 06/14  03:40:00,16.4074629364793,16.410273660885398,16.407769489052825,16.416284121855508,18.0,15.067071969621121,23.561226420477432,17.88524521580348,17.888411868627827,17.886674842158925,17.886964693625714 
 06/14  03:45:00,16.343586080989166,16.34400403421777,16.343887462784576,16.349664819539836,18.0,15.008541417445922,23.547316807638417,17.811039695403906,17.815128859391848,17.81247270924365,17.813676372289308 
 06/14  03:50:00,16.27782120765302,16.27572264442592,16.2781174954522,16.281052696124917,18.0,14.941596007656774,23.533255891179174,17.73707595149881,17.741992662943403,17.738512134049188,17.740534971247087 
 06/14  03:55:00,16.210599990142246,16.20586146633354,16.210891284954904,16.210878921877793,18.0,14.874797594862185,23.519057553039,17.663356709069433,17.669006259224034,17.66479587069915,17.667543446696982 
 06/14  04:00:00,16.1422539408359,16.13475174982689,16.142540364054543,16.139473912403744,18.0,14.80254007042177,23.504731056501655,17.589882003207663,17.596170074489464,17.59132397535518,17.59470220867138 
 06/14  04:05:00,16.1189532988588,16.108804165889072,16.11923534687722,16.113250585288984,18.0,14.784661359874471,23.490289122127248,17.601707074619753,17.608275175311064,17.60315854729356,17.60679700296521 
 06/14  04:10:00,16.113101179057725,16.100371880932133,16.11337915954703,16.104559449742286,18.0,14.774978951765965,23.476809867805887,17.618896397939523,17.6255342684658,17.620333600613094,17.624069839336016 
 06/14  04:15:00,16.118055870678774,16.102794472003907,16.118330038572136,16.106738544842624,18.0,14.765642506377032,23.46368721545868,17.638217321025536,17.64483512563561,17.639642108793396,17.643382208724688 
 06/14  04:20:00,16.130467101059804,16.112708746981703,16.13073768483496,16.116423488509096,18.0,14.77255074840006,23.45083555674363,17.658557409411628,17.665085403842,17.659970876605712,17.663642828353034 
 06/14  04:25:00,16.709305832440673,16.5526385808985,16.351754946366533,16.336640289438915,18.0,15.042507153164049,23.438272473150423,17.96315349106726,17.90499485759267,17.791715440316068,17.79816104303592 
 06/14  04:30:00,16.886705480533784,16.703947069620572,16.47529785567262,16.45933696950828,18.0,15.138406414683068,23.442542503338416,17.958212006092822,17.912454715627064,17.83029627175324,17.836716717219247 
 06/14  04:35:00,17.327924243522165,17.02331636975881,16.64047553675716,16.62437454302266,18.0,15.320369253764833,23.43396198557587,18.13350889301944,18.041630849954572,17.895741125511563,17.90307792904389 
 06/14  04:40:00,17.858150030798825,17.39164575588109,16.8212971865014,16.805706939932634,18.0,15.514325868296517,23.43304599482145,18.310311627453075,18.16741457666319,17.963112712128122,17.971036599842478 
 06/14  04:45:00,18.437959385061415,17.782246845264762,17.01242492083725,16.997977323439233,18.0,15.70789486405341,23.433930412923786,18.485255493548664,18.288513508825815,18.030533688952744,18.038629111644525 
 06/14  04:50:00,19.047041616454027,18.182214033035205,17.21109585198952,17.198411150375133,18.0,15.927467654945975,23.436151699701437,18.658281815907685,18.405185012673655,18.09808305995,18.106776259192543 
 06/14  04:55:00,19.55335790088213,18.522123835340107,17.415419305392568,17.40510896097617,18.0,16.14646019634978,23.440271796798193,18.77085842204508,18.487747386364504,18.165975765620658,18.17543293884978 
 06/14  05:00:00,19.968775364668975,18.810926022380972,17.624016734319444,17.61668630616499,18.0,16.380959121904244,23.442618424222434,18.85366627228757,18.554076871470897,18.23332811936973,18.243588845398392 
 06/14  05:05:00,20.36404112242396,19.09198958668044,17.85027286955624,17.8467980138372,18.0,16.639102851913144,23.44502532808318,18.970497574471665,18.65268559878041,18.332975396856796,18.344135021190652 
 06/14  05:10:00,20.74231442592641,19.36408648951537,18.085575140067156,18.086383508670774,18.0,16.91378615060352,23.458311941711678,19.08765270765514,18.75123786514655,18.433530534620218,18.445353980169898 
 06/14  05:15:00,21.1093823271898,19.62974532488453,18.32793392651121,18.33306731647077,18.0,17.189848771692816,23.464443437772466,19.20456118181511,18.84915575633289,18.534150311882854,18.546515293004802 
 06/14  05:20:00,21.469314206163492,19.89088572144289,18.575589819022213,18.584995814008092,18.0,17.48287063337513,23.47195295653791,19.322050585672912,18.94712217107042,18.635373761424944,18.64817076801188 
 06/14  05:25:00,21.82484411360195,20.148805577262845,18.82766622429514,18.841165380781224,18.0,17.776997250585428,23.479831414181128,19.439980158204207,19.04490542913271,18.736956808849186,18.75007612472524 
 06/14  05:30:00,22.17781140399164,20.404370395529533,19.083518663763165,19.10084528788637,18.0,18.083024655415652,23.48806597437342,19.558416279493372,19.14250457761284,18.838904965065353,18.852239356334508 
 06/14  05:35:00,23.303816476526784,20.951437040372188,19.35122517427469,19.372128508993192,18.0,18.411113730540936,23.496731669204692,20.067928429062704,19.393262797570856,18.949249543893757,18.96201018277975 
 06/14  05:40:00,24.177240941300557,21.382668586046602,19.609960489241143,19.633975882558232,18.0,18.766462055628413,23.51753686506407,20.30041650469633,19.532942212065166,19.054617939280206,19.06659225379775 
 06/14  05:45:00,25.031095389564136,21.790735637705083,19.8681877025665,19.894855825763635,18.0,19.130433069412838,23.53168475610076,20.542011018726896,19.667337209992525,19.158116736557304,19.169238587563882 
 06/14  05:50:00,25.917293969818807,22.19186854011405,20.123781252966182,20.152607601096108,18.0,19.524485357965478,23.54653157304454,20.80506791558753,19.801444368569832,19.26031328662839,19.27052160807216 
 06/14  05:55:00,26.788723010736643,22.574839813459114,20.383819790060667,20.41434331772109,18.0,19.927605279239543,23.562515744414426,21.050288409061693,19.927148853975837,19.365124149693656,19.374433690251294 
 06/14  06:00:00,27.663107445436523,22.944292633732097,20.646735608529344,20.678483104432367,18.0,20.360929688026772,23.578864239749073,21.297145785146654,20.04826322386782,19.470360308554405,19.4787575049653 
 06/14  06:05:00,29.12635364618756,23.528042666902937,20.984598899080062,21.022531103103727,18.0,20.810556472639416,23.595965318010354,21.89004325754405,20.337247434609708,19.66737177286052,19.679649168986998 
 06/14  06:10:00,30.19861990239752,23.97267940648272,21.30677226608244,21.353069419462827,18.0,21.28477787036833,23.629085317427243,22.191028774554184,20.52333176619561,19.85224742809868,19.868349596431813 
 06/14  06:15:00,31.17487290161729,24.374772597269235,21.62908577087098,21.68546694941565,18.0,21.760299884011967,23.657605935405602,22.489356136541346,20.702418926976407,20.035389315151974,20.055415830514676 
 06/14  06:20:00,32.09610636662092,24.747552725405505,21.95215701118534,22.020108058754303,18.0,22.255950948534203,23.685091407607448,22.784054937384553,20.875303786446295,20.21809276275536,20.24211013001468 
 06/14  06:25:00,32.97726339017153,25.09565186061743,22.27555777057413,22.356416253365747,18.0,22.75244211880031,23.715216587492414,23.075931395644716,21.042973644767585,20.401130677240985,20.429204148775966 
 06/14  06:30:00,33.826228497400244,25.42159012971139,22.598857809248162,22.693857995689918,18.0,23.262810402847386,23.74640817574323,23.36452511174366,21.205311679602858,20.584185140495265,20.616363288451907 
 06/14  06:35:00,34.64519982876479,25.73997013333332,22.937978690286787,23.048580642293945,18.0,23.787194766731783,23.77846895705127,23.649399657845777,21.369834990115237,20.77522879453028,20.81193301118276 
 06/14  06:40:00,35.436410565125335,26.043364200693976,23.281823864235186,23.409387986346115,18.0,24.32261339785452,23.81188047522517,23.92994581681944,21.530185635977432,20.96636805054402,21.007628560948717 
 06/14  06:45:00,36.20139541085802,26.330692821349068,23.6275489954213,23.77337494766752,18.0,24.85687797671242,23.845922022544947,24.16008669511649,21.662123552978755,21.12541287644501,21.170161010021502 
 06/14  06:50:00,36.94121294201846,26.60172518954576,23.97365327379459,24.13898430846434,18.0,25.399891377075342,23.814347454565965,24.383953914172935,21.7741873442651,21.2875366639729,21.33542302662636 
 06/14  06:55:00,37.65661123614457,26.856520690626514,24.319183039024836,24.505207925825232,18.0,25.941537823877194,23.760472553893422,24.61169018834255,21.887344249399348,21.445517363133263,21.496110639074402 
 06/14  07:00:00,38.3481323692873,27.0952906050153,24.66350166682453,24.871356566730736,18.0,26.487311654869504,23.709374175121535,24.84325280490333,22.00520039546268,21.608284849950564,21.661679347713402 
 06/14  07:05:00,39.15692941040476,27.33747073906635,25.027446905158335,25.24463137225489,18.0,27.115427589533596,23.665844239673653,25.146319059075097,22.13770310336963,21.78694360109455,21.83960330653821 
 06/14  07:10:00,40.6756158186636,27.665022467925986,25.424504547979748,25.64662163817389,18.0,27.77475155035788,23.704810515754495,25.752017125805537,22.30900126070867,21.9715126865525,22.02318650201954 
 06/14  07:15:00,41.751018278631335,27.910376340635437,25.810212351565912,26.033468590103723,18.0,28.44611269375541,23.714428663796085,26.036208432599096,22.424079330434438,22.138100156085216,22.187599299615044 
 06/14  07:20:00,42.74077207512106,28.12613976223393,26.197312884780327,26.313550609088722,18.0,29.165204533197116,23.720242082398492,26.321240995952962,22.539428243813973,22.304302246092675,22.307576124925447 
 06/14  07:25:00,44.044858340411054,28.31999474573087,26.58739074767523,26.66658868749003,18.0,29.89688138756255,23.728563614607815,26.770902463589096,22.657837402723942,22.471775922846746,22.472668981649974 
 06/14  07:30:00,45.04901486496205,28.494803624815567,26.98091576249806,27.03849283785335,18.0,30.673182280410074,23.739600630701773,27.03334537079752,22.78053221101561,22.640527733265003,22.64131146384534 
 06/14  07:35:00,45.89217733821119,28.664916363237317,27.39299486166042,27.436336591406093,18.0,31.442903572219155,23.751936484090038,27.262358814755316,22.915894241721674,22.817226903099538,22.818209440378894 
 06/14  07:40:00,46.661037477639816,28.825202708041928,27.81351451591748,27.847048537953356,18.0,32.24977202805991,23.76584693994358,27.488796539221767,23.05722194225268,22.994417598334508,22.99556434275746 
 06/14  07:45:00,47.37947334605001,28.994588237809353,28.26430761164555,28.266701842624865,18.0,33.06673157262837,23.781215650621327,27.712079618539292,23.20276372460171,23.17247399574569,23.17340295122591 
 06/14  07:50:00,48.059923909676534,29.28419621598961,28.841429818108914,28.693164432354905,18.0,33.916786644503446,23.79768509141766,27.932134727081745,23.37700334602107,23.379133019384142,23.351710336728274 
 06/14  07:55:00,48.70972805176294,29.617057818928597,29.47825809518841,29.12508825270659,18.0,34.77690547007676,23.816822603083658,28.1492226490509,23.551911349079433,23.598302158937372,23.5308329978742 
 06/14  08:00:00,49.33337892262836,29.975861081263545,30.154775043469776,29.561564688352284,18.0,35.671354925145934,23.837424210043334,28.362955081888572,23.727110219806264,23.826639169019018,23.71038927835764 
 06/14  08:05:00,49.76012789893759,30.292250382596155,30.7662782888247,29.915569388758207,18.0,36.3040975236307,23.859517710751675,28.586680748282788,23.981529486328327,24.12621874771594,23.95711075667748 
 06/14  08:10:00,50.10849194945788,30.596606907135822,31.357802808466005,30.236924695941212,18.0,36.897607671506115,24.132385712096347,28.781587974729973,24.203542482394028,24.398037991454487,24.170622101522554 
 06/14  08:15:00,50.402139034671556,30.89328433922836,31.935810617756548,30.536426793416496,18.0,37.482239577401046,24.26204723735447,28.936743512506155,24.387495630474234,24.636285294397794,24.34638016282645 
 06/14  08:20:00,50.652999047217,31.183810255003028,32.50253239978561,30.819416700026675,18.0,37.98217549580775,24.38121017152507,29.08288106576981,24.565725832653925,24.872088702181884,24.516175585572455 
 06/14  08:25:00,50.86837309731735,31.468965652472132,33.05906161943959,31.08923653597584,18.0,38.47581474018199,24.48897753286999,29.220293028801166,24.738273323504416,25.104935579615983,24.680235120827774 
 06/14  08:30:00,51.0529910595968,31.749202833279124,33.60598558550801,31.348133640437595,18.0,38.9120316768482,24.588827700455884,29.350662687033264,24.90664904576414,25.33574176321133,24.840093997681947 
 06/14  08:35:00,50.658117303711535,31.90237689579948,33.95312855536188,31.47773335706958,18.0,38.970416577326155,24.682372267256373,29.21751170995458,25.01225866369839,25.483170937845216,24.939792100453417 
 06/14  08:40:00,50.08966062298007,32.00888393871581,34.21660336341793,31.558997035940195,18.0,38.91939848494714,24.760441462700744,29.08744170971005,25.112649826207644,25.620832911326374,25.0345706694186 
 06/14  08:45:00,49.427439535486585,32.086984354214884,34.42170383069474,31.610948035371717,18.0,38.86639773832269,24.83215794888156,28.96187267522464,25.21098427976642,25.751729335187974,25.127770142222516 
 06/14  08:50:00,48.710881493680475,32.14583374538771,34.58120529525473,31.643307367341873,18.0,38.67492628693957,24.89873700501564,28.841469214117637,25.307800595092772,25.876241486319714,25.21994786358141 
 06/14  08:55:00,47.96375150798781,32.19109725642462,34.70326961490514,31.662159396280057,18.0,38.48457743730206,24.960154779507018,28.72624959356483,25.40313661418577,25.994335486626653,25.311157394809356 
 06/14  09:00:00,46.65995873126287,32.33100024288445,34.73383127955911,31.772745737281493,18.0,38.214843152956426,25.01818920872701,28.364253129098415,25.545836708311526,26.079385894167046,25.447144395519445 
 06/14  09:05:00,45.85069367582011,32.465149048118526,34.87617257727078,31.898929345296406,18.0,38.16247609796794,25.068340224757527,28.327405136882362,25.683064556070008,26.235736490340116,25.585649400166062 
 06/14  09:10:00,45.149823015939674,32.601911018299006,35.034301360506625,32.03436234344639,18.0,38.0947323576986,25.0873375593271,28.30065295106226,25.827485651230404,26.395841755656818,25.731529646626882 
 06/14  09:15:00,44.50646098814197,32.73988433827695,35.191574682612966,32.17466116777583,18.0,38.020803835785664,25.12309496325446,28.28099897449613,25.974589109782755,26.553834574488633,25.880086946838446 
 06/14  09:20:00,43.901672382204154,32.87781509051809,35.341141734937175,32.31722008457636,18.0,37.9695711994582,25.15668504352971,28.264438330028668,26.120482688550396,26.705848714680428,26.027557728615648 
 06/14  09:25:00,43.32577763953828,33.01490715551945,35.479359283888876,32.46046809472283,18.0,37.912351981363,25.1882654924983,28.251028376398722,26.26531065021527,26.85202232534624,26.174030508323312 
 06/14  09:30:00,42.77355833674619,33.15066997427866,35.6042122773899,32.60343942277444,18.0,37.85883459359982,25.21817970304575,28.240902724311297,26.409255462692897,26.992612343237965,26.319667645821937 
 06/14  09:35:00,42.393239085817164,33.316309515992614,35.79555745173362,32.77616784243925,18.0,37.93332299510709,25.24637844310509,28.30741559108708,26.5673603698001,27.164752335379944,26.478620302756553 
 06/14  09:40:00,42.074813288086254,33.49156037871149,36.002906357421516,32.95856142997424,18.0,38.030507785636004,25.27611267852861,28.375812919524492,26.725797652963365,27.335248875744014,26.638020009784555 
 06/14  09:45:00,41.79489083078476,33.67197263158285,36.21585182561125,33.14617381280275,18.0,38.12514705210923,25.30488242051226,28.445025673021405,26.883673081202687,27.50302389079218,26.796924953913276 
 06/14  09:50:00,41.54211940779722,33.8553991700308,36.429581381190076,33.33686535451266,18.0,38.25437728802448,25.332841241408463,28.515023371074335,27.04108606653682,27.668188736108505,26.95541530002305 
 06/14  09:55:00,41.309806494826404,34.04056107571265,36.64133717806903,33.52936750786368,18.0,38.38131938438068,25.359936417446576,28.585755205085775,27.198025136202887,27.830795250411995,27.113476708367102 
 06/14  10:00:00,41.0938064250667,34.22665544926716,36.84946351472892,33.72288717081384,18.0,38.52543434301496,25.38629377776952,28.657283083010157,27.35455619534622,27.990976701380816,27.27116817124721 
 06/14  10:05:00,40.83480528104298,34.35638446931416,36.99647955689672,33.86036689441397,18.0,38.57472382142041,25.411867515604968,28.631067786902463,27.41101169077797,28.052848187305585,27.331939473896853 
 06/14  10:10:00,40.26974253113773,34.61170859145147,36.970712968867886,34.12050767096244,18.0,38.61432987047937,25.429531559803767,28.46166597366488,27.530345183181794,28.03975528315698,27.45155958193766 
 06/14  10:15:00,39.92494575502218,34.76544926502422,37.02308820085675,34.28090814390979,18.0,38.65194760126756,25.450049930792193,28.44191741595523,27.58378574686867,28.08904152725745,27.508800869153674 
 06/14  10:20:00,39.631939562529716,34.8920522428501,37.08216032173716,34.41502399197493,18.0,38.6642175480721,25.471404901039733,28.424028035322465,27.63677686099652,28.13689878624325,27.56512367931066 
 06/14  10:25:00,39.368194028924506,35.003741819528955,37.13975449198297,34.53488213056989,18.0,38.674608270881485,25.492217138278274,28.407727802707768,27.689198151774065,28.182738393115358,27.620801898497575 
 06/14  10:30:00,39.12555155759471,35.10561574345177,37.193551595963505,34.64543791503906,18.0,38.668153428105114,25.51259179264161,28.393188760350654,27.74122867557719,28.226647152968155,27.676020779011253 
 06/14  10:35:00,39.24937331123918,35.30984448022864,37.57950578946429,34.85645658003985,18.0,39.16074560348484,25.532454035590195,28.556454738790762,27.84512872304299,28.433182232630486,27.780845713184362 
 06/14  10:40:00,39.634838127757945,35.368236161309035,38.24837671542259,34.92438386665246,18.0,39.743749035061924,25.560894598698187,28.78137230277582,27.86241234569809,28.7282846029226,27.801906650142996 
 06/14  10:45:00,39.93254730604625,35.55561480242822,38.87918275366387,35.119210496131124,18.0,40.330994097610436,25.589843733789486,28.904186632312474,27.969183545435612,28.93984571552744,27.910328240973172 
 06/14  10:50:00,40.210686586739776,35.778937579644214,39.535272082191,35.34911452758593,18.0,41.072679094069066,25.619253983735828,29.009895845319818,28.072641414537884,29.157897531687354,28.015121417877936 
 06/14  10:55:00,40.46496175390781,36.02217844466528,40.214827527263104,35.59837077298881,18.0,41.817755681375225,25.649108253068487,29.098129869881348,28.175788510000757,29.378169502356968,28.119537808162704 
 06/14  11:00:00,40.68868105639655,36.27841804687261,40.91312078626224,35.86027610373884,18.0,42.658674042179,25.679212494068608,29.168856579850285,28.278886961107787,29.59990858674064,28.223893754718347 
 06/14  11:05:00,40.763386526896234,36.192747927976455,41.64862472348855,35.77121792552424,18.0,43.35272855326622,25.709497914122583,29.149626930796728,28.193849370018597,29.810841099949585,28.141828590852697 
 06/14  11:10:00,40.7811600169868,36.28509703348113,42.28835952781763,35.85289571295933,18.0,44.07283103719733,25.73835960420118,29.11535930429261,28.241809621901723,29.965386792484765,28.186192914381706 
 06/14  11:15:00,40.740751449252016,36.41211569423072,42.898811093812775,35.965449080120784,18.0,44.78649468109481,25.767457419291507,29.06889610896087,28.290450309449284,30.118374273955283,28.231759080058964 
 06/14  11:20:00,40.64478437492803,36.55511643752676,43.49087092208722,36.09128227861923,18.0,45.48350048361993,25.796477800078783,29.010821703609963,28.339366961778296,30.26963817304909,28.2775660240344 
 06/14  11:25:00,40.494941542714656,36.707641725815265,44.06865033167289,36.224597373749845,18.0,46.174099409868255,25.825359408870316,28.944201090642366,28.388453241091554,30.419017452906814,28.32349955036085 
 06/14  11:30:00,40.29224136189692,36.8662919545205,44.63399887546256,36.36243242552441,18.0,46.84975262731174,25.85416109815447,28.873079776292684,28.437740892059537,30.56629549330944,28.36959469369947 
 06/14  11:35:00,39.78975883208182,36.854781377442066,44.65802303213969,36.33326304476405,18.0,46.76899244127744,25.882863587249336,28.702628376742155,28.405209426916826,30.459105652516996,28.338171141311477 
 06/14  11:40:00,39.19902861173023,36.786979379438115,44.50387870498817,36.24971395514289,18.0,46.54512801029611,25.898616841007843,28.55134835964884,28.369549095764683,30.34548953261333,28.303583491656127 
 06/14  11:45:00,38.57033094773658,36.68720964461748,44.24585885512359,36.13588696089615,18.0,46.32323253180604,25.912708724567956,28.42366663428095,28.334469483151906,30.230551235361816,28.26983717534131 
 06/14  11:50:00,37.92956176432795,36.56719001287241,43.919682826667426,36.003328557000636,18.0,45.87872951052451,25.925355780303637,28.31971204660431,28.300005762717262,30.11485051334114,28.237010714294172 
 06/14  11:55:00,37.47549385779513,36.4339622958669,43.54671157591192,36.03660909088572,18.0,45.439234445528534,25.936630586217664,28.26859480434041,28.26624250258135,29.99875036529886,28.244571753642845 
 06/14  12:00:00,37.13799530942503,36.29202930242276,43.140622128273186,36.1594289910718,18.0,44.87703864859554,25.948474429463634,28.235618029731654,28.233569231220145,29.882839249138897,28.28270386844804 
 06/14  12:05:00,36.905126467605626,36.1959302657217,42.789526874167365,36.36583731890314,18.0,44.45081358082114,25.960261378547138,28.253959257501947,28.25189681720235,29.83158689379411,28.387372769832837 
 06/14  12:10:00,36.72149648318916,36.113179669441436,42.443773070071884,36.592226424386304,18.0,43.97370921266696,25.956803018213158,28.283631542228363,28.28149958135964,29.787638197491617,28.50369551623919 
 06/14  12:15:00,36.875102667226024,36.34419111708828,41.98843182806073,36.994061314949036,18.0,43.49644708840594,25.965508528461292,28.47169199441214,28.469415156986486,29.69846001372764,28.70126013998066 
 06/14  12:20:00,36.84433785636583,36.37440208989192,41.60296707832969,37.23629931940093,18.0,43.01073786728682,25.982131977386274,28.50228426626302,28.49988870911244,29.656577659653635,28.805892021615705 
 06/14  12:25:00,36.78331658382358,36.36239584845452,41.22838149983506,37.42361062001767,18.0,42.52500181370206,25.992002487676306,28.535084623552393,28.53264648419878,29.61341633522943,28.901022876360628 
 06/14  12:30:00,36.710897832429545,36.33028309021296,40.85697866515994,37.568401723098845,18.0,42.030935269377345,26.001303176218908,28.569067692419537,28.566608042467692,29.570182928680993,28.987453341348385 
 06/14  12:35:00,36.8024020910911,36.45571838681548,41.06185059071847,38.070879428926645,18.0,42.361376525428035,26.010090539843727,28.693978872719526,28.6913247013901,29.808618538157873,29.240333585518613 
 06/14  12:40:00,36.66440795185859,36.346631079408986,41.55221542562789,38.682611642190714,18.0,42.83023302201428,26.03190388187476,28.682248803703203,28.679445782390758,30.091315553316008,29.496421012621795 
 06/14  12:45:00,36.749654896084884,36.45691980365746,42.06559984873035,39.45118672313812,18.0,43.293677934010304,26.049545079969786,28.800539895145562,28.797570689055306,30.32089346219925,29.800252863036746 
 06/14  12:50:00,36.89826495795795,36.627629985622725,42.61868756566181,40.32112163390149,18.0,43.981989949307575,26.074247346631694,28.921425248733726,28.91824241830443,30.546889282780683,30.123996341492443 
 06/14  12:55:00,37.08199878722144,36.83103674325864,43.1947527771061,41.27483014216853,18.0,44.662955234423904,26.10057503512349,29.042542340135185,29.03917762213564,30.761281633990734,30.464969818251575 
 06/14  13:00:00,37.288336738771655,37.055025697373274,43.780749843124774,42.30201929128997,18.0,45.463466782634406,26.128225608606417,29.16362160622242,29.160115955981894,30.97557716131729,30.821451475785466 
 06/14  13:05:00,37.4934061045509,37.276534045032264,44.31092346761021,43.34256704502667,18.0,46.12894701016219,26.157181998908108,29.298208972850716,29.29462902118837,31.18439129090126,31.19116193626121 
 06/14  13:10:00,37.50857153297873,37.30668303118689,44.934955941259034,44.56569198648209,18.0,46.827887056181766,26.207889080887355,29.33927444207302,29.335741306058935,31.440658226897767,31.629770847931013 
 06/14  13:15:00,37.66068118209522,37.47249849378179,45.446802252720715,45.746434949103744,18.0,47.51160299560219,26.240549283385437,29.467489726426493,29.4640466641672,31.619125866505556,32.016793257611084 
 06/14  13:20:00,37.84477309362533,37.669219950628204,45.91524796801608,46.94831243205393,18.0,48.178744631258766,26.27518523944488,29.597013172311335,29.593687497882343,31.794893762988522,32.40942942186064 
 06/14  13:25:00,38.04468199183925,37.880776461541984,46.34886052516023,48.17687397542216,18.0,48.8308480766393,26.31006492188367,29.726353917132315,29.723219194652415,31.962760419821052,32.8057716846165 
 06/14  13:30:00,38.25380208744493,38.10065464153935,46.75015865570656,49.43228139589344,18.0,49.45952654058425,26.345300109744155,29.855324901915992,29.852451621893465,32.1220306137613,33.204743711476226 
 06/14  13:35:00,38.340172503444236,38.196938385853976,46.770429702548284,50.242506175604646,18.0,49.535835374070125,26.380873965913352,29.924934598659547,29.92241477043615,32.11683513786335,33.38119975525626 
 06/14  13:40:00,38.38738888208853,38.253287472809205,46.666537975003244,50.91150080056884,18.0,49.507358156062445,26.405733210671645,29.991021021499478,29.98888252324832,32.10479542041924,33.55332888999334 
 06/14  13:45:00,38.41247818188295,38.28681951456368,46.49107991458186,51.49604004805206,18.0,49.479507188773965,26.42908446372878,30.056968642869492,30.055219132552907,32.09125783472149,33.718793002050575 
 06/14  13:50:00,38.42330455673935,38.30547119205634,46.269003097597654,52.021986976426476,18.0,49.29978486279834,26.451202275360338,30.12281861935935,30.12145660833204,32.076602100071966,33.87779670430632 
 06/14  13:55:00,38.424440075251745,38.31387565095867,46.01492214927715,52.50415214267893,18.0,49.122940426178985,26.472082788088805,30.188494401518255,30.187510345364558,32.06087116304121,34.03086266685068 
 06/14  14:00:00,38.41871551933844,38.31491597311367,45.737959899737,52.951588842202284,18.0,48.866735489987356,26.492057524750635,30.254080498931785,30.25345858389028,32.04422433559688,34.1786946303003 
 06/14  14:05:00,38.376114819163796,38.278420943391765,45.447746396640675,53.40174474585691,18.0,48.68170498819647,26.51107968033591,30.23707563146297,30.236792403698473,31.952204979966382,34.261221995815106 
 06/14  14:10:00,38.31824726335634,38.226190206155906,45.14244786087394,53.83762053304357,18.0,48.46041328021974,26.5182559999875,30.2157134153357,30.215754643421633,31.85329643402531,34.33666101700334 
 06/14  14:15:00,38.25013138560325,38.16331368690012,44.82323383363202,54.257899245530766,18.0,48.23710319967486,26.533045397659937,30.196882585985463,30.197188546046732,31.751962807629297,34.40886465007418 
 06/14  14:20:00,38.17427330767697,38.0923450238657,44.491192266453155,54.66251668651911,18.0,48.001383502270684,26.547325263027393,30.171934444939893,30.17252618637758,31.6477883682133,34.47758300985549 
 06/14  14:25:00,38.092195956202616,38.01484359675831,44.14719609841486,55.05162643469095,18.0,47.76350906795846,26.561063152264847,30.14851586526413,30.149323797022475,31.541067649438787,34.54326504897767 
 06/14  14:30:00,38.004878561416916,37.93181807748678,43.791941640508604,55.425424655326054,18.0,47.514171942536926,26.574293004371196,30.124561639581202,30.125537120687795,31.432032251640635,34.606222214932984 
 06/14  14:35:00,37.93744684436466,37.86842215482519,43.42099029307415,55.71125379877913,18.0,47.225106533994065,26.58697324043727,30.112829664815706,30.11384767883692,31.320234339694935,34.63526725935094 
 06/14  14:40:00,37.8751687695926,37.80994610431739,43.04212046590617,55.957582539869875,18.0,46.92240100574969,26.59969357273243,30.0996566070923,30.100666312665567,31.20881619691471,34.66004210172662 
 06/14  14:45:00,37.81526969225366,37.75363163649206,42.65771481983809,56.17309219650128,18.0,46.62041471926395,26.611963233916466,30.08599769720854,30.086947169190125,31.098220636744827,34.68132441421744 
 06/14  14:50:00,37.756553899496886,37.69829801095963,42.26924232842575,56.36180114510758,18.0,46.30392851552573,26.62382847310963,30.07206642085282,30.072904053631078,30.988840732329948,34.699243939815915 
 06/14  14:55:00,37.69836014206319,37.64329753044265,41.87777680002105,56.526080520181324,18.0,45.98841039613974,26.635267580822816,30.057919695044916,30.05859627960649,30.881069801206195,34.71222679786649 
 06/14  15:00:00,37.640297659263396,37.58825173058165,41.484164391939736,56.66745240367946,18.0,45.66526430457668,26.64630174522657,30.043591837283657,30.044061771509575,30.77534437248289,34.723649732799004 
 06/14  15:05:00,37.548777487313444,37.4996653191279,41.03493758401396,56.6914892819547,18.0,45.24945863434613,26.656924346380418,29.994896071080575,29.99508984999511,30.636599660468505,34.67985383241904 
 06/14  15:10:00,37.44602559215648,37.399706487472294,40.57020945124667,56.667193920331385,18.0,44.81766970128178,26.66672787267345,29.945817607853144,29.945730293972588,30.49854343688287,34.62705257299854 
 06/14  15:15:00,37.33677058936403,37.29310060027611,40.09874095716563,56.60764288359897,18.0,44.39065656891354,26.676047846266048,29.896445086195286,29.89605203449264,30.364311828531527,34.57009943736318 
 06/14  15:20:00,37.223249777342225,37.18208808788641,39.624871762148324,56.51912292737205,18.0,43.9434384756082,26.684958378038413,29.846898532108014,29.84618391646154,30.234765457622643,34.50947080249409 
 06/14  15:25:00,37.10678525643917,37.06799619249669,39.15129254852026,56.40541958688813,18.0,43.50134000599576,26.693417582323146,29.797172775309377,29.796130814709727,30.1104178385757,34.44517618202616 
 06/14  15:30:00,36.99415072952979,36.957604976576626,38.64243183195024,55.77307036175867,18.0,43.053615625789945,26.701495543768857,29.74937359548443,29.74800535135506,29.97575711131526,34.16472449837431 
 06/14  15:35:00,36.817106174456015,36.78267636553998,38.11842492802008,55.4610550873133,18.0,42.57039392150742,26.70343667688674,29.671935384806602,29.670281621958623,29.841270564623358,34.08919968233522 
 06/14  15:40:00,36.617749429113985,36.58531254748889,37.58837354144941,55.19019394805425,18.0,42.080793915869556,26.706849921710216,29.594036015734332,29.592142628529018,29.713488105706915,34.00767886048652 
 06/14  15:45:00,36.40497175633798,36.37441326414711,37.05581395901427,54.92861247855042,18.0,41.594953005705165,26.709743625286617,29.515599306482613,29.51350886943419,29.592751000921055,33.922457435706406 
 06/14  15:50:00,36.18298468235598,36.15419714622713,36.52286042479106,54.66548276565989,18.0,41.102771315981386,26.7120685806413,29.43673896869018,29.434516916698612,29.479883444596567,33.83381787009057 
 06/14  15:55:00,35.95429615329387,35.9271784492671,35.99093330888804,54.395507219223084,18.0,40.61448568154376,26.713784096847085,29.357441488632958,29.35517705718172,29.375668031966597,33.74178574129314 
 06/14  16:00:00,35.29964361966497,35.75999199094415,35.52176647860389,54.11591276671141,18.0,40.126613612655,26.71499012163636,29.289284736833793,29.285279348715108,29.288218402893904,33.64647257506539 
 06/14  16:05:00,35.41629622657664,35.78312087001396,35.26570767283417,54.09263152947176,18.0,39.84510457602621,26.716210816278707,29.263111796121223,29.294462564989544,29.27757721492975,33.66553342539498 
 06/14  16:10:00,35.33230545323844,35.87075238343838,35.07622375325326,54.13120202447371,18.0,39.59071920909113,26.72643927229067,29.248850442250045,29.314585369759698,29.26827623381189,33.703270929256746 
 06/14  16:15:00,35.22573614385499,35.994038154513454,34.92150565223542,54.1967685438399,18.0,39.330289537878784,26.729637252448406,29.23350657929268,29.348790611820334,29.25907198472214,33.732577490564154 
 06/14  16:20:00,35.11180112862228,36.1389787118205,34.78678932856131,54.273673648763264,18.0,39.11261465071306,26.732573576350994,29.217100274566803,29.386187801350673,29.24856041176622,33.75732531931192 
 06/14  16:25:00,34.99302357263831,36.297207943652154,34.66356841332146,54.35303596453119,18.0,38.88963831565703,26.73501377134701,29.199322394460182,29.42908512269014,29.236058138751787,33.777745869812065 
 06/14  16:30:00,34.87010289050008,36.463366793437714,34.54657896269675,54.429415326768996,18.0,38.68364474169305,26.73704034752816,29.180135916487984,29.477070170744582,29.22173225882284,33.793835969436486 
 06/14  16:35:00,34.75743022313184,36.625793560056216,34.44596336476325,54.313671312622006,18.0,38.42759331407076,26.7385872267035,29.165801147059938,29.530569638117754,29.211189769737985,33.729157653162474 
 06/14  16:40:00,34.64701335333409,36.782270817986586,34.351729394013795,54.131641664012015,18.0,38.17189836646272,26.73904329884116,29.15034438477113,29.584728786843016,29.19912086143279,33.65603394540352 
 06/14  16:45:00,34.53723414477544,36.93031567438333,34.26088317677002,53.90436103784894,18.0,37.915036412827355,26.738739622061583,29.133945573984136,29.6385054914482,29.185600633696424,33.57629471530555 
 06/14  16:50:00,34.427317196360754,37.06797045419393,34.171707941830796,53.64081878415258,18.0,37.6490726367416,26.737893724136224,29.11661224619786,29.690735810443016,29.170591940293775,33.490181508230876 
 06/14  16:55:00,34.31677493449407,37.19367249968669,34.083051215451775,53.34589623932642,18.0,37.38185473818943,26.73644801212546,29.09826530384146,29.740253006022158,29.153977643399287,33.397704679870515 
 06/14  17:00:00,34.20527072939445,37.30613091662958,33.99408959173074,53.02242021355967,18.0,37.10846472051725,26.734486858657007,29.07891092976439,29.786067771114006,29.135719416651852,33.298920696701146 
 06/14  17:05:00,34.01272997118315,37.29263764623636,33.79904738382692,52.29505927254994,18.0,36.60984782862743,26.731529623476685,28.996422641327285,29.75282735586427,29.061243717259913,33.030547462651384 
 06/14  17:10:00,33.79387331118592,37.22538381527523,33.57170602516439,51.4446584603579,18.0,36.086319407836825,26.682709367541342,28.919120844263205,29.717846790622616,28.991428786105075,32.76804809512157 
 06/14  17:15:00,33.561397768139045,37.12011437399197,33.32900754795181,50.52801972845896,18.0,35.58222182915559,26.671174377368093,28.848525258947234,29.683008587492395,28.92794306871764,32.514333395888514 
 06/14  17:20:00,33.32156182068964,36.98449853501539,33.07915915704201,49.573120499699904,18.0,35.04397677491555,26.65956609686873,28.777906887387758,29.641429370084097,28.864496402139366,32.264117850604634 
 06/14  17:25:00,33.07814491735239,36.823219182524845,32.82700821309359,48.59695087036333,18.0,34.52533500886591,26.648768454622193,28.707811429565822,29.593505518939082,28.801540619075524,32.01783274143281 
 06/14  17:30:00,32.833556028304606,36.639354394495236,32.57555612467326,47.61057839591921,18.0,34.01021518459815,26.637440869531197,28.63803192358796,29.538989372695255,28.73887487738216,31.77536959052975 
 06/14  17:35:00,32.56941139952112,36.412268910959746,32.30787268352081,46.59324594825605,18.0,33.49330930149793,26.626385951476696,28.55982286511494,29.468055848946562,28.6687396310042,31.524366329388613 
 06/14  17:40:00,32.29972045725858,36.15744960385334,32.03787409715206,45.567737380529515,18.0,32.99423577253207,26.613875734556512,28.481592752217523,29.38999411197858,28.59856647712553,31.276146075126235 
 06/14  17:45:00,32.02808626262517,35.878744003205114,31.769110529882727,44.54089430396057,18.0,32.51267071214007,26.60090209173527,28.403661290317814,29.30524424019319,28.528723166860914,31.030869426003278 
 06/14  17:50:00,31.756378884788653,35.57811102133158,31.503358715071315,43.51677603562921,18.0,32.05521259736898,26.587452002122582,28.326016547731967,29.213929138819594,28.459202305604208,30.78845675114269 
 06/14  17:55:00,31.450799850220925,35.04820297444103,31.209171207926122,41.98038668918239,18.0,31.61392000478259,26.573437239806765,28.232505715916204,29.01887944159165,28.375930958710114,30.33101232139319 
 06/14  18:00:00,31.171882076412746,34.634038293781686,30.94360809631316,40.82454392436905,18.0,31.201792668891443,26.548827317099576,28.153703899500385,28.91421004717006,28.30537123328145,30.0947406870406 
 06/14  18:05:00,30.920568492715972,34.281004172484934,30.716486655273076,39.93250326835002,18.0,30.84972391185624,26.532174460477908,28.021001110952625,28.758165813636424,28.17392011131875,29.849827634437588 
 06/14  18:10:00,30.67743647872336,33.933028297900165,30.499629082963377,39.1096344746496,18.0,30.518614274753126,26.39189742644674,27.908415688686773,28.615149107739285,28.06474364712028,29.61552366444357 
 06/14  18:15:00,30.43748064384591,33.5744991941824,30.286265326942164,38.30962859198926,18.0,30.184955225268265,26.355064364939306,27.811199011676365,28.479920518064432,27.965065845922368,29.38674970601835 
 06/14  18:20:00,30.198126617615035,33.19657332930464,30.07304528645971,37.50941260195349,18.0,29.869734077858293,26.318976426396656,27.711638009790477,28.33453328578082,27.86227870425023,29.148407503733097 
 06/14  18:25:00,29.957722180796818,32.792836446127886,29.857870433803686,36.69450225686948,18.0,29.5524848994861,26.28524134582659,27.610678945331983,28.17961165547672,27.757252032225438,28.899899309475813 
 06/14  18:30:00,29.715069547746104,32.357889941759645,29.63924950406373,35.854497750746965,18.0,29.243347522731042,26.2525346849789,27.507931875562804,28.014398913127025,27.649643555060038,28.64139406174678 
 06/14  18:35:00,29.513374978591752,32.0696608998678,29.45804162389049,35.313661860131255,18.0,28.99689183015339,26.220611547770684,27.426368710942427,27.92532910457976,27.560731022081256,28.521651134829995 
 06/14  18:40:00,29.324392914664696,31.825855360795867,29.28681828127195,34.86641254872629,18.0,28.766627323998172,26.19498508491422,27.345797719425434,27.83748494851983,27.472226873638874,28.400352791500723 
 06/14  18:45:00,29.141637095242594,31.60708697209602,29.119486131508346,34.47465194797192,18.0,28.528079237976925,26.171071466436942,27.264756220701543,27.749416911181186,27.382547621521837,28.28020458088656 
 06/14  18:50:00,28.96193254028611,31.40686588787835,28.95310501476163,34.12514754317195,18.0,28.304443012866006,26.148553455421073,27.183236392848585,27.66215601338888,27.2916244934126,28.163234330487 
 06/14  18:55:00,28.783357836142283,31.158082751162777,28.785897448990266,33.69259304664781,18.0,28.076480306716746,26.12746410692379,27.101226885067717,27.546548818479437,27.19940271449832,27.99672153466838 
 06/14  19:00:00,28.60459798412423,30.8618239663448,28.616555093412423,33.18825674232144,18.0,27.85134472278727,26.105339313951305,27.020738274623284,27.413807651449474,27.104801417092233,27.80382700727978 
 06/14  19:05:00,28.37016581013716,30.473218126605254,28.388171445027822,32.568760984418496,18.0,27.56844742136554,26.08293704735323,26.846836231667567,27.185167634227525,26.922790223063544,27.509112110485205 
 06/14  19:10:00,28.115408342810408,30.037531085749073,28.13831031287646,31.900538446880436,18.0,27.277698170993467,26.05197875137267,26.665358292821224,26.94898459627558,26.734778020730914,27.225585118370645 
 06/14  19:15:00,27.838570864724268,29.462280317683692,27.86582101296804,31.038454843737117,18.0,26.987520095161,26.02693417448752,26.475171705654873,26.659924723848917,26.53990179138657,26.84825101731417 
 06/14  19:20:00,27.56300782270208,28.932677028192632,27.593783728806496,30.278300416337945,18.0,26.68274035728272,25.998299037007868,26.286667578992137,26.420448119388254,26.347747319573728,26.57231196581563 
 06/14  19:25:00,27.163419210384912,28.07019981928535,27.19930650423707,29.099551275193697,18.0,26.235627590123837,25.972890515259817,26.020611840055494,26.020003000842962,26.084727889147757,26.074135993915775 
 06/14  19:30:00,26.885298317234042,27.57881575052522,26.923806471196986,28.45454639251829,18.0,25.95274850944982,25.936100020526762,25.862949402674303,25.862389020804414,25.92004360929775,25.918310313394727 
 06/14  19:35:00,26.640854726722925,27.194687816632857,26.68033239617477,27.96452382202224,18.0,25.668170450825478,25.914673388493686,25.709773406675254,25.70903886364397,25.76020604130747,25.759415701933676 
 06/14  19:40:00,26.41433144903524,26.868717176604438,26.45353436768083,27.55901544146624,18.0,25.41166529107787,25.89436546943592,25.55686044100753,25.556106909807454,25.60079281585479,25.600122830311193 
 06/14  19:45:00,26.19913729376533,26.580355687821502,26.23710497700301,27.207659385509306,18.0,25.153726140801744,25.875196545705048,25.40436172570662,25.403616270776297,25.441941949072543,25.441264659244325 
 06/14  19:50:00,25.99149149756569,26.317326777914857,26.027479073494693,26.89293562976492,18.0,24.909709794806954,25.85679827634655,25.252183783834823,25.25145352580796,25.28356774977169,25.28286634969561 
 06/14  19:55:00,25.789026225646474,26.071933950260537,25.822453217028922,26.6039101005298,18.0,24.66445014252344,25.83912443623642,25.100149068089422,25.099438340567474,25.125502866309944,25.124776711015784 
 06/14  20:00:00,25.59705373621528,25.839130858001475,25.620605283000938,26.333357808406916,18.0,24.426408056387412,25.821316612678494,24.966436979508615,24.947188925375542,24.9673769638066,24.96662836906671 
 06/14  20:05:00,25.436124962356523,25.64488428153852,25.455322154372976,26.100858513030648,18.0,24.238748590015877,25.802688908575423,24.855006258826563,24.831218578308096,24.854853260960738,24.831762802428898 
 06/14  20:10:00,25.289168264581754,25.469559743962098,25.305451874024566,25.89184166594287,18.0,24.06737020870005,25.72154006545641,24.75439239565992,24.726530650833183,24.7540355600334,24.72625572094279 
 06/14  20:15:00,25.151459964180805,25.307268751154,25.16558966234515,25.69918186147685,18.0,23.896911207597974,25.67770516223012,24.663311675026193,24.6316082878335,24.662964967631297,24.631181099156493 
 06/14  20:20:00,25.020422414335478,25.154622733793232,25.032886273616214,25.519005529186227,18.0,23.747573531339846,25.635891815621456,24.572969007566712,24.53741718402614,24.572647665753948,24.536976313408843 
 06/14  20:25:00,24.8943741011776,25.00933355261392,24.905506241887483,25.348655709266637,18.0,23.59889495329254,25.59676592442623,24.48353772915607,24.444151272816782,24.483245781359415,24.44371450492872 
 06/14  20:30:00,24.772157066577364,24.869780646129986,24.782195419539367,25.186204802411652,18.0,23.463870005280473,25.559667010823517,24.39475557103799,24.351546173563634,24.394492923307666,24.35111532482506 
 06/14  20:35:00,24.652948119204666,24.73478366669326,24.662067716858722,25.030214552216503,18.0,23.329323644894057,25.524214298029225,24.30646236151472,24.259442898750194,24.30622850154947,24.259017151408102 
 06/14  20:40:00,24.536147339348044,24.603463980095206,24.544480699931544,24.879588865856636,18.0,23.203989486898692,25.490005811469825,24.218484546136665,24.167666841048003,24.21827855291332,24.167245386996854 
 06/14  20:45:00,24.421308356906845,24.475155572751067,24.42895844669565,24.73347750605541,18.0,23.07901261415658,25.456886626256527,24.130772704489345,24.076170770032434,24.130594023884896,24.07575242540372 
 06/14  20:50:00,24.308093117271103,24.34934571986077,24.31514183951736,24.591210795444024,18.0,22.960405115681723,25.424582505971973,24.043212259203642,23.984838527088243,24.043059991479595,23.984422525613468 
 06/14  20:55:00,24.196241638237403,24.22563435662337,24.202755532575686,24.45225412479225,18.0,22.842071452581433,25.393036242472515,23.95579679390113,23.89366600387052,23.95567043085009,23.893251244685985 
 06/14  21:00:00,24.085551250712157,24.103705582326835,24.091585404855135,24.316175520929903,18.0,22.72823761598278,25.362058427050233,23.868448816250464,23.802574070212586,23.868347552789942,23.8021598284206 
 06/14  21:05:00,24.04730399795413,24.05164089872765,24.052887043497034,24.25051574869305,18.0,22.71216198989161,25.33163341029477,23.90238574490286,23.825696965774682,23.902309137690622,23.82528483741396 
 06/14  21:10:00,24.036860109389618,24.027045526987976,24.042028335038054,24.213149848626138,18.0,22.718916801706794,25.29951172230255,23.975986398100645,23.897926659001257,23.97590692494134,23.897533819074056 
 06/14  21:15:00,24.043497617748276,24.019644102930418,24.04828512285111,24.19380037488911,18.0,22.72630946377319,25.386148840141285,24.04112618595559,23.958098590386044,24.04109331457323,23.957678231787554 
 06/14  21:20:00,24.061796808102688,24.0242006610493,24.066234755958995,24.187195553574217,18.0,22.76554936101089,25.381232302426945,24.070451215179503,23.98215693829684,24.070382693453496,23.98180278341897 
 06/14  21:25:00,24.08837020907288,24.037416142322005,24.092486915813065,24.189991572190657,18.0,22.80477813845956,25.337945283282128,24.11188230360176,24.005948001504407,24.111790211462562,24.005644603689348 
 06/14  21:30:00,24.120967757749643,24.057080238329164,24.124788922666855,24.19993106538465,18.0,22.862106913900373,25.294661914922877,24.14061283889123,24.034764505217368,24.140515567158957,24.034490631954327 
 06/14  21:35:00,24.15804468965233,24.08166141426521,24.161593650776087,24.215436032391178,18.0,22.919066456819422,25.254949152536632,24.176621342252133,24.066768508508062,24.176518944125064,24.066517556407575 
 06/14  21:40:00,24.1985130442172,24.110070374047407,24.201811022888304,24.235372643187034,18.0,22.986444435897784,25.218810813638978,24.22869152445128,24.10085889214298,24.228588097514262,24.1006265944784 
 06/14  21:45:00,24.241589053276577,24.141514134408293,24.244655375677265,24.258905882920644,18.0,23.05326717142012,25.18517594203626,24.262203044628563,24.136047994948967,24.262100484207622,24.135833462098162 
 06/14  21:50:00,24.286695963737124,24.175402628008133,24.289548257458563,24.285406342805455,18.0,23.125935303205594,25.15382684559523,24.313515330703126,24.172072468381884,24.313411153744937,24.17187414033441 
 06/14  21:55:00,24.33340076885778,24.211287580850932,24.336055136493535,24.314389101917925,18.0,23.197961519541817,25.124146159308605,24.35773569962555,24.21916345920465,24.357631468107456,24.218979586691148 
 06/14  22:00:00,24.381372358032447,24.248821881747812,24.383843530719794,24.428488286488054,18.0,23.27307840654621,25.095813222274636,24.40124817750916,24.249400518862444,24.401142686814524,24.38921083431609 
 06/14  22:05:00,24.316882282844762,24.26324344014047,24.403637076972483,24.465360639096772,18.0,23.300361051810103,25.069046941636305,24.245818030254952,24.234532874654974,24.382270326018954,24.38020935313159 
 06/14  22:10:00,24.297844236356656,24.2700312757944,24.414377188638596,24.483149011948573,18.0,23.321543369810612,24.98750804740873,24.22138511815666,24.21939591280818,24.367536819756765,24.367050126863887 
 06/14  22:15:00,24.286195647389086,24.272623970785972,24.42018184324252,24.491622170787984,18.0,23.342718812167206,24.949778570205968,24.24350421784436,24.243042168493048,24.389348149777675,24.389105132725433 
 06/14  22:20:00,24.277380542689652,24.27263612601169,24.422950265828614,24.49464771703187,18.0,23.352853344906144,25.023532745308422,24.27443710132195,24.274271479383742,24.418484461942285,24.418243492979286 
 06/14  22:25:00,24.270122102484585,24.271015434576373,24.423780525468313,24.494339783940354,18.0,23.362978933342053,25.08327486877941,24.295389631252988,24.295276053378018,24.43848355627506,24.438245606096643 
 06/14  22:30:00,24.263826175870246,24.268353379064166,24.423349343118026,24.491958162505416,18.0,23.367438460555178,25.13116126876241,24.308925917523254,24.308824394800013,24.45194046641211,24.45170910775437 
 06/14  22:35:00,24.258171023635214,24.2650316546737,24.422088973913624,24.488284448536806,18.0,23.371893594476024,25.17111751330454,24.32191967564256,24.32182920557875,24.463182441927188,24.46296120967355 
 06/14  22:40:00,24.25297340009905,24.261304156094802,24.420284575225192,24.483818837087057,18.0,23.373273022932874,25.20406647477524,24.33338606150653,24.33329832059252,24.473959814970954,24.473750524521677 
 06/14  22:45:00,24.248127365967093,24.257345300354622,24.418130687681092,24.478890749846986,18.0,23.374650114122396,25.231469617222334,24.344127735014695,24.34404082703395,24.48324240839065,24.48304525999822 
 06/14  22:50:00,24.243572313766325,24.25327883430828,24.41576453565455,24.473723049475996,18.0,23.374330829236687,25.252827938063593,24.353298583107005,24.35321220324954,24.49111278151753,24.490927717272257 
 06/14  22:55:00,24.239274659234663,24.24919494955974,24.41328571650156,24.468469997526203,18.0,23.374010257440673,25.271580344636398,24.361061969256525,24.360975522872536,24.497996832564013,24.49782816424886 
 06/14  23:00:00,24.235216609869653,24.245160441208785,24.41076789786458,24.463240052861494,18.0,23.372756063108397,25.290339787454034,24.36801040538768,24.367925105037216,24.504272507678877,24.50411959012075 
 06/14  23:05:00,24.194380220117182,24.204209885517216,24.369592004306323,24.419372971716246,18.0,23.331252201467947,25.308502298880764,24.308112045041412,24.308028557928594,24.444855222540014,24.444716252908677 
 06/14  23:10:00,24.140365268992227,24.149988317697908,24.31506665460295,24.36223821148523,18.0,23.28203036130729,25.31502590249568,24.245146131592378,24.245073414685976,24.38118400725284,24.381050137131524 
 06/14  23:15:00,24.078590522957747,24.087944925319594,24.25285522343633,24.297517637355472,18.0,23.23259769307267,25.327043643428567,24.181630314675886,24.181573358399874,24.316834380951036,24.316700082477155 
 06/14  23:20:00,24.01168419669745,24.020729481649866,24.18564492237558,24.22790689964961,18.0,23.17202885536876,25.335993682810923,24.117104120570957,24.11706007762541,24.251488175652298,24.251355145775733 
 06/14  23:25:00,23.941234741457677,23.949945889320237,24.115029093613035,24.155002652037133,18.0,23.111300710851825,25.343319731454585,24.05197826683286,24.051947243666405,24.185539288701875,24.185406638149573 
 06/14  23:30:00,23.868265336930346,23.87662844855086,24.042016105364535,24.079813397909387,18.0,23.044432643814332,25.348905815474406,23.986289191325227,23.98627099644733,24.119027658427058,24.118894783553515 
 06/14  23:35:00,23.79345825842513,23.80146744859994,23.967267558298985,24.002998854899253,18.0,22.97743861111061,25.353417345998725,23.92017449476441,23.92016921189321,24.05208018966823,24.05194629562135 
 06/14  23:40:00,23.7172804625424,23.72493561394924,23.89122969984607,23.925002125605637,18.0,22.90681554821608,25.35675155685483,23.853662757364418,23.853670375035165,23.984724482854972,23.98458890678762 
 06/14  23:45:00,23.640058481038107,23.647363609584836,23.814210574999837,23.846127355124608,18.0,22.836085896352795,25.358951416035094,23.786764438801242,23.786784746793046,23.91697077455035,23.916833083187043 
 06/14  23:50:00,23.562024886143416,23.568986944255048,23.736427141265956,23.76658718647773,18.0,22.763115610914074,25.36015759343003,23.71954423920795,23.71957730045949,23.848878734885204,23.84873829268895 
 06/14  23:55:00,23.483348013758864,23.489976009533336,23.658034945083646,23.686532663924993,18.0,22.690050734092583,25.360413106034354,23.652005687530618,23.652051342054165,23.780452568708938,23.780308980512245 
 06/14  24:00:00,23.40415146470235,23.410455810405864,23.579147305766952,23.606072565769153,18.0,22.615543501150803,25.359835828853676,23.58419969295653,23.584258014157513,23.711739233696107,23.71159193267829 
 06/15  00:05:00,23.361320080105582,23.367315770914885,23.538833235702942,23.56430334826902,18.0,22.581837529039316,25.358458818671533,23.578191290201403,23.57826234205379,23.705243315259906,23.705092037640156 
 06/15  00:10:00,23.331326132373714,23.337026103021465,23.511424527975542,23.53552784808795,18.0,22.554165777534898,25.355646766861817,23.574198479490803,23.57426882667437,23.701223523635917,23.701079688373284 
 06/15  00:15:00,23.308834350875475,23.314251142094438,23.491308751227557,23.514123829396095,18.0,22.526494231742753,25.352868390632963,23.57111428902641,23.57118482930173,23.69825348063148,23.698116236789474 
 06/15  00:20:00,23.29128595545521,23.296431866124713,23.475874687161227,23.4974735273426,18.0,22.50874892438427,25.349903139238993,23.568397817878974,23.568469268632498,23.69571122835248,23.69557951261021 
 06/15  00:25:00,23.27714687624755,23.28203395435786,23.4635965407171,23.484045954852412,18.0,22.491008744776863,25.346739240245928,23.56581770697744,23.565890315284378,23.693333080821276,23.69320627324828 
 06/15  00:30:00,23.26543485605373,23.27007486619316,23.45352026661029,23.472882683024423,18.0,22.47853275434136,25.343408947799414,23.563294662249803,23.5633686154041,23.691023427211576,23.69090101978304 
 06/15  00:35:00,23.255497332060052,23.259901721740086,23.445025845684434,23.46335985338008,18.0,22.4660596090699,25.339915588078185,23.560783830379933,23.560859194285058,23.688732365902865,23.688613989965745 
 06/15  00:40:00,23.246888106341654,23.251067977155472,23.437697799690913,23.45505854249694,18.0,22.456601752006094,25.33627666432524,23.55827188277226,23.558348732562308,23.686443360028875,23.68632866581993 
 06/15  00:45:00,23.239294454507363,23.24326053981065,23.43125020014094,23.44768967908102,18.0,22.447145545366425,25.3324978973373,23.555748032987594,23.555826403403785,23.68414503728411,23.684033727920507 
 06/15  00:50:00,23.23249233443767,23.236254983615552,23.42548151307653,23.441048829548393,18.0,22.439499496457987,25.32859095088566,23.553210008990902,23.55328993747247,23.681834428854643,23.68172622196522 
 06/15  00:55:00,23.226318015852232,23.229887184583493,23.42024655891531,23.43498811790896,18.0,22.43185442211686,25.32456299287087,23.550655059637506,23.550736562713496,23.679508763434228,23.67940340872906 
 06/15  01:00:00,23.220649648056057,23.22403489375695,23.41543863767166,23.429398322887362,18.0,22.425344248516442,25.32042330527185,23.54808316486094,23.548166252946714,23.677167810552646,23.6770650766897 
 06/15  01:05:00,23.178687969913362,23.18189648615972,23.372149704782387,23.38535247218172,18.0,22.378331268419704,25.316179702275974,23.48426673382528,23.484351492456426,23.61348316315275,23.61338258365373 
 06/15  01:10:00,23.123877480616724,23.12691748681392,23.315889882995133,23.328371201447148,18.0,22.325010569616214,25.310705911495685,23.416088562418622,23.416188095936718,23.5446040862505,23.544493517654246 
 06/15  01:15:00,23.061538397757513,23.064418088603166,23.25225490833073,23.264051041683683,18.0,22.271505733943048,25.305030838776307,23.347138538331592,23.34725141817944,23.474792938016833,23.474673403572012 
 06/15  01:20:00,22.994224629351162,22.9969519937257,23.183855871724568,23.19500240276457,18.0,22.207923288046747,25.29895919069443,23.277908275788832,23.278034146866673,23.404653294490117,23.404524980278325 
 06/15  01:25:00,22.923467671275613,22.92605042708194,23.112221058053176,23.122752387656572,18.0,22.144201300535475,25.292497581747092,23.20848895749606,23.208627674930995,23.33429580751374,23.334158687425997 
 06/15  01:30:00,22.850247731674973,22.852693295606382,23.038306886320868,23.04825600871535,18.0,22.075071669817934,25.285690179674507,23.13891564028046,23.139067162083165,23.263757645884937,23.263611604008076 
 06/15  01:35:00,22.775215331545407,22.77753080638481,22.96273500991686,22.972133417789827,18.0,22.005830841285878,25.278542935198136,23.06919208013585,23.069356298137336,23.193043653589996,23.192888641218985 
 06/15  01:40:00,22.698814524625845,22.70100669668978,22.885921792991887,22.894799452918114,18.0,21.933451716008154,25.271097221810173,22.999336527457103,22.999513412083843,23.122170857585218,23.122006765191372 
 06/15  01:45:00,22.62135582609496,22.623431168727397,22.808153473591478,22.81653884121886,18.0,21.86097758531696,25.263355484627887,22.929347948742475,22.929537405902465,23.051138876445464,23.05096565995973 
 06/15  01:50:00,22.543061083643885,22.54502576430352,22.729631516951127,22.73755157494632,18.0,21.786585523881698,25.25535287879329,22.859240900412033,22.859442911197334,22.979961194289217,22.9797787509832 
 06/15  01:55:00,22.46409192701853,22.465951816449294,22.650500826402638,22.65798113525916,18.0,21.712108398471717,25.247089627134578,22.78901319149122,22.78922768345268,22.90863633403808,22.908444615684232 
 06/15  02:00:00,22.384568262786953,22.38632894533712,22.57086774816078,22.577932503915093,18.0,21.636397484277126,25.238594752458695,22.718676539867488,22.718903509312383,22.83717517992102,22.836974084512462 
 06/15  02:05:00,22.316109532825628,22.317782921859575,22.500740308364175,22.507458503816473,18.0,21.558529216955694,25.229867008934274,22.669516576808405,22.66975746019,22.783916561155706,22.783703805080222 
 06/15  02:10:00,22.251237350696066,22.25283023092332,22.433391226563135,22.439795497159366,18.0,21.478995871277036,25.221183094998146,22.621941171672347,22.622191667255265,22.73230206738856,22.732080653401624 
 06/15  02:15:00,22.188291688987995,22.189809462445993,22.36738919428303,22.373503306278387,18.0,21.39888578239942,25.21243224978026,22.574580794310407,22.57484160766876,22.680892320483053,22.680661604390764 
 06/15  02:20:00,22.12649162604357,22.12793892740327,22.302082991852505,22.307926177657723,18.0,21.316842364894864,25.203614208286567,22.527236475745156,22.52750788185267,22.629477733160456,22.62923730805062 
 06/15  02:25:00,22.06537529775911,22.066756236796945,22.23709697547416,22.242685575497095,18.0,21.23415979469914,25.194725101593097,22.479869288328075,22.48015147260469,22.578017358005297,22.577766893646753 
 06/15  02:30:00,22.004649756658097,22.005968054113637,22.172197269943197,22.177545618538065,18.0,21.14960172671153,25.185766780492532,22.432470742187945,22.432763901173075,22.52650215517417,22.52624131123912 
 06/15  02:35:00,21.944121247631255,21.9453803196148,22.107230868171385,22.112351823893373,18.0,21.064339018150804,25.176735625205012,22.385034446057375,22.385338773723902,22.4749258129724,22.474654250399226 
 06/15  02:40:00,21.883656957906513,21.884859971328083,22.042093035023665,22.046998315855223,18.0,20.97713599520181,25.167632237052192,22.33755713746416,22.33787284353565,22.423285027962947,22.423002391904333 
 06/15  02:45:00,21.82316267719854,21.824312587877994,21.976708749369802,21.98140915421743,18.0,20.889156764104225,25.15845348300241,22.290033958893787,22.29036125213031,22.3715750783266,22.371281012904888 
 06/15  02:50:00,21.762569224847017,21.763668804868573,21.91102171011548,21.915527271149173,18.0,20.799101269964005,25.14920050290186,22.242462250101198,22.242801353921266,22.319793304636846,22.319487438286387 
 06/15  02:55:00,21.70182394214901,21.70287580032078,21.84498761235787,21.849307703805287,18.0,20.708189948716193,25.13986997934506,22.19483711434964,22.195188247648446,22.267935019510105,22.26761698227608 
 06/15  03:00:00,21.640885214884822,21.641891812646893,21.778569920636933,21.782713339294276,18.0,20.615012012224895,25.13046410837383,22.14715633887772,22.147519736913296,22.21599809817826,22.21566750213276 
 06/15  03:05:00,21.58392629821605,21.584889221332993,21.716727096262975,21.720697216408126,18.0,20.52937394356867,25.120979036600172,22.105886344239366,22.106261688774907,22.171229673901962,22.17088691363176 
 06/15  03:10:00,21.528292461603144,21.529213687713963,21.656261878044326,21.660065090783643,18.0,20.443042555548313,25.111504681915605,22.064997484143987,22.065383486256906,22.126937336905144,22.126583721556358 
 06/15  03:15:00,21.473359234272994,21.47424074643541,21.596446797093645,21.60008986562175,18.0,20.355924157869296,25.101987707222925,22.02412321134898,22.02452022082656,22.082657636778208,22.08229269419735 
 06/15  03:20:00,21.418815903392183,21.41965963524491,21.53692957787875,21.540419247949043,18.0,20.268944990779975,25.092426519427402,21.98320979833636,21.983618024661382,22.038322617303436,22.03794600739957 
 06/15  03:25:00,21.364468980314314,21.365276798914962,21.47749520647766,21.480838074841774,18.0,20.181149465163184,25.082816132359433,21.9422436402009,21.942663258143625,21.993916648639242,21.993528067177408 
 06/15  03:30:00,21.310188850537546,21.31096254933244,21.41800196251549,21.421204415227376,18.0,20.092383173609868,25.073157668659615,21.90122130974987,21.901652506034225,21.94943621465285,21.94903534537815 
 06/15  03:35:00,21.255884477532206,21.256625773969194,21.358351567801982,21.361419750669416,18.0,20.00274816912602,25.063445596585883,21.86013695347151,21.860579900885227,21.90487594047994,21.90446247921875 
 06/15  03:40:00,21.201489175808838,21.202199711424775,21.298472708411698,21.301412514651787,18.0,19.91146735105166,25.053682066560285,21.81898886663157,21.819443756572127,21.860234597670797,21.859808221310573 
 06/15  03:45:00,21.146952073514704,21.1476334154022,21.238311343015482,21.24112841055231,18.0,19.819250622983397,25.043861289829334,21.777771010914876,21.778238018882917,21.815506897959153,21.81506729759502 
 06/15  03:50:00,21.092232773744502,21.092886416796052,21.177824771527018,21.180524485785234,18.0,19.724884638749,25.03398651618075,21.73648203074407,21.736961355010237,21.7706922254078,21.770239069320155 
 06/15  03:55:00,21.037297904557125,21.037925274138672,21.116977892561998,21.11956539238614,18.0,19.629502395626865,25.024051637611098,21.695115321772846,21.695607142300673,21.72578501989875,21.725317993333988 
 06/15  04:00:00,20.98211882474584,20.9827212795907,21.05574078342774,21.058220968733565,18.0,19.531536519604952,25.014060858172666,21.65366966644615,21.65417419013295,21.680785166922078,21.680303928460717 
 06/15  04:05:00,20.933435972536316,20.93401216531199,21.004794143889182,21.00715500118701,18.0,19.471900468096482,25.004007761346568,21.618201941469863,21.618715136631693,21.646012144976794,21.645522611793808 
 06/15  04:10:00,20.887198326540553,20.887748682610475,20.957679639747678,20.959920794162823,18.0,19.418536216557104,24.99399895282604,21.58299537743835,21.583515699508894,21.611714283100923,21.611219218606266 
 06/15  04:15:00,20.842445615358766,20.84297095214934,20.912874919359908,20.91499870971388,18.0,19.365186172855736,24.983939963366186,21.54774618014784,21.548273733122414,21.577381462142966,21.576880579641966 
 06/15  04:20:00,20.798695868671416,20.79919717065261,20.869620289838707,20.87163029854239,18.0,19.323152068170945,24.973830652572737,21.512417582624153,21.512952375247437,21.54294188418612,21.542435122027427 
 06/15  04:25:00,21.760115211254764,21.45483945102905,21.04094135287736,21.04284226739943,18.0,19.551516547923566,24.963664864337805,21.969890907889294,21.824658951774154,21.63595734107821,21.641290584593207 
 06/15  04:30:00,22.055842060802,21.647468899193214,21.105372670517525,21.107169236410407,18.0,19.596979328302908,24.97806907446682,21.91865486071424,21.78320288291377,21.623812193672393,21.62880513366241 
 06/15  04:35:00,23.08725361666488,22.264041454916235,21.192406902222118,21.194103789626794,18.0,19.695861926825547,24.972792450044512,22.299413901011178,22.00673048354446,21.64658521441197,21.656329437192994 
 06/15  04:40:00,24.193660556124577,22.89467985944868,21.27703389180928,21.27863583848676,18.0,19.805985512798514,24.98174075439642,22.60123159282216,22.172253854987957,21.662812902382143,21.67219894622849 
 06/15  04:45:00,25.8001148654303,23.776494541515778,21.382581533014942,21.38409328775835,18.0,19.924365352416377,24.98967391294457,23.117962569298868,22.445168722924677,21.680637622025472,21.683070618955753 
 06/15  04:50:00,27.28891126205193,24.553395462347616,21.480926933726288,21.482353371299777,18.0,20.0697171344562,25.007921836118516,23.466191785901742,22.619194362847907,21.68744191760163,21.689585374565695 
 06/15  04:55:00,28.60994454513174,25.207349602872906,21.579879986063673,21.581226572155998,18.0,20.22312482660256,25.0230061938611,23.722231344393094,22.73624898727587,21.694761215484505,21.69330002917127 
 06/15  05:00:00,29.81412847710346,25.769947164225265,21.680473763007196,21.681747591131195,18.0,20.402363265586466,25.036942957838153,23.94255033451003,22.828759600023773,21.69985312643564,21.69522138382058 
 06/15  05:05:00,30.98949786619091,26.30788285758555,21.826148538930454,21.827352084960516,18.0,20.650754139929386,25.05130762581438,24.226541694382604,22.985954928026672,21.777080591211757,21.769564919381708 
 06/15  05:10:00,32.143273870990825,26.813810205699195,21.98861536789191,21.989761659920845,18.0,20.931473555789307,25.07805698340564,24.512435259474387,23.141128230035747,21.86050997444164,21.8509305622963 
 06/15  05:15:00,33.280442339588596,27.28840861379469,22.160819756592165,22.161928742270916,18.0,21.215118425191793,25.09901837824205,24.797011958225426,23.2877674996044,21.944268299579335,21.93292748609872 
 06/15  05:20:00,35.06702153369767,28.036024843706475,22.379007685926325,22.380104934576252,18.0,21.53280320008029,25.121703174773163,25.39975876567985,23.573909252176577,22.04732649205664,22.034393949223215 
 06/15  05:25:00,36.405738282532965,28.551419139729408,22.57669046768535,22.577803308089624,18.0,21.852211825091928,25.15847046634776,25.67884606106429,23.70375712195539,22.134501830488603,22.120159097788473 
 06/15  05:30:00,37.63631616912361,28.989577487838528,22.770925943160538,22.772086334595485,18.0,22.192926122808114,25.185560764043903,25.962349695759258,23.82068668623299,22.21805191275564,22.202519470116044 
 06/15  05:35:00,38.780015580654606,29.360720389496972,22.957682779189227,22.958913694207972,18.0,22.526461052660835,25.21326602297144,26.22697527577867,23.92159595177509,22.29841727059943,22.281935294211962 
 06/15  05:40:00,39.87198730641462,29.683742475729233,23.14104568037519,23.14236409568359,18.0,22.869515108484347,25.2408291421756,26.488286762716143,24.013230958851523,22.378118391626117,22.360909249504743 
 06/15  05:45:00,40.92501677144478,29.96618400929535,23.321982727653655,23.323396470270364,18.0,23.226550448001948,25.26882362541064,26.746291250998752,24.095687635478043,22.457400142548863,22.43968611783083 
 06/15  05:50:00,41.93604515303,30.208172080380752,23.499364874702625,23.50087228193121,18.0,23.59107042484186,25.297202318867257,26.99626807305515,24.166787225043265,22.535556780165223,22.517557980742424 
 06/15  05:55:00,42.92691348968904,30.42058882305756,23.67616031802182,23.67775111106662,18.0,23.95779107930138,25.32578821724517,27.247765135496934,24.230835199675198,22.614056833288316,22.59598800751786 
 06/15  06:00:00,43.89335868128206,30.602819005755364,23.8516052723656,23.85326213045322,18.0,24.334081585404057,25.354957629068362,27.495435889353644,24.285587179839297,22.69225943556353,22.674327138141848 
 06/15  06:05:00,44.93652846860367,30.816697606961004,24.0699325800281,24.071642760329745,18.0,24.770628559836346,25.38455181458127,27.825591294831156,24.39750902882497,22.828848994136933,22.811100249279548 
 06/15  06:10:00,45.990765237449025,31.02347415241913,24.30324277988394,24.30498367781621,18.0,25.23064567212252,25.418408094163542,28.038287865273844,24.4171184633351,22.90945110144878,22.892011597735973 
 06/15  06:15:00,47.04318734588493,31.21530548253849,24.545503371178775,24.547248889756805,18.0,25.69777521915014,25.22782062345877,28.313520119064037,24.455986068550658,23.004849055176464,22.98813169141158 
 06/15  06:20:00,48.08739245514286,31.388672810707728,24.79388560145245,24.795608110740105,18.0,26.19482320761375,25.17599060340288,28.610025991127713,24.520237241476593,23.127078628099525,23.111105308253002 
 06/15  06:25:00,49.11930226960731,31.54162351992545,25.046707558197657,25.04837924311991,18.0,26.698642684568554,25.129278717617876,28.906266270518643,24.578881545091747,23.250936695392056,23.235871472943813 
 06/15  06:30:00,50.13606575730309,31.673040069021084,25.302888944805456,25.304482892117836,18.0,27.226509579112836,25.092225661647106,29.20289839378404,24.633179717689245,23.37785058551333,23.363814882908002 
 06/15  06:35:00,50.941368142605455,31.73228572386349,25.550103773900403,25.55159488224198,18.0,27.710859943082394,25.06290746174038,29.405631829731874,24.661261831697743,23.501759832776884,23.489068607869626 
 06/15  06:40:00,51.67247781147239,31.75726717107357,25.795097733301667,25.796463369823616,18.0,28.204122907760986,25.036514596725464,29.62325746841327,24.68667676267478,23.626510363760758,23.615207108468894 
 06/15  06:45:00,52.35456454355105,31.756607594043103,26.039028997395913,26.040249403473496,18.0,28.700183697821927,25.015558356242117,29.823671666953146,24.711302272075045,23.752889128417507,23.742987291155714 
 06/15  06:50:00,53.32963450660209,31.872076206900186,26.376826229868183,26.37788462049803,18.0,29.197155769486972,24.997936283591034,30.184396711342174,24.798156248343105,23.921386789465714,23.912905642878457 
 06/15  06:55:00,54.04490424254385,31.873867747826395,26.649215765257463,26.65009868176081,18.0,29.696658945258946,24.991745824220498,30.382945878709734,24.824428041842907,24.052334680597085,24.045232397410473 
 06/15  07:00:00,54.69081260675141,31.837471794440514,26.9068540442206,26.907551463863708,18.0,30.20018902500477,24.981970752598293,30.584165773778068,24.849166520098493,24.18129903650754,24.175518778876267 
 06/15  07:05:00,55.299148809372035,31.767478331569833,27.14693495607422,27.147440633213925,18.0,30.705220796686138,24.974550313020412,30.798387064490157,24.874208812327993,24.311967701845333,24.30743243149692 
 06/15  07:10:00,55.874189129920445,31.67333258199951,27.37941489774904,27.379724654650627,18.0,31.21678675103491,25.041090283521637,30.98923085504498,24.898531274766754,24.434014300118065,24.430610078789755 
 06/15  07:15:00,56.42001125469945,31.55881934121219,27.60728526156998,27.60739753403489,18.0,31.732007900795587,25.06574238348756,31.172252623172653,24.91871671417215,24.547993511736877,24.545658459028573 
 06/15  07:20:00,56.938996971562624,31.426226324997415,27.832089871117038,27.83200568549565,18.0,32.25471730963447,25.088942648023142,31.34988326169173,24.94365445777646,24.661313168636184,24.65992394769546 
 06/15  07:25:00,57.43249567166828,31.27710201002914,28.054736672434853,28.0544595262474,18.0,32.780822837608696,25.110304776225593,31.521565995247215,24.97547639567,24.774114300134443,24.773537414236728 
 06/15  07:30:00,57.901243634343025,31.112568384885098,28.275783106684408,28.27531880660906,18.0,33.3149946188021,25.130402698810066,31.687276680806747,25.028411823585657,24.886562181572003,24.88664882804875 
 06/15  07:35:00,58.24127552742345,30.91570781516938,28.48191429902622,28.48127076200049,18.0,33.808868638961215,25.1497546270579,31.802220330435716,25.07550231808409,24.992941225700122,24.993528533041854 
 06/15  07:40:00,58.52939902514298,30.701533760091234,28.682432695116226,28.681619733818362,18.0,34.30182023234637,25.167114947963825,31.910994034092028,25.13353910689682,25.09859591626207,25.099505065169524 
 06/15  07:45:00,58.77939286252213,30.474007448111287,28.879405152089067,28.87843428166426,18.0,34.79602741283453,25.18394700456271,32.01448772671881,25.205805921486274,25.204133167488976,25.2051800707211 
 06/15  07:50:00,58.99771396471331,30.370846449333722,29.201564237624414,29.07269651293466,18.0,35.28444947928818,25.200419024716805,32.11289083330678,25.30564757708987,25.32431020493459,25.31066871771543 
 06/15  07:55:00,59.18803651473168,30.399546055458273,29.652682241596658,29.264982147630253,18.0,35.773901567533265,25.217600341062006,32.206398972039324,25.411547448588237,25.460687968997945,25.416137396932868 
 06/15  08:00:00,59.35255124936664,30.481261540999654,30.155833698645818,29.4556482294536,18.0,36.2616518029778,25.235106992497883,32.294956909163034,25.517677936027326,25.610281636907644,25.521498513763845 
 06/15  08:05:00,59.53264607201445,30.59650041444094,30.697924377096196,29.649874258481447,18.0,36.789422307210266,25.252938767723236,32.45970129083423,25.699235095230904,25.84405723068039,25.69679853910486 
 06/15  08:10:00,59.70061324668374,30.733024941889646,31.265451271871836,29.845017460385566,18.0,37.32744014864276,25.517570809514456,32.60622275796834,25.857562000235077,26.06386983764793,25.84797031371056 
 06/15  08:15:00,59.85196598948408,30.883925737377318,31.85165946326608,30.04064704853064,18.0,37.86972174082582,25.641237736436086,32.709630131417384,25.977132828048866,26.260179289823327,25.962250258130553 
 06/15  08:20:00,59.98462687081215,31.04483619572378,32.452312119043356,30.236599752511424,18.0,38.42847229010493,25.73252255719961,32.79430002243049,26.08309808411252,26.45297006077294,26.066674080918403 
 06/15  08:25:00,60.09735094193352,31.21288014045156,33.064555273934445,30.432791798063484,18.0,38.99138289454263,25.792340092799048,32.87094634346647,26.184360559365416,26.649128098923256,26.166949733552542 
 06/15  08:30:00,60.18931067671513,31.38610869915204,33.68636698012237,30.629177924502663,18.0,39.568068214107456,25.846061866904133,32.94292629735395,26.284912970026426,26.851504106498453,26.266608046829333 
 06/15  08:35:00,60.19476807864226,31.550343258596786,34.29618118093058,30.813559878871704,18.0,40.1097093144243,25.894370616252253,32.97208424464361,26.3783295478097,27.051166330978617,26.35990702745312 
 06/15  08:40:00,60.161723554132564,31.71298027867204,34.904812769062715,30.994003831460162,18.0,40.655918364590086,25.93804196451469,33.003156268000964,26.470523124882448,27.254436269104758,26.452072615190218 
 06/15  08:45:00,60.09839336875743,31.87513785502568,35.5136534434277,31.172195947312503,18.0,41.20479302860979,25.978133692431303,33.04353100449498,26.561679249314523,27.460649323160112,26.543334972409127 
 06/15  08:50:00,60.00853560084638,32.03716361406999,36.12295948476938,31.34890895231995,18.0,41.75296620461521,26.01568027809085,33.062895248673385,26.652091402404267,27.669323016076874,26.633966771335736 
 06/15  08:55:00,59.8942350702891,32.19918055708605,36.73264745681598,31.524586358908724,18.0,42.30362287145204,26.05074247383103,33.09317876385256,26.7416544397322,27.87970446406655,26.723877800810442 
 06/15  09:00:00,59.75669207356488,32.36121218133275,37.34247692284398,31.69949759774661,18.0,42.857059108489445,26.083915068286622,33.10603460517024,26.83053268065811,28.091325196441915,26.81321630040975 
 06/15  09:05:00,59.49593892102193,32.51768382679269,37.89342184282353,31.856741339694214,18.0,43.24554790105074,26.115239851531754,33.11019095429947,26.939288448873867,28.31040926892706,26.922984231891746 
 06/15  09:10:00,59.18683974596313,32.67192750519483,38.41933591878601,32.007267164987844,18.0,43.60302419157912,26.121143130063544,33.11103184033334,27.05500007145895,28.532201200879626,27.039630805047523 
 06/15  09:15:00,58.84308217332776,32.82460532761787,38.926543588594605,32.15345679357497,18.0,43.95616392188985,26.146197289558703,33.111811275431876,27.17389303926541,28.754415742541823,27.1595208161624 
 06/15  09:20:00,58.47129067112498,32.97600145974154,39.4178133593413,32.296450103627606,18.0,44.26001094986339,26.170217140660338,33.109949331312066,27.29220556602263,28.973675442227204,27.279062755402265 
 06/15  09:25:00,58.07538250043071,33.12626666985507,39.894696045333376,32.436930699241515,18.0,44.560261692970435,26.193662622229187,33.10553267793932,27.410146985001177,29.18987228178537,27.398401814145018 
 06/15  09:30:00,57.657828842513666,33.27548413603269,40.358118635516014,32.57533859447072,18.0,44.829854998237245,26.216477654848866,33.098203360006096,27.52774418477361,29.402798209315165,27.517558600371615 
 06/15  09:35:00,57.183025716298644,33.41241519734409,40.78760963848672,32.701332991662035,18.0,45.065104476132845,26.238626088057313,33.07074452433784,27.639873911301265,29.603248534707006,27.6319817640848 
 06/15  09:40:00,56.680420073078395,33.54469426842432,41.19767923567455,32.822516091806946,18.0,45.27426652830251,26.259252301173923,33.03964667945269,27.751435905039784,29.799677691479417,27.745981045875283 
 06/15  09:45:00,56.156102497721136,33.67402140938088,41.591427282394484,32.940639610523974,18.0,45.48028017863756,26.279115714600966,33.00464479097377,27.862746480675867,29.99222648777379,27.859881895872036 
 06/15  09:50:00,55.613230520435565,33.80122285763225,41.97036616090192,33.05657455773735,18.0,45.6629506629233,26.298289000201816,32.965087273402105,27.973842395518545,30.180876227331737,27.973715586600406 
 06/15  09:55:00,55.05379942966707,33.9267998991225,42.33541668382139,33.17085853581585,18.0,45.842701868874954,26.316775579063133,32.920235001239575,28.084727360717466,30.365609308440924,28.08747806863812 
 06/15  10:00:00,54.4791715507333,34.05108065221824,42.68718455176874,33.283850050240396,18.0,46.00614072622764,26.33425983462829,32.86929085146119,28.195370857213106,30.54639981307446,28.20113405932932 
 06/15  10:05:00,53.9078944961727,34.16393871420478,43.04550511489876,33.38901233795685,18.0,46.221771999512534,26.35147117966586,32.78983202733815,28.272688403744496,30.69166671797109,28.281551440349972 
 06/15  10:10:00,53.32612191860439,34.27228939131651,43.39785666188859,33.49094856396158,18.0,46.43332928059679,26.3624349752468,32.70139170657211,28.34838562011987,30.839945797757252,28.359692141687333 
 06/15  10:15:00,52.73153453276363,34.377696446688965,43.741961229622646,33.590693227747416,18.0,46.64174457894837,26.377285744088084,32.604002006982,28.42417124707788,30.98595622224525,28.4377851508562 
 06/15  10:20:00,52.1232059043722,34.48094141208317,44.07681199912067,33.68876645865158,18.0,46.852676500652045,26.39173264233956,32.49652473357867,28.499642075307406,31.128531254601853,28.515577117834596 
 06/15  10:25:00,51.50071932144506,34.582517415748256,44.40183026178726,33.78550250612188,18.0,47.06032241188368,26.40578215473405,32.37851616911428,28.57490379895671,31.26762321287879,28.593163737232942 
 06/15  10:30:00,50.86392547949064,34.682765391191786,44.7166527700007,33.88113972608971,18.0,47.265013797853825,26.41943799405026,32.24966054153424,28.65000242127519,31.40325202028737,28.67058092342012 
 06/15  10:35:00,50.11453057831955,34.75719513974915,44.9329670958917,33.952834101736464,18.0,47.338187976576435,26.432691389027354,32.06210089657003,28.713984222029353,31.497696866436627,28.738269585433443 
 06/15  10:40:00,49.33029262442878,34.82238407990219,45.11106961551309,34.016475326216366,18.0,47.38514006474949,26.443354409808343,31.86910859208342,28.776991839697587,31.585980636859347,28.804927557361395 
 06/15  10:45:00,48.52698219041619,34.882012672751806,45.262424103927906,34.075446012349275,18.0,47.42825887168712,26.453280923915727,31.670985400586005,28.83984339200208,31.669919746243522,28.871390289826593 
 06/15  10:50:00,47.712376873559805,34.93790203251761,45.392277910110074,34.131362429892114,18.0,47.43305087374913,26.462641732844226,31.46895184005234,28.902638918225648,31.74982280854499,28.937768472675486 
 06/15  10:55:00,46.89127387304362,34.99119406193001,45.50371125292353,34.18521362715307,18.0,47.43440402096693,26.47145511017234,31.26451570926372,28.965407168739944,31.82585194228045,29.00409251277722 
 06/15  11:00:00,46.06690109979999,35.04267135636113,45.598701710539764,34.2376656817363,18.0,47.411843247845944,26.479851225977818,31.05961311159541,29.028228239406644,31.898194098130546,29.070436603747112 
 06/15  11:05:00,45.22956380929893,35.08124868220201,45.664614821946905,34.27542494635091,18.0,47.37638223657017,26.487837814668726,30.839691873078436,29.075504361700496,31.949004810899737,29.118916112475745 
 06/15  11:10:00,44.38935368819062,35.115129674930635,45.71232400466879,34.308306216673635,18.0,47.32248980570896,26.500682957885015,30.622744556532098,29.120301856178457,31.993554928664082,29.164512687427532 
 06/15  11:15:00,43.54933778727514,35.14633039583057,45.744473976273106,34.338539615302594,18.0,47.26545296533543,26.508721790644326,30.412778102733,29.164312704809618,32.033920776460945,29.209276433977493 
 06/15  11:20:00,42.71150916754372,35.17593641334307,45.76254200090928,34.36725434328008,18.0,47.19311725189744,26.516415886592632,30.214045443745476,29.20850638509512,32.071095085869274,29.254154553059834 
 06/15  11:25:00,41.87741435729788,35.2046761977411,45.76755332254615,34.395174600827986,18.0,47.11787059808666,26.523764758597288,30.03045232494202,29.252901121001514,32.09711043654704,29.29920272291463 
 06/15  11:30:00,41.048347434663334,35.23308017918206,45.760288342897475,34.422808079457226,18.0,47.03083703994718,26.530925388113232,29.8685999036029,29.297574246331408,32.1258533244162,29.344506045480955 
 06/15  11:35:00,40.26158985750523,35.28060801730729,45.831126545849756,34.468145765684575,18.0,47.0671663780572,26.53792675177735,29.739871203780012,29.350857234096907,32.202101615984816,29.397261553441012 
 06/15  11:40:00,39.483811077176696,35.3348567758659,45.91696040048574,34.51930134443926,18.0,47.112962334378935,26.546467060864963,29.637365125178576,29.40512498519638,32.269912611168365,29.45102314790597 
 06/15  11:45:00,38.70782697947416,35.39334440185513,46.00606677611535,34.57399387450719,18.0,47.15581386065752,26.555258541399674,29.567701001728437,29.45981518699665,32.33425324364498,29.505219769579185 
 06/15  11:50:00,37.93036805836983,35.454968168647405,46.09326834831526,34.631249207272226,18.0,47.21916905581607,26.564317178579138,29.537562010844,29.51493699854109,32.395889130901594,29.559864940547186 
 06/15  11:55:00,37.38654556890852,35.51910135427815,46.175669334313206,34.90995353529164,18.0,47.27940079848799,26.57366085310625,29.56482690152319,29.570588065622246,32.455025138711505,29.641804462040568 
 06/15  12:00:00,37.110489113814516,35.58535373313768,46.25153003247084,35.436574226365714,18.0,47.34613422121397,26.584504216921214,29.62677715832251,29.626962062520363,32.51182824147406,29.77047449678946 
 06/15  12:05:00,36.96381164348385,35.67504336590508,46.37533105103648,36.08720805589636,18.0,47.489791851015816,26.596483278122918,29.698910262614618,29.698187114989196,32.59283709216413,29.961775060091554 
 06/15  12:10:00,36.88815063460884,35.77352149286144,46.5067967661698,36.80377058314847,18.0,47.64595351644273,26.593701215814622,29.77582117601378,29.774702313048124,32.67688496304174,30.18090131115622 
 06/15  12:15:00,36.85877392013022,35.87758097897335,46.638019046848605,37.56330794549021,18.0,47.799126201426986,26.604620906076388,29.855356094055082,29.853898860990626,32.76039385515787,30.427123254487697 
 06/15  12:20:00,36.861292536849305,35.98566499584156,46.76532073152206,38.35277856197731,18.0,47.96797589197169,26.616345256516215,29.93523382923013,29.933426730029282,32.84116044212249,30.693945524621256 
 06/15  12:25:00,36.88663590891009,36.09681421957276,46.88653824940854,39.16401764183923,18.0,48.1337863314952,26.628941679296002,30.01551230150494,30.013354359242385,32.919139677640146,30.976630911890823 
 06/15  12:30:00,36.928837293243284,36.21038175382086,47.00028783666276,39.99162450132065,18.0,48.30440837559201,26.642193217697073,30.096110557222175,30.09361670819402,32.99422073579967,31.271297169311197 
 06/15  12:35:00,36.975488085710246,36.3175454634828,47.09625236099427,40.82315790185924,18.0,48.46258104060093,26.65640804285344,30.173412833534144,30.170615311687015,33.06276647397186,31.570670483857384 
 06/15  12:40:00,37.02920937502755,36.42342167871744,47.18035904551138,41.661685505159355,18.0,48.618737975291786,26.669929444362417,30.250555178917693,30.24749892959119,33.12787364317455,31.874866583619337 
 06/15  12:45:00,37.08905883333664,36.528852402005995,47.25331173705946,42.50625856488514,18.0,48.771692172086425,26.684478290352313,30.327879623388753,30.324620684314596,33.189833616492194,32.18138093109155 
 06/15  12:50:00,37.15400904914451,36.63410716270103,47.31523304663992,43.35574370212043,18.0,48.91889636513878,26.699015508224296,30.405161623942718,30.40176384740755,33.24841455145162,32.48768936790134 
 06/15  12:55:00,37.22317663546243,36.739265410699005,47.36607596460822,44.20909185000466,18.0,49.062809685015274,26.713821145973682,30.482407103850846,30.478940389946274,33.303562325529356,32.79185324168952 
 06/15  13:00:00,37.2958199175385,36.84431415658512,47.40572031319091,45.065355636635466,18.0,49.20027015862898,26.728852988758682,30.55956355853482,30.55610144058096,33.355170366978086,33.09226753866017 
 06/15  13:05:00,37.36745047505915,36.943790344100194,47.51083605015733,45.99155732638401,18.0,49.48509802376374,26.744070530783493,30.597234153981105,30.593829695902798,33.38109696218862,33.372199789422496 
 06/15  13:10:00,37.44061208449122,37.04186789728523,47.62788817507225,46.95034167867108,18.0,49.79221661215036,26.77937269076452,30.62656599630577,30.623314030011784,33.40419955714788,33.64684451186997 
 06/15  13:15:00,37.515593899761015,37.139437406696345,47.746850421016006,47.93544505589371,18.0,50.101753220398805,26.797476178896492,30.6520720416666,30.64903107753139,33.42179233388208,33.91745104977451 
 06/15  13:20:00,37.5924002706835,37.23689427383208,47.86311972785851,48.944220818185734,18.0,50.45028441368655,26.81545688659946,30.67698990683664,30.674230503411763,33.435152940819876,34.185906436043865 
 06/15  13:25:00,37.670955852274425,37.33445010289814,47.9739374697301,49.97514632581805,18.0,50.80199584058264,26.832946517519645,30.701108105774722,30.698691093394473,33.4437707636165,34.45189049286057 
 06/15  13:30:00,37.751157016652954,37.43222136288302,48.077461005285016,51.02722430884657,18.0,51.178894407731434,26.850171232350878,30.721165962651753,30.722398248277898,33.44722280030351,34.71546770612758 
 06/15  13:35:00,37.81580157272646,37.51316883606118,48.11714075842539,52.02374400398531,18.0,51.47359044050646,26.867105309520493,30.735888241387215,30.735141761761952,33.425823267226235,34.94177178964469 
 06/15  13:40:00,37.87604909212776,37.58858804190345,48.13137450322891,53.011331908175684,18.0,51.77241415187702,26.881878388902134,30.749011828026198,30.748165830110793,33.39304435448548,35.16271960363849 
 06/15  13:45:00,37.93417485894595,37.660876023230365,48.12689278970064,53.99754940542238,18.0,52.07443240598596,26.896480261612403,30.761194605961236,30.760645630682234,33.35343982047226,35.37930929782323 
 06/15  13:50:00,37.99120066986164,37.7311550169045,48.10643680799215,54.985313018631636,18.0,52.36797302246384,26.910685153566103,30.772320530100046,30.772198513440003,33.30766645440747,35.59212442704302 
 06/15  13:55:00,38.047702314780224,37.80008555757581,48.07135624847143,55.97593958777658,18.0,52.66466743022642,26.924461191493553,30.782274122217075,30.782622666194527,33.25563080778238,35.79493679495425 
 06/15  14:00:00,38.10402547333796,37.86808583826082,48.02228443075097,56.96990471643182,18.0,52.96073170406173,26.937890660141957,30.791014944049607,30.79183978512509,33.19716901134137,36.001619246330506 
 06/15  14:05:00,38.11782725411673,37.89385884993768,47.83072153230478,57.776228611257054,18.0,52.99851056676968,26.9509310924471,30.782931801841187,30.784206483028242,33.090027252725065,36.13016611803147 
 06/15  14:10:00,38.11658909547968,37.904195222496035,47.58663914544587,58.51921078761803,18.0,52.98968737665753,26.95324956139404,30.77447566575455,30.776161673452748,32.97825058968442,36.251522107185735 
 06/15  14:15:00,38.10625468258889,37.90493486082628,47.30799967609982,59.22075800132029,18.0,52.97913501176801,26.96373710287247,30.766657136975937,30.768714627333054,32.863758048752175,36.369299839744315 
 06/15  14:20:00,38.08965738446741,37.89888435778148,47.00326338465116,59.8907770711992,18.0,52.89078996231959,26.973883207359734,30.75811425533209,30.76048613453787,32.745652376208454,36.483260659445364 
 06/15  14:25:00,38.06847691203817,37.88772342006491,46.67739646368314,60.53485564659975,18.0,52.80110232046586,26.983903476053637,30.74904590186702,30.751670262705375,32.62432394303016,36.594092730168995 
 06/15  14:30:00,38.04377096767495,37.87252264108851,46.333515029566556,61.1563282772962,18.0,52.66385786606072,26.99373470474646,30.73954246286337,30.742352327915853,32.50004373699903,36.70220327567631 
 06/15  14:35:00,38.00493211443397,37.84268944417808,45.94984894753355,61.7022805886742,18.0,52.481591395501304,27.003348695678326,30.724746539881835,30.72765545048651,32.36293660568623,36.78346410476786 
 06/15  14:40:00,37.95980290260077,37.80608702910687,45.54525679586787,62.21106166083889,18.0,52.260722786701635,27.01177581191955,30.708945372366884,30.71187867329388,32.22388316072977,36.861243292179495 
 06/15  14:45:00,37.91030902565666,37.76466687442909,45.12440407434059,62.68997219664371,18.0,52.03840961353466,27.01978697126243,30.69269613399547,30.695577313651143,32.08371949104901,36.93605714407738 
 06/15  14:50:00,37.85744741639804,37.7194507358201,44.68982102544036,63.14257930520498,18.0,51.781597229834844,27.027432969584975,30.676062210130283,30.678815586578253,31.942990034375896,37.0080051624401 
 06/15  14:55:00,37.80184197287081,37.671086312068226,44.24316705882187,63.57100973384444,18.0,51.52330738574669,27.034709698234288,30.65904899249415,30.661599990911384,31.80227129893592,37.077079658562184 
 06/15  15:00:00,37.74390609910632,37.62000962469667,43.78561203974698,63.97661260332188,18.0,51.241395978352735,27.041658867203186,30.641680621731666,30.643958139234883,31.662213242861867,37.14323040055234 
 06/15  15:05:00,37.66127837294035,37.5442772029608,43.25204754576052,64.19586687296618,18.0,50.77748556068498,27.047883075104902,30.628235771757886,30.630165125345002,31.523648346458288,37.15580027137298 
 06/15  15:10:00,37.56953808919974,37.45917915506786,42.692981300241655,64.34541655085083,18.0,50.272435954715,27.054065790392062,30.615300252847476,30.616825115887877,31.39101147203155,37.162166834843674 
 06/15  15:15:00,37.47232982037193,37.368312825964765,42.120072685570904,64.44629000949502,18.0,49.7736367221665,27.05994998415903,30.60240464969388,30.603481044168632,31.26479394461103,37.16733509497931 
 06/15  15:20:00,37.3714959512951,37.27350791409714,41.53935563827596,64.50872846904191,18.0,49.22187341024389,27.065555910496368,30.589432168033966,30.590028856211006,31.145791915374787,37.167803274499306 
 06/15  15:25:00,37.268179114453886,37.17590721028106,40.954671984133334,64.53888405873198,18.0,48.67729133575742,27.070898871814403,30.576348370878577,30.576449097761895,31.03483646414867,37.16371033085625 
 06/15  15:30:00,37.16313257760881,37.07627067816495,40.36865300177609,64.54072740949815,18.0,48.1094962972645,27.076010710991465,30.563155221113107,30.562761166088308,30.93282258195859,37.15544453016855 
 06/15  15:35:00,37.05034533012166,36.96859621591015,39.7662108596853,64.35853202388348,18.0,47.470128459662824,27.08087997167566,30.547047499398104,30.546167427993794,30.83622428417459,37.06980116655393 
 06/15  15:40:00,36.93516637817289,36.85824447443912,39.16559468775022,64.10589854821401,18.0,46.81489828824986,27.084222118736506,30.530477328847155,30.529165312643727,30.751615003213942,36.98263153213975 
 06/15  15:45:00,36.81905311452946,36.74668645090849,38.572166540110494,63.80354734591644,18.0,46.17142071343089,27.086937038338807,30.51404408944279,30.51238225632403,30.680064819086283,36.89127927376228 
 06/15  15:50:00,36.70280540940597,36.63473540643024,37.98906776852733,63.461685008872735,18.0,45.51606818524068,27.089253665533516,30.49785013568595,30.495948498170492,30.62219899302329,36.795318900630036 
 06/15  15:55:00,36.58694359246486,36.522924690843354,37.41847190794901,63.086538008237866,18.0,44.87276097757474,27.091175101128478,30.48188742520324,30.479885879045128,30.578531642405494,36.69473862037154 
 06/15  16:00:00,36.4718246520861,36.52117439680977,36.96630957665154,62.68221156140142,18.0,44.235344783483434,27.092793448310864,30.466232037805867,30.474403337519675,30.556333421213026,36.58971316653191 
 06/15  16:05:00,36.34192370385278,36.64384476412242,36.63938988039885,62.19245517139551,18.0,43.573359150589965,27.09458515212595,30.437171703656986,30.47954203168996,30.531303941880083,36.45205113364682 
 06/15  16:10:00,36.20786922802342,36.810270416978206,36.36557062542308,61.66339315565055,18.0,42.923567512196726,27.104507638316594,30.40662210284421,30.493321940380383,30.503629178683923,36.30670710402052 
 06/15  16:15:00,35.977884606191985,36.89168615339914,36.03578699824296,60.810935309760566,18.0,42.288446259562484,27.107516289365496,30.332587266878477,30.47266822263316,30.436727456411404,36.02486325413349 
 06/15  16:20:00,35.80470191901165,37.0443091643104,35.78491879790328,60.15866865400862,18.0,41.668704282036536,27.103359561059534,30.29655647850052,30.495805479305204,30.40363745892921,35.88110516925849 
 06/15  16:25:00,35.64382535244278,37.210980059284985,35.56220688166372,59.527752668582316,18.0,41.063298963433546,27.10452195457135,30.26243337134349,30.53049576831654,30.37262502431838,35.73080973319719 
 06/15  16:30:00,35.48932668968488,37.37987549069061,35.35739169155246,58.899391374578435,18.0,40.481399756890134,27.10558969471458,30.228374392248156,30.570488874389696,30.341655204822075,35.577689300446195 
 06/15  16:35:00,35.30007430654569,37.50975196514205,35.12886426314288,58.26268313268265,18.0,39.887992437078985,27.10649437009517,30.177094381417476,30.596642439864127,30.295405845469645,35.41979903126685 
 06/15  16:40:00,35.10054485686046,37.62120717130747,34.8984471985198,57.61814625924434,18.0,39.31639238981933,27.1054872734618,30.12511656706215,30.624460616946692,30.248357313093834,35.25186460348061 
 06/15  16:45:00,34.895731790079765,37.71718202963835,34.66945874087442,56.96528859578172,18.0,38.75697122933366,27.10381483625731,30.072962759586233,30.653216726036987,30.201146488390577,35.08903009750668 
 06/15  16:50:00,34.687949556745515,37.798593224580436,34.44301833293519,56.304122509523914,18.0,38.218109000205075,27.101645325209518,30.020731407585913,30.68185466546197,30.15386424051701,34.924805694504244 
 06/15  16:55:00,34.47857317262682,37.86580235478943,34.219615577287684,55.63497733449286,18.0,37.69095042945675,27.098915099331162,29.968404097539633,30.709302969693965,30.10648145917537,34.75908295143381 
 06/15  17:00:00,34.268480572677525,37.91893191046816,33.99945826421679,54.95835384857616,18.0,37.18704778154315,27.095715699668638,29.91604250112664,30.734674544075688,30.059036354729926,34.592083653894065 
 06/15  17:05:00,34.070739998944916,37.99956022643537,33.81055072229915,54.55907172930979,18.0,36.793108817971095,27.091970171108514,29.817727812462294,30.724980537393947,29.964469663511068,34.46967711318928 
 06/15  17:10:00,33.875177672390606,38.08136032073425,33.62975876342888,54.222621360474754,18.0,36.423963250898645,27.042672550859628,29.722840210316463,30.716180717117368,29.870959215495816,34.34616634854558 
 06/15  17:15:00,33.679504302540515,38.158746426032714,33.45197035846923,53.91090773639822,18.0,36.05057920236649,27.031243458363743,29.632990505387397,30.71001172792728,29.781214999733038,34.22310318466856 
 06/15  17:20:00,33.48260822265661,38.22892893869038,33.274737839065075,53.607008301851614,18.0,35.704289645062175,27.019424862314608,29.541840740486236,30.699652115936487,29.689738564609797,34.09506234968359 
 06/15  17:25:00,33.283802437723395,38.290073817292786,33.09657285586772,53.301403743992196,18.0,35.35431903245077,27.008106557010258,29.44988158278875,30.684586307412587,29.596882711792432,33.962321833501164 
 06/15  17:30:00,33.08261673498724,38.34082640505771,32.91647725019576,52.988295119250864,18.0,35.015008931158164,26.996914881378622,29.357078336628547,30.664392954884647,29.502579852878625,33.82477747272401 
 06/15  17:35:00,32.88873207480073,38.29758074920327,32.74324794285911,52.356697616123846,18.0,34.62251592029276,26.98567611304928,29.266868514701855,30.591804192238328,29.40922111607415,33.55069972435058 
 06/15  17:40:00,32.69697494745458,38.205237826027336,32.571597765326175,51.617057177982424,18.0,34.22964841398477,26.971428530478725,29.17524755503092,30.510969685756606,29.31375035704218,33.27094529689009 
 06/15  17:45:00,32.50629621327871,38.07127954723841,32.40034158483393,50.80534775607114,18.0,33.83903478025908,26.95672893504585,29.083040473897427,30.418280074416998,29.216859528422162,32.98289851868299 
 06/15  17:50:00,32.31620701342384,37.898311518305185,32.228871979483905,49.93695185126278,18.0,33.44177301324886,26.941376578566597,28.99008244602129,30.312818397417004,29.118371468871942,32.68627923479829 
 06/15  17:55:00,32.12803060761198,37.691711110181586,32.05834745734575,49.02978065737892,18.0,33.046767700056044,26.92526939325558,28.89696564121084,30.196327286556198,29.018807114399692,32.385114050655886 
 06/15  18:00:00,31.893140350158074,37.16882698410894,31.841699022671634,47.39515508254901,18.0,32.65108512443024,26.90873399159863,28.780118942119543,29.937122558490955,28.896118466329995,31.765076376242405 
 06/15  18:05:00,31.668648274693812,36.741840878991226,31.629657123661048,46.080686348843976,18.0,32.230206735888444,26.878874366448944,28.622496820730703,29.720315799310356,28.737314478549308,31.36183095796514 
 06/15  18:10:00,31.4451266753442,36.30127921258348,31.41651459963873,44.79592126383285,18.0,31.81392556605756,26.73690867148698,28.492555079705312,29.520378703683093,28.604087061420273,30.978173372003425 
 06/15  18:15:00,31.222279966876705,35.83398861906792,31.202775764085057,43.51212516934751,18.0,31.407531557276204,26.69814010786283,28.380490708711932,29.328275311587845,28.487706270626177,30.60817603073076 
 06/15  18:20:00,31.000389892702426,35.33611483925995,30.989076962310456,42.22264103370001,18.0,31.00904570303682,26.659721398269177,28.266771088981898,29.12534330819483,28.369649093943394,30.23595914461373 
 06/15  18:25:00,30.753749260468293,34.5613947935903,30.750660237494287,40.40240055294725,18.0,30.620849831338084,26.623780257258588,28.139834151916034,28.799314963952952,28.23895665398777,29.619203181487478 
 06/15  18:30:00,30.524746552675655,33.90645462164667,30.529031809389924,38.93055688518781,18.0,30.249470989071682,26.579226833153157,28.022484449762715,28.57447290016387,28.117138364784807,29.246454428494303 
 06/15  18:35:00,30.29953927061509,33.46700000505196,30.310564713588125,37.98691950026434,18.0,29.92450353953105,26.54433344152221,27.913642373864718,28.457584819305225,28.004584695829408,29.092954465375612 
 06/15  18:40:00,30.07578409123497,33.10161228741159,30.09301836138931,37.229931728618816,18.0,29.61924221078333,26.514976576160976,27.8065872827587,28.342868982431526,27.89368141055013,28.93983826776872 
 06/15  18:45:00,29.852542130627604,32.779881594262434,29.87551502524758,36.586024425822316,18.0,29.319710094059456,26.4873258753007,27.69989940037516,28.229209035240956,27.783043612593474,28.79039209900276 
 06/15  18:50:00,29.629296113534508,32.489698525040644,29.65757549006168,36.023881178476536,18.0,29.035713958071838,26.46121212437735,27.593728666226752,28.117817627469776,27.67278888948647,28.646899188175666 
 06/15  18:55:00,29.40575590377747,32.160001307613626,29.438929643052443,35.40524447814255,18.0,28.752473383034506,26.436650794693705,27.488048877751567,27.978901718287375,27.56288089999697,28.454285030896585 
 06/15  19:00:00,29.181835319789243,31.777133430965364,29.219471622804893,34.712548622977174,18.0,28.48085223276909,26.41115484234867,27.383092461352135,27.81843810474254,27.452927516378338,28.22773756292122 
 06/15  19:05:00,28.95293723702568,31.355001537936044,28.99531121043519,33.97144173799574,18.0,28.204659592515526,26.385030984392603,27.276649177259685,27.650092392517934,27.345041760851984,27.99952966797366 
 06/15  19:10:00,28.70996735580942,30.777557733013754,28.75751747678696,33.00465627888284,18.0,27.937975066513097,26.351744605161798,27.16179084062486,27.41917458368016,27.23133356434647,27.67086297218316 
 06/15  19:15:00,28.477776472797743,30.284229998250364,28.53060553000962,32.209585988698464,18.0,27.67430185522466,26.320190488610606,27.051246855460136,27.257966443135842,27.12339545137411,27.473900131986284 
 06/15  19:20:00,28.249942194342527,29.78523399274426,28.30820188466792,31.43365243632719,18.0,27.418671395455036,26.29317271689522,26.938896510403538,27.088482504649676,27.015031581935602,27.264034078913483 
 06/15  19:25:00,27.90094103680497,28.920964952178952,27.96780487397105,30.197800101575183,18.0,27.020571113304413,26.265904754850993,26.745136371185367,26.74483138855237,26.83337666652642,26.826614629537346 
 06/15  19:30:00,27.685099416474348,28.4657279462344,27.758700767353503,29.555221979721004,18.0,26.812837374305953,26.226548569508385,26.662072960740602,26.66146338089459,26.751526974456056,26.750161315851642 
 06/15  19:35:00,27.50875124305819,28.131438172798347,27.587923413335194,29.08944924001721,18.0,26.605763312459604,26.20374728890415,26.583691099976477,26.582850687634732,26.674647055912942,26.673732778922613 
 06/15  19:40:00,27.354369527992027,27.864352308797496,27.43822814282588,28.722400949203212,18.0,26.440877769730257,26.18216434440481,26.50534343612526,26.50446448120215,26.597812363583785,26.596968726471516 
 06/15  19:45:00,27.214320307424398,27.640887759324553,27.30217619094346,28.41987303031681,18.0,26.276339557840647,26.16186229007664,26.42717043477421,26.426287000805587,26.521121451482827,26.520291076233434 
 06/15  19:50:00,27.08412027956616,27.447230884570857,27.17544090438992,28.1619582197648,18.0,26.13545772868919,26.142430882409844,26.349061066544095,26.348181789157138,26.444464304220105,26.443642323023937 
 06/15  19:55:00,26.960911571328904,27.274606006414025,27.05528988184319,27.935672067905053,18.0,25.99480669357664,26.123831977968283,26.27104926385823,26.270178970873644,26.36787255709578,26.367061057103342 
 06/15  20:00:00,26.8427983219396,27.117210231457904,26.939926198454685,27.73276354078496,18.0,25.868564454151404,26.10583151713346,26.193059673924438,26.19220170225134,26.291274072916053,26.290476172956232 
 06/15  20:05:00,26.724313980284485,26.96715104068239,26.823342095429535,27.543739529979142,18.0,25.731174265503657,26.088422192884142,26.083838229126172,26.08299359723128,26.183248535735913,26.182463791132932 
 06/15  20:10:00,26.607142167985103,26.82406681208189,26.70769763403062,27.366630966200248,18.0,25.600638321228747,26.009045245073978,25.986215822752115,25.9853624925164,26.085933319079004,26.085188203989787 
 06/15  20:15:00,26.491243567999142,26.686563396850246,26.593085939568695,27.199025334518915,18.0,25.470080984751085,25.98239088918744,25.897186809952757,25.89637282817216,25.996842552451426,25.99609642946473 
 06/15  20:20:00,26.376449568717653,26.55350478952846,26.479412222840377,27.039056871749647,18.0,25.342017879435755,25.95224894023275,25.80675478505691,25.805964883974298,25.906435531677346,25.905706403668546 
 06/15  20:25:00,26.262598658088482,26.424021536080957,26.366563700703704,26.88531432584518,18.0,25.213931360114717,25.92296739682464,25.71641733964924,25.715654913231333,25.816111599738633,25.815399367512555 
 06/15  20:30:00,26.149551586348913,26.29744709577644,26.254434907664788,26.736719428191634,18.0,25.08779713395541,25.894018403482306,25.62608116748885,25.625347260574472,25.725787975161836,25.725093985822923 
 06/15  20:35:00,26.037191448401906,26.173265681747257,26.14293300023736,26.592437108062462,18.0,24.9616401814494,25.865437571722232,25.535812041163922,25.535108054584327,25.6355277227413,25.63485240305988 
 06/15  20:40:00,25.925421005351836,26.051074011126477,26.031978199407234,26.451811864668475,18.0,24.836958289266345,25.837083541880375,25.44556334627555,25.444890083272412,25.54528669399201,25.54463048464123 
 06/15  20:45:00,25.814159645929333,25.930553579789596,25.92150273396506,26.314322527832875,18.0,24.712254138055698,25.80898542367908,25.355365590194197,25.354723932735794,25.45509401258596,25.45445679405566 
 06/15  20:50:00,25.70334058016696,25.811450436978806,25.81144934489232,26.179549714538208,18.0,24.588672115328855,25.781056455122236,25.265185305371745,25.264575693038296,25.364917862917594,25.364299500334084 
 06/15  20:55:00,25.592908396057844,25.693560264408756,25.70176973717396,26.04715209705145,18.0,24.465068204750132,25.753321877588935,25.17504310975994,25.17446600728971,25.274777908063015,25.27417787108459 
 06/15  21:00:00,25.482816985086593,25.57671723881015,25.592423133077435,25.91684886468375,18.0,24.342329895273284,25.725719396078773,25.08491320597676,25.08436873609321,25.184649610573103,25.184067371384003 
 06/15  21:05:00,25.3862513573543,25.473761917040388,25.498830398311863,25.802467907071204,18.0,24.256539609224767,25.698272737245507,25.017550785685444,25.017041471029245,25.12138496196235,25.12082412388861 
 06/15  21:10:00,25.29483253045169,25.37642711575864,25.41105468487737,25.694980631815667,18.0,24.178198716373785,25.667566234019734,24.97028462240405,24.969801975527503,25.077579667347663,25.077040688138936 
 06/15  21:15:00,25.20655520946835,25.28268638504481,25.32674370830114,25.59214615685347,18.0,24.0996130994892,25.700058370816397,24.910358530412395,24.90992928036252,25.021554296863087,25.021016742632128 
 06/15  21:20:00,25.12040995299391,25.19149557911959,25.24472522345624,25.492786959210097,18.0,24.031792652566704,25.664677918748556,24.838645181212257,24.838220143887952,24.954209563246366,24.953720163948446 
 06/15  21:25:00,25.03576760216469,25.102189954272625,25.1642755504121,25.396136496984887,18.0,23.963582551983077,25.628550971452196,24.769077125095578,24.768678019847528,24.88870371979965,24.888240406503883 
 06/15  21:30:00,24.952210985740106,25.014318620884087,25.084919296767282,25.301660611223163,18.0,23.90105783397431,25.5946669974276,24.700709880179716,24.700339062265698,24.82418673148277,24.823744801851035 
 06/15  21:35:00,24.869453948405713,24.927564437825154,25.006333299458873,25.20897129984177,18.0,23.838073956339517,25.56224877029533,24.632807692926406,24.63246457645414,24.759954789880453,24.759532487267563 
 06/15  21:40:00,24.78729478332978,24.841697636282742,24.928291783993423,25.11777692323865,18.0,23.77804805489165,25.531216943253437,24.56523579187808,24.56492053008793,24.69587412029057,24.69546910558472 
 06/15  21:45:00,24.705587602115944,24.756547090629574,24.850632950278456,25.027851418345545,18.0,23.71753608057696,25.501155234068246,24.497764284236496,24.497476174370263,24.631728143056648,24.631338941674244 
 06/15  21:50:00,24.624224174508296,24.67198194006103,24.773237952620853,24.939014610189947,18.0,23.658411542315335,25.47189228826318,24.430313254529608,24.430051729302534,24.567441427576682,24.567066530880993 
 06/15  21:55:00,24.543122241817617,24.58789964617305,24.696017453915097,24.851119384926488,18.0,23.598797537600895,25.443253289392967,24.362808027676465,24.36257239555465,24.502945300322494,24.502583395707234 
 06/15  22:00:00,24.462217925621005,24.50421814560437,24.61890292075142,24.76404320583722,18.0,23.539653052983844,25.415094295404085,24.295193289370275,24.294982781370322,24.43818985065741,24.437839779637784 
 06/15  22:05:00,24.395696342050535,24.435269786995548,24.553850306418937,24.690659735092247,18.0,23.47724057976835,25.38735589619064,24.23133989180741,24.231152545312284,24.37322703981482,24.372883580942926 
 06/15  22:10:00,24.33441611673897,24.371774636106455,24.492956411545503,24.622267727379036,18.0,23.414539080046854,25.305790278798106,24.21528808218295,24.215096059664006,24.353933112389882,24.353610664578127 
 06/15  22:15:00,24.276272026426625,24.311585151425525,24.434462872732443,24.556896983094962,18.0,23.351621951008955,25.381891641334278,24.204572667243838,24.204459181722314,24.337135249368146,24.336748995551943 
 06/15  22:20:00,24.220239094180535,24.253651038814706,24.377537059207228,24.493600234470087,18.0,23.28794896369364,25.44022737937121,24.19225502898132,24.192161087924376,24.3215835736101,24.32117803033492 
 06/15  22:25:00,24.165694079204364,24.197330992629762,24.32168364850867,24.431806249171604,18.0,23.22404766438705,25.488336930341816,24.17461050038264,24.17454271847805,24.288971380973805,24.288581255659437 
 06/15  22:30:00,24.1122324287441,24.1422067252608,24.266587218834776,24.37114545094494,18.0,23.159611570197892,25.52747572551168,24.15324556835907,24.153190279906198,24.269061353610994,24.268682455241105 
 06/15  22:35:00,24.059582999504478,24.087996222204264,24.212040132078336,24.31136959239404,18.0,23.094936561475947,25.559995248514205,24.129291061534673,24.129244253651564,24.24337063712312,24.242998965527704 
 06/15  22:40:00,24.00756076704335,24.03450558839766,24.15790331427711,24.252307902732436,18.0,23.02979319633472,25.58667910697677,24.103291962811966,24.10325124401595,24.214377552659982,24.214013924418907 
 06/15  22:45:00,23.956038183963816,23.98159985866228,24.104082879833204,24.193840911179397,18.0,22.964400508911133,25.608221615147922,24.075803425633183,24.075767423919956,24.183431544887412,24.183075118576426 
 06/15  22:50:00,23.904926568866486,23.929184020302525,24.05051508724176,24.13588362321813,18.0,22.89854541537746,25.62409653805351,24.046892722085772,24.046862384325493,24.15095064394643,24.150600927254857 
 06/15  22:55:00,23.854163403930382,23.877190057347722,23.99715611784253,24.078374126509793,18.0,22.832430234143924,25.640194614585667,24.0174290051433,24.017408144372325,24.117866303846313,24.117523311129048 
 06/15  23:00:00,23.803703467948683,23.82556790079593,23.943974963104417,24.021265684855397,18.0,22.76583110174156,25.655469761870595,23.987262784681434,23.987252066112887,24.084119648412695,24.083785373275873 
 06/15  23:05:00,23.752947942548516,23.77367683506149,23.891904444961696,23.965257816824476,18.0,22.70786098179282,25.669320537122104,23.94305673921167,23.9430547533957,24.037519177593822,24.03719346970621 
 06/15  23:10:00,23.702272998810248,23.721916389139427,23.840383626877937,23.909939206386586,18.0,22.65128828956826,25.672096885258863,23.90663631535972,23.90663873402275,24.00000140401994,23.999690101139606 
 06/15  23:15:00,23.651755071823978,23.670365896308592,23.789281421760677,23.855205213983993,18.0,22.59471255482054,25.680868207253347,23.87122734275556,23.87124239934309,23.963706966019913,23.963401965263984 
 06/15  23:20:00,23.601423867669098,23.619054772962905,23.738529732641087,23.800994780571653,18.0,22.540556120443927,25.68647650090562,23.83512369692039,23.83514883318793,23.926803305976534,23.926505922081674 
 06/15  23:25:00,23.551291348839356,23.567993546896673,23.688082676807472,23.74726185043336,18.0,22.48639779368861,25.691077204387284,23.79868493985896,23.798720870086754,23.88959081968477,23.889299501745597 
 06/15  23:30:00,23.50135965721054,23.51718236746753,23.637905953559166,23.693968215344906,18.0,22.43367093441977,25.694531642779342,23.761896260198796,23.761943051940193,23.852051064825673,23.851764881599024 
 06/15  23:35:00,23.45162497080424,23.46661515326332,23.5879720456326,23.6410804177952,18.0,22.380941727114767,25.696871821445963,23.72476270840542,23.724820198533166,23.81418726834704,23.8139055498807 
 06/15  23:40:00,23.402079781200964,23.41628203718368,23.538257702292462,23.588568212264555,18.0,22.32913757694928,25.69823569498914,23.687352397345876,23.68742068915617,23.77606320544419,23.775785072798215 
 06/15  23:45:00,23.35271434785473,23.36617092065398,23.488742561691073,23.536403778917062,18.0,22.277330859020054,25.698663566701352,23.64966884817187,23.649747778938888,23.73768207290243,23.737406935327158 
 06/15  23:50:00,23.303517666092578,23.31626850044661,23.439408377722522,23.484561312416783,18.0,22.22616001469443,25.69827416474473,23.611766930958197,23.6118565656285,23.69909541785023,23.6988225107101 
 06/15  23:55:00,23.25447812512915,23.266560959647723,23.390238573896198,23.433016794629985,18.0,22.174986485454017,25.697100541492166,23.57364626213473,23.573746438728733,23.6603028340445,23.66003164166017 
 06/15  24:00:00,23.205583958605423,23.21703443473586,23.341217975572214,23.3817478543336,18.0,22.124274967593905,25.695241412279586,23.535350548015117,23.535461298228597,23.62134539559554,23.621075257146117 
 06/16  00:05:00,23.137532588866556,23.14839560129286,23.271426933924122,23.309889433181873,18.0,22.045600218442782,25.69272377287461,23.46400161518693,23.464123170834796,23.54813909032231,23.54786870155806 
 06/16  00:10:00,23.062517292612437,23.072827504774867,23.194343944320803,23.23086746994414,18.0,21.962144466232413,25.687456375554476,23.390328789141336,23.390467707098082,23.472265252862996,23.47198745161728 
 06/16  00:15:00,22.98335771208333,22.99314610963458,23.11301517858939,23.147711387034043,18.0,21.87871245117126,25.681995645073645,23.31639785721427,23.316553998540485,23.396100503709192,23.395814817545556 
 06/16  00:20:00,22.901428092638216,22.910723105835306,23.028895315696815,23.06186512084324,18.0,21.7875520390227,25.675967997958168,23.24237022777254,23.24254345299323,23.31986011869185,23.31956618876393 
 06/16  00:25:00,22.817562790156764,22.826390790410493,22.942852429134533,22.974188523292092,18.0,21.696373569952495,25.669368452770172,23.168263645744332,23.16845381327414,23.243570822371566,23.243268315850855 
 06/16  00:30:00,22.732301784481127,22.74068739571589,22.85543949976811,22.885227860182898,18.0,21.600829923973965,25.66228712432671,23.094115487801616,23.094322674393084,23.16726969461297,23.16695809684404 
 06/16  00:35:00,22.64600696942758,22.653973285735916,22.76702175056646,22.79534264441962,18.0,21.50524766486897,25.654722478909385,23.01991186888654,23.020135974947266,23.0909439151377,23.0906228998158 
 06/16  00:40:00,22.558927425821647,22.56649617353733,22.67784719957466,22.704775898697328,18.0,21.40700503979927,25.64674151568085,22.945676419161146,22.945917495766025,23.01461591463385,23.01428503517195 
 06/16  00:45:00,22.471238461075714,22.47843012538027,22.58808828318036,22.613695598813536,18.0,21.308710461730726,25.63834463120161,22.871399123174285,22.87165709552596,22.938276238332094,22.93793518598727 
 06/16  00:50:00,22.383065894708764,22.389899822343295,22.49786739659565,22.522220096907716,18.0,21.208708166657395,25.62958372233671,22.797098527037974,22.79737343884517,22.86194252503776,22.861590897647716 
 06/16  00:55:00,22.29450162796216,22.300996113099973,22.407273051087223,22.430434199021743,18.0,21.1086448023167,25.620460050651026,22.722767489389298,22.723059292226424,22.785608047380038,22.785245546496924 
 06/16  01:00:00,22.205613875954253,22.211786233752143,22.316370357615035,22.338399592560137,18.0,21.007426578148692,25.61101506691675,22.648421061107058,22.648729803464562,22.709287187442044,22.708913439038156 
 06/16  01:05:00,22.133789059329104,22.139654932356144,22.24317470864327,22.264126190575656,18.0,20.92654343022982,25.601250097341282,22.603973226760218,22.604298693392877,22.663062348294545,22.662677248785087 
 06/16  01:10:00,22.06817586143728,22.073750676874543,22.176242219108378,22.196169035190895,18.0,20.848635522069767,25.59157745521169,22.561391095481042,22.56172646901274,22.61894711682362,22.61855698117455 
 06/16  01:15:00,22.006256369163918,22.011554851615653,22.112962994856677,22.13191576611381,18.0,20.770570820038987,25.581793414289976,22.519096402464356,22.51944259500135,22.575163859768168,22.574767593350828 
 06/16  01:20:00,21.94679850147125,21.951834658302015,22.052080374386655,22.070107239677036,18.0,20.697862110078102,25.571900108632644,22.476862027590187,22.477219202007802,22.53145769364579,22.53105486874381 
 06/16  01:25:00,21.889050676317378,21.893837817957085,21.992838393612956,22.009985094371174,18.0,20.625026148383807,25.561898027680307,22.43464622396317,22.43501441977753,22.487782326261595,22.487372652213594 
 06/16  01:30:00,21.83252395296697,21.837074720707147,21.93475153596284,21.951061520898186,18.0,20.555121717309564,25.55179206181331,22.392441616754184,22.392820874743165,22.444129696094592,22.443712893329632 
 06/16  01:35:00,21.776888781410637,21.781215177530296,21.877496426644413,21.89301096156523,18.0,20.48510282228107,25.54158247812985,22.3502440392748,22.350634391875076,22.400495722395704,22.40007152980229 
 06/16  01:40:00,21.721916927392115,21.726030345553095,21.820851534875956,21.835609811673667,18.0,20.416763557423057,25.53127236157015,22.30805231226759,22.308453797963693,22.356879334648625,22.35644749527887 
 06/16  01:45:00,21.667446657197157,21.67135791221508,21.764661419281147,21.77870066139552,18.0,20.348316703042045,25.520862731218553,22.26586472942722,22.266277381646603,22.313278975420758,22.312839246614203 
 06/16  01:50:00,21.61336103009329,21.6170803867111,21.708814678337816,21.722170241576258,18.0,20.28083309586046,25.510356582653213,22.223681031100455,22.224104885476777,22.269694477064604,22.26924662312598 
 06/16  01:55:00,21.559573949033307,21.563111149553965,21.65322993298284,21.665935401326557,18.0,20.2132452953264,25.499755048913833,22.181500254113303,22.18193533902354,22.22612499110312,22.225668791963187 
 06/16  02:00:00,21.506020970424427,21.50938526115867,21.59784668673207,21.609933963132054,18.0,20.146191779586093,25.489061466650814,22.139322821365568,22.13976916625711,22.18257100370596,22.182106246576723 
 06/16  02:05:00,21.436182984497446,21.439384225292955,21.525480253151137,21.536984679624013,18.0,20.059457003351547,25.478276826509713,22.068629836062087,22.06908787769669,22.11011512816674,22.109641090360356 
 06/16  02:10:00,21.360307515358652,21.36335429255365,21.44694553799996,21.457897166633884,18.0,19.969225402098274,25.46704371051351,21.996242525187938,21.996718961597196,22.035822273956512,22.035332142636662 
 06/16  02:15:00,21.280786667700774,21.283686971202854,21.364735328671483,21.37516194987404,18.0,19.87898091434432,25.45555858191155,21.923600740114466,21.924094708371683,21.96128775823081,21.96078216966032 
 06/16  02:20:00,21.198797584985826,21.20155892298852,21.28006115948435,21.289988813341353,18.0,19.782848145964778,25.443849478974098,21.850924796931622,21.85143624393129,21.886753901867678,21.886232749074907 
 06/16  02:25:00,21.115061951147904,21.117691406763758,21.193657783231068,21.203110997674866,18.0,19.68666059650262,25.431916221196982,21.77824954353116,21.778778474891624,21.812259542500158,21.811722661252816 
 06/16  02:30:00,21.030051475379466,21.0325557460575,21.10600067691184,21.115002625174643,18.0,19.58693062698417,25.41978085594719,21.705592873256364,21.706139356834115,21.737823119965128,21.737270291043956 
 06/16  02:35:00,20.944085499405517,20.9464709274788,21.017408768993445,21.025981385997902,18.0,19.48712270126458,25.407442690126345,21.632955434002213,21.633519491932077,21.6634456596297,21.66287671363 
 06/16  02:40:00,20.857386087907212,20.85965868576412,20.928101961315974,20.936266035762575,18.0,19.384996104789703,25.39492255126626,21.560348557822863,21.56093026525133,21.58913851950706,21.588553241132445 
 06/16  02:45:00,20.77011118120435,20.77227665287652,20.838235452383046,20.846010703382277,18.0,19.282775225333864,25.38221818963608,21.48777071649579,21.488370103470288,21.514900517512615,21.51429874023853 
 06/16  02:50:00,20.68237534772495,20.684439107893258,20.74792104012202,20.755326183401905,18.0,19.178936785471652,25.36934800774855,21.415231608180875,21.415848757648575,21.44074146340995,21.440122974142355 
 06/16  02:55:00,20.594263171842986,20.596230362866148,20.657240750673886,20.66429355735315,18.0,19.074991758267466,25.3563088383771,21.342729069507072,21.34336402448764,21.36665958164798,21.36602421053425 
 06/16  03:00:00,20.505838107842994,20.50771361520366,20.566255779884774,20.572973129654898,18.0,18.96984407109613,25.343116665760828,21.27027151892338,21.27092437349239,21.292663484335094,21.29201101602797 
 06/16  03:05:00,20.437810650882426,20.43959652672553,20.49708573688564,20.50347017853351,18.0,18.895048032930887,25.329767724071573,21.232623460178274,21.23329232658682,21.25467315861556,21.25400617167611 
 06/16  03:10:00,20.37750373657895,20.379203682990255,20.43608324941877,20.44214635451714,18.0,18.825663836267765,25.316718125195763,21.1969949000071,21.197671533401717,21.218876239011763,21.218203131759367 
 06/16  03:15:00,20.321913324752785,20.323531264649198,20.380034221555544,20.385789135448235,18.0,18.75627532269711,25.30371599503653,21.16170036730955,21.162385854830745,21.183440275898988,21.182759886251688 
 06/16  03:20:00,20.269539699825316,20.271079561673723,20.327344231351475,20.332804512012963,18.0,18.6962039148994,25.29074396339223,21.126488561203814,21.127183042717434,21.148090848088486,21.14740294958608 
 06/16  03:25:00,20.219451988423042,20.220917627051314,20.27702927955402,20.28220845935911,18.0,18.636134295064927,25.277798835500853,21.091314788498835,21.092018291258,21.112779476939295,21.112083964756607 
 06/16  03:30:00,20.17103478902953,20.17242994512782,20.228442325277474,20.23335368064561,18.0,18.581657729809343,25.264870220121487,21.056164615821444,21.05687713803718,21.077491248100728,21.076788050657342 
 06/16  03:35:00,20.123867027842728,20.125195306272225,20.181142865001128,20.185799287850422,18.0,18.527181412813572,25.25195505041056,21.021033618211277,21.021755171862765,21.04222171542756,21.04151075164532 
 06/16  03:40:00,20.07765297593422,20.078917834676755,20.134822959457317,20.139236886426918,18.0,18.47626053327176,25.23904336584122,20.98591502143131,20.9866455995799,21.006964224949343,21.006245435938126 
 06/16  03:45:00,20.03218034331167,20.03338508881709,20.089262491977106,20.093445868134765,18.0,18.42533898938192,25.226133428656787,20.950807114226734,20.951546723725357,20.97171710846726,20.970990425565788 
 06/16  03:50:00,19.987293797866336,19.988441584396114,20.044301022106943,20.048265285811322,18.0,18.376749632722063,25.213217201275153,20.915704995467536,20.916453623560983,20.936475561456405,20.935740938720357 
 06/16  03:55:00,19.942877723026584,19.943971554552707,19.999819540744078,20.00357562169607,18.0,18.32815902332606,25.200293612299813,20.88060782894229,20.881365471355593,20.90123876883399,20.90049615557689 
 06/16  04:00:00,19.89884471246872,19.899887446219534,19.95572834909653,19.959286674674942,18.0,18.281139146085003,25.187356679758388,20.845512163760304,20.846278798187655,20.866003343501063,20.865252710017387 
 06/16  04:05:00,19.834737378676326,19.83573295774439,19.89027821997937,19.893654738568,18.0,18.204982934800626,25.174405751276606,20.776173205357736,20.776950749892933,20.795594532867995,20.79483318785276 
 06/16  04:10:00,19.763089091209917,19.764040433581844,19.81691451250118,19.820120283435898,18.0,18.123969129125424,25.16100099252574,20.704866865396582,20.705663492207066,20.723093895318698,20.722313411597952 
 06/16  04:15:00,19.686851631011567,19.687761318201883,19.738778814597858,19.741823397343627,18.0,18.04299492073981,25.147391182392973,20.633266703194522,20.63408138295199,20.6503113244612,20.649512648765835 
 06/16  04:20:00,19.6074904154026,19.6083608047451,19.657418068149603,19.660310079048553,18.0,17.95326188547031,25.133601856225823,20.561625903711274,20.562458565742304,20.577521234919004,20.576704379363548 
 06/16  04:25:00,20.31696509508502,20.0982927111663,19.796399347926798,19.799147560190207,18.0,18.15782167251159,25.119630709888288,20.88115817402263,20.77631016550106,20.624597729035145,20.626136104382624 
 06/16  04:30:00,20.472953660346214,20.19645359840348,19.823523633784742,19.826135834383813,18.0,18.152995894829207,25.126954896055505,20.78479236197461,20.69303368864331,20.571526610662204,20.57294337289079 
 06/16  04:35:00,21.241484193565995,20.650146669336873,19.86978944598744,19.87227250967554,18.0,18.206515561324423,25.117197838461877,21.054541826849686,20.837388114134967,20.562711583655528,20.568215471088365 
 06/16  04:40:00,22.38339151551929,21.29709833573505,19.933343008167444,19.935703565881507,18.0,18.264403215546583,25.11897111176002,21.40965839774185,21.022940483003595,20.55372717511989,20.55976882864593 
 06/16  04:45:00,23.478510292638497,21.890227805057417,19.992799573535397,19.995043860177642,18.0,18.330584851729725,25.126078310736542,21.64748694002884,21.133269243592395,20.532385562933996,20.533878765593215 
 06/16  04:50:00,24.61440620634952,22.47700870971494,20.054999023538933,20.057133031271388,18.0,18.421679751875757,25.13068153657636,21.889240732854432,21.236190715100292,20.505656382549773,20.50473842453846 
 06/16  04:55:00,25.640291158461796,22.980263794099955,20.120975948297634,20.123005851137282,18.0,18.521374671954966,25.136999096995375,22.060563445271896,21.295693495321984,20.478508574523516,20.475739931937824 
 06/16  05:00:00,27.08391832959155,23.694149637987376,20.21787136675745,20.21980439629278,18.0,18.647293140350058,25.14246958272281,22.464394786135585,21.47597408694162,20.455762445839127,20.451024115889084 
 06/16  05:05:00,28.261774297403104,24.268425479938884,20.373717042397725,20.375557633548816,18.0,18.86327554349718,25.159464799350058,22.748854054945525,21.645418595513547,20.559437587843036,20.552872460229082 
 06/16  05:10:00,29.387521493992953,24.801530690412207,20.55681198793646,20.558571665151394,18.0,19.122572593880463,25.181077447267334,23.04113158165171,21.815101148013753,20.66849768583529,20.66022618731006 
 06/16  05:15:00,30.492365787165202,25.306944038041355,20.75833576095373,20.760031270740832,18.0,19.389438351273846,25.19643908765598,23.33541691652931,21.981288135553882,20.778823799683437,20.76897519412222 
 06/16  05:20:00,31.58678491844106,25.78868712043425,20.973537625918723,20.97519046803803,18.0,19.71001274325289,25.212394683259753,23.631073485833383,22.14298238038748,20.889718864099223,20.878384100225617 
 06/16  05:25:00,32.67534988831356,26.2483637308294,21.199330154678773,21.20096402467832,18.0,20.037903990925134,25.229023346684645,23.927444825384157,22.299379929633858,21.001036873212627,20.988338021951506 
 06/16  05:30:00,33.759861348505304,26.686555257994435,21.433563142547357,21.43520420909524,18.0,20.408487564067364,25.24652653367079,24.224084806676103,22.44989880397668,21.112779704389936,21.09886546979402 
 06/16  05:35:00,34.9477219225901,27.14584160965734,21.67716030698565,21.678829804078983,18.0,20.80194150591071,25.264973630885304,24.571706415788185,22.618425619733216,21.22744797211567,21.21217040506076 
 06/16  05:40:00,36.1682036096212,27.596408413062466,21.927727089835994,21.929443241804766,18.0,21.236377200393314,25.28554833130361,24.918726026212312,22.77932181313861,21.34301068036939,21.326551383078368 
 06/16  05:45:00,37.40481728852803,28.03081396463328,22.184166841346684,22.18594111434995,18.0,21.677602099657534,25.307341072165055,25.264818984152612,22.93149870678326,21.45910130886739,21.44166190392957 
 06/16  05:50:00,38.6517959513137,28.44487687055853,22.44371911115812,22.445555414945105,18.0,22.16850574480491,25.33014668123964,25.611206328930507,23.0722577310147,21.574692390914947,21.556484520728873 
 06/16  05:55:00,40.61905030019178,29.106121713465498,22.76495715170128,22.766851604409577,18.0,22.672798862897004,25.353962418676872,26.303529692993266,23.34117633781966,21.72118919045414,21.702399762291634 
 06/16  06:00:00,42.10699935413381,29.565113633452768,23.05696786515681,23.058910020356393,18.0,23.220687554990906,25.39226015526174,26.6488369822614,23.461477799188287,21.843078688083096,21.824206148520375 
 06/16  06:05:00,43.527959879018816,29.99370530834236,23.38026166880644,23.382236599875093,18.0,23.817144225827942,25.420891174431695,27.05693849139152,23.633540451674094,22.026748580408366,22.00763773393055 
 06/16  06:10:00,44.902563061298736,30.38793316932579,23.716540566524323,23.71852840315734,18.0,24.463533455834334,25.453836887104092,27.3478783649781,23.704830047441874,22.13501921884705,22.11578886033294 
 06/16  06:15:00,46.241978493360264,30.749807892571766,24.061753967184696,24.063731821831663,18.0,25.120063453941015,25.261284351064507,27.696149581740883,23.789411410845446,22.264533923994293,22.246094047032557 
 06/16  06:20:00,47.551945730482785,31.080736713126974,24.413825772452686,24.415768937814153,18.0,25.8294082552237,25.210494385237038,28.058602451884838,23.903578796437046,22.428115119136066,22.41039180651842 
 06/16  06:25:00,48.83535298456769,31.381601016492752,24.77138771023728,24.773270712939496,18.0,26.548370144975436,25.164904766442827,28.429272454865327,24.010143444353048,22.59269536933317,22.575875100062717 
 06/16  06:30:00,50.0935281469043,31.65299094815717,25.1334688850907,25.13526642827874,18.0,27.313442463023232,25.128943762689158,28.80133276928666,24.11100656603901,22.76073559616532,22.744968158399274 
 06/16  06:35:00,51.13261103211407,31.85003809529598,25.493817446691622,25.49550526832201,18.0,28.034058968076263,25.100973701665367,29.082601994706238,24.184631111555916,22.92830234027815,22.914012777062737 
 06/16  06:40:00,52.089064952934805,32.007228579925744,25.854628683251935,25.85618421392956,18.0,28.78072323336145,25.076535586518027,29.36261726369878,24.254887545949828,23.096875355537065,23.08411796537564 
 06/16  06:45:00,52.989100848004504,32.133059598938154,26.21602057020762,26.21742341450306,18.0,29.531796232570258,25.05687593114714,29.64052304034226,24.32311618605553,23.26711292403752,23.255913575015825 
 06/16  06:50:00,53.84540779185074,32.23202701206075,26.57789363294646,26.57912592626496,18.0,30.295746889793225,25.04095185439488,29.91561684086048,24.389765941184805,23.438518049375148,23.428881540862676 
 06/16  06:55:00,54.665379878937124,32.30701891206544,26.94010804368205,26.94115468454305,18.0,31.063806192556957,25.02848139706628,30.18757147354347,24.455864018223792,23.611051279107414,23.60295797020342 
 06/16  07:00:00,55.453503744967705,32.36001710039441,27.302517651418924,27.30336644539567,18.0,31.846485169533803,25.018760852977547,30.455816316179494,24.52227017856046,23.784376044953717,23.77778408070708 
 06/16  07:05:00,56.23818912494143,32.32952904032165,27.610705304250956,27.611343816149827,18.0,32.52317762250123,25.011663083510552,30.71103199033189,24.5552691962356,23.927635768790765,23.922515738471134 
 06/16  07:10:00,56.85399886353785,32.258110812384515,27.896593741638288,27.897016890026208,18.0,33.18324615569449,25.078871920633194,30.89112439263829,24.575624625349633,24.0572184837024,24.053412538430507 
 06/16  07:15:00,57.40209379406428,32.156161814995926,28.167508688281323,28.167715538487613,18.0,33.83823127407391,25.10348977627328,31.05382007400624,24.590968404709884,24.175450561982643,24.172880146605962 
 06/16  07:20:00,57.90032751557001,32.02929221182353,28.427133591424656,28.427126672697124,18.0,34.45709158769696,25.127072012904062,31.209684904413848,24.612589032452263,24.292497532206767,24.291004785670793 
 06/16  07:25:00,58.357385107628104,31.88122068055282,28.67778277179975,28.67756764843807,18.0,35.071651140919656,25.148889483429077,31.35886551249797,24.64179719546712,24.40837859201565,24.40780050898536 
 06/16  07:30:00,58.77840745231106,31.71459581690883,28.92100850741144,28.920593413666356,18.0,35.659873882766085,25.169511014341236,31.501557284903697,24.688659031385612,24.52334004040307,24.523500459936713 
 06/16  07:35:00,58.887643279349966,31.54562888035039,29.183260625134487,29.18265615989522,18.0,36.15429678741673,25.18948652550792,31.507835077091897,24.75211423859446,24.649649584289023,24.65038092549588 
 06/16  07:40:00,58.88978069474354,31.373643399984335,29.446489379453812,29.44570820345268,18.0,36.60476800673815,25.208041165825154,31.512200401123437,24.826483057318683,24.77347475145757,24.774566521619477 
 06/16  07:45:00,58.82300654681749,31.20023004965179,29.70666890062956,29.705725378730925,18.0,37.04590810064245,25.226054873748375,31.513240648632518,24.913454193684743,24.895566984746722,24.89681449873126 
 06/16  07:50:00,58.70650021742533,31.148851304746955,30.081611103316426,29.96083820342379,18.0,37.433401510955356,25.24368064019999,31.51105246096904,25.027103262226092,25.03336484505087,25.017258121268014 
 06/16  07:55:00,58.551914164013546,31.22541689972741,30.573406964818414,30.210007217175484,18.0,37.812791375064506,25.262033869744094,31.506033675037997,25.148053438517877,25.188421627653156,25.136198329277136 
 06/16  08:00:00,58.366783382569444,31.354386320260662,31.104949243760018,30.452650137478745,18.0,38.15088989865008,25.280883316636356,31.49829182379142,25.267804942213218,25.353324703912904,25.253594207039782 
 06/16  08:05:00,58.26866703834164,31.564232525700476,31.716325662985234,30.74734826507451,18.0,38.62911206423653,25.300101269511558,31.653683673974683,25.535134163537464,25.675675492619405,25.51739604054376 
 06/16  08:10:00,58.179825502944006,31.810791004071813,32.35752197622649,31.056767351974678,18.0,39.10402724098458,25.567278061894378,31.791171044638986,25.77866281090138,25.98042723278712,25.75245397305082 
 06/16  08:15:00,58.088346293999145,32.07956901545529,33.01285254372718,31.372704808213914,18.0,39.57471619799636,25.693531944466095,31.883398526969586,25.978626483000426,26.251694218506714,25.949223800957668 
 06/16  08:20:00,57.98920376541177,32.3622721195373,33.673478336400855,31.691210997054185,18.0,40.06538158615264,25.786888810478693,31.957894852924937,26.163177489544523,26.505105942301725,26.1315063452422 
 06/16  08:25:00,57.87982339182851,32.653540462605115,34.33372873264662,32.00992007952051,18.0,40.55158257100521,25.849451383760048,32.02598946588523,26.341787405343325,26.761988254609605,26.308171366859654 
 06/16  08:30:00,57.758878046456275,32.94976866307075,34.98981509560475,32.32732906181974,18.0,41.04355856990471,25.90516341094984,32.09103449484735,26.518384712607713,27.02027128060797,26.48294020536099 
 06/16  08:35:00,57.80074001798936,33.19698200124307,35.623400935303145,32.59225224303071,18.0,41.59354258336002,25.955816247645227,32.23321067056207,26.66842539214025,27.263855378490348,26.63248956262703 
 06/16  08:40:00,57.875343679087635,33.429241327149676,36.252011828075304,32.83927056814657,18.0,42.159583251811,26.00197181030847,32.37029743585356,26.817644482836954,27.511174317522205,26.781121443711186 
 06/16  08:45:00,57.958485875510725,33.653500996282766,36.879370572587995,33.07593755246047,18.0,42.72722764170135,26.044639767195058,32.502389097338835,26.965959536598575,27.76162397151404,26.928915656268146 
 06/16  08:50:00,58.03832077804937,33.87292404004955,37.50702291850831,33.30586484936332,18.0,43.31717591641747,26.08486333116622,32.629803154800584,27.113749165158765,28.01500990308614,27.07624423602232 
 06/16  08:55:00,58.107779329531084,34.089318450743015,38.13565536263599,33.53119901185012,18.0,43.90826647461943,26.122634873242127,32.75249222073387,27.26089636287179,28.270702547761573,27.22300618131652 
 06/16  09:00:00,58.16236627358402,34.30377914743777,38.76548663897772,33.75329584954188,18.0,44.51397727954001,26.158620093246185,32.87068493712627,27.407615291992556,28.53731787088975,27.369408418569265 
 06/16  09:05:00,58.04257243114367,34.445461268833796,39.27050899557748,33.88341746018267,18.0,44.8528783068206,26.192763609412737,32.86877328239609,27.475607479212556,28.6949621502211,27.43610590095784 
 06/16  09:10:00,57.85937383027923,34.56150019412137,39.73015580769878,33.98100314447993,18.0,45.14922765771843,26.20035950863118,32.867051425821955,27.545018589151027,28.858605253972996,27.503581019642525 
 06/16  09:15:00,57.63208215690749,34.66261155875937,40.16089466912903,34.05964585096311,18.0,45.44242046394448,26.227105492014758,32.86508608425481,27.61748138746259,29.02477649356217,27.574092428756103 
 06/16  09:20:00,57.36970071920127,34.754111651556656,40.57052596623847,34.12611020330031,18.0,45.659810435809256,26.252704448443843,32.85950108610456,27.689664912284798,29.189575931096783,27.644608272072787 
 06/16  09:25:00,57.07739010852949,34.83923608830176,40.96362207056292,34.18452968247409,18.0,45.87592206069518,26.27766413668988,32.85037925669792,27.761929947303543,29.352968600937857,27.71545487768583 
 06/16  09:30:00,56.75828374230191,34.92006689881166,41.343004679229026,34.23757854784167,18.0,46.04824084351775,26.301960668820595,32.83758394075551,27.834314957978563,29.514735702190137,27.7866648101691 
 06/16  09:35:00,56.29882107392041,34.974873754690456,41.65107299118271,34.26494874219286,18.0,46.120295041456366,26.325549949079416,32.76678333214829,27.896078935633682,29.649170355278443,27.848459826065096 
 06/16  09:40:00,55.78829938651055,35.019841249062196,41.92789238433592,34.28284953517779,18.0,46.149665303926724,26.346313068912742,32.69351061527561,27.95727698063024,29.779527630337384,27.90995627030526 
 06/16  09:45:00,55.30605951748236,35.00192259101445,42.182308780515946,34.24118595705054,18.0,46.17916437404197,26.366108724878483,32.64448999750613,27.985555427232043,29.90670568263181,27.948689714704187 
 06/16  09:50:00,54.75194475429404,35.00907142478665,42.41620299245664,34.22473265311835,18.0,46.1671306682554,26.383871370297374,32.56387712043869,28.0487146525237,30.029608692348006,28.006643581513913 
 06/16  09:55:00,54.168221281209654,35.019239686597075,42.63406011537923,34.211954439181135,18.0,46.15591188861471,26.401474183837504,32.47892133052903,28.10712696764483,30.149568104000707,28.065822831112882 
 06/16  10:00:00,53.56272945141542,35.03043491094143,42.83800577113365,34.20093692704013,18.0,46.122144355394006,26.41834707451078,32.389117734672254,28.16518944961581,30.266522072141697,28.125651515921106 
 06/16  10:05:00,53.066873242863366,35.086286423750856,43.171754355395066,34.255935260586305,18.0,46.365598560388754,26.434478123749233,32.336663343766645,28.233356565090503,30.421567458811637,28.19673961312992 
 06/16  10:10:00,52.58740074149822,35.15675237317363,43.53921055439737,34.33157965244821,18.0,46.64012782477331,26.444914801780232,32.27935794959723,28.303490029492878,30.579211692255512,28.26989450139365 
 06/16  10:15:00,52.107753608245574,35.23545492781389,43.92222514183791,34.418520886682224,18.0,46.91392408851905,26.459215985869132,32.21322719893743,28.374250215442885,30.73586696951361,28.343604770890465 
 06/16  10:20:00,51.620452519835496,35.31945039753834,44.312641651059586,34.51255215950578,18.0,47.24987060831225,26.473097121830914,32.13652570827833,28.44481440347738,30.89039000538071,28.417073670421587 
 06/16  10:25:00,51.121284785616524,35.40706220060118,44.70578090935475,34.61131620881789,18.0,47.58511243069917,26.48655171921421,32.04864348359092,28.515219844447415,31.04267663546102,28.490309604405184 
 06/16  10:30:00,50.60773224934061,35.497288241586176,45.09873917778345,34.71341715608855,18.0,47.952794248597975,26.499593648348544,31.949138768005014,28.585506971595976,31.192680486858478,28.563338182119196 
 06/16  10:35:00,50.041134435327685,35.60257910576934,45.45718990241503,34.83041566005052,18.0,48.262982298673215,26.512196613009007,31.818553253832704,28.661544524745693,31.324660917099948,28.64142121482149 
 06/16  10:40:00,49.451657823628786,35.71321104255993,45.80036033482856,34.95276470823169,18.0,48.58028527386486,26.524595552613004,31.67896661667919,28.737281314416293,31.452692679595145,28.719192247619844 
 06/16  10:45:00,48.84524300631236,35.82693530116708,46.13118026508152,35.07825440364136,18.0,48.895723026320205,26.53658672458854,31.531239400424,28.81270942137172,31.577205711972567,28.796571439076843 
 06/16  10:50:00,48.22480476190284,35.94270111305772,46.450754167834056,35.2058595361165,18.0,49.20415892873156,26.54824440485671,31.376297149116624,28.887901868750646,31.69830612986368,28.87362151630748 
 06/16  10:55:00,47.592171529899765,36.05994959556651,46.75963536897215,35.33503900423927,18.0,49.510847398168515,26.55955074099437,31.215348830196717,28.962901139092082,31.816038550833014,28.95037984005978 
 06/16  11:00:00,46.94862179400519,36.17840525418296,47.0581238734124,35.465527819746924,18.0,49.81230765098089,26.57057566801986,31.050018620109654,29.03779462672236,31.93047702629144,29.026926969460987 
 06/16  11:05:00,46.28449646852935,36.294581906138944,47.324723067627914,35.590495876442404,18.0,50.07087009837497,26.58130511322024,30.8861363455012,29.118927981481534,32.0408586265097,29.108904738104627 
 06/16  11:10:00,45.608848937543215,36.41065968399056,47.574141848746905,35.71436233764206,18.0,50.31689625213193,26.597210099481448,30.7219828906359,29.199222820784485,32.146729865856514,29.190092010667286 
 06/16  11:15:00,44.92416866292239,36.527195207924265,47.809260693113046,35.838131584652615,18.0,50.56030353573534,26.608421356559198,30.560875204493527,29.27897563288343,32.24871506375001,29.270724868405978 
 06/16  11:20:00,44.232036793865745,36.64456156288354,48.031447979447016,35.962371218421865,18.0,50.78655379942172,26.619371471756274,30.406960717143875,29.359035572211837,32.347609113181875,29.351588612168257 
 06/16  11:25:00,43.53369536063167,36.763083760821814,48.2415322875026,36.087510548380685,18.0,51.010266522518606,26.63004958804612,30.264022709898313,29.439411265858837,32.44342973999687,29.432711531256587 
 06/16  11:30:00,42.83021526141024,36.883065794665775,48.44006311861396,36.21391130282332,18.0,51.221366712380735,26.640592550605895,30.136390373101676,29.52020700914568,32.53626768507252,29.51420579310485 
 06/16  11:35:00,42.12224788288824,36.99350031643088,48.663510025545904,36.331056538139435,18.0,51.48384259827672,26.65101804470987,30.025385950110717,29.596298234188964,32.64427746698948,29.591397206357044 
 06/16  11:40:00,41.40499286611445,37.102341814078166,48.8876870103475,36.4467113156185,18.0,51.74540734490951,26.66116929310985,29.937556859822053,29.67294613888066,32.75013756559497,29.669044602904023 
 06/16  11:45:00,40.67728172490297,37.21144630581942,49.10802997895449,36.56266030943887,18.0,52.00466543163794,26.67131291597977,29.879509777848,29.750243557163515,32.85348571795822,29.747348097457234 
 06/16  11:50:00,39.938639590829276,37.32174805549282,49.322404471361324,36.67978798261185,18.0,52.270063494385546,26.681544125270857,29.858526147251553,29.828280005320607,32.95426932970781,29.826386595308804 
 06/16  11:55:00,39.42684613738108,37.43381233093933,49.529525605743956,37.0286539176029,18.0,52.53294518054234,26.691905830388933,29.909130729434196,29.90719054450426,33.05256189596474,29.942833645129326 
 06/16  12:00:00,38.829312127214656,37.54798718194708,49.72854181861689,37.647142354530004,18.0,52.79611958629193,26.703913852566806,29.986168393599428,29.987262516950864,33.148563888437366,30.116680060385022 
 06/16  12:05:00,38.54574635833834,37.630825861313866,49.844806367309026,38.33264134546528,18.0,52.93015578358278,26.717303643977356,30.02837770874885,30.02846835681504,33.1894628030841,30.287591885812674 
 06/16  12:10:00,38.366489979087135,37.704517756241195,49.92911594232175,39.06967820618523,18.0,53.03944049368157,26.715222463559403,30.072270425742772,30.071637400703594,33.227400931457794,30.495487990412357 
 06/16  12:15:00,38.24811442731489,37.77385073677347,49.99103131630874,39.84135937319813,18.0,53.14559307456572,26.726745719223327,30.118668866317307,30.117480009817086,33.264068316049986,30.724431942306296 
 06/16  12:20:00,38.17010871349532,37.841064941277025,50.034891295996516,40.636305472549445,18.0,53.21141689069096,26.73897653751883,30.165611512637156,30.16386952785058,33.29777569644074,30.97246817951168 
 06/16  12:25:00,38.12028038477462,37.90743053722587,50.063144019632524,41.446815362690074,18.0,53.274447402187505,26.752014756839,30.213208362906812,30.21095897890848,33.328683203450964,31.23518247082859 
 06/16  12:30:00,38.090866364231786,37.97368364590559,50.07724742613924,42.267489993310754,18.0,53.311348700337014,26.76564252864209,30.261363605129873,30.258661719868144,33.35140822892765,31.508259627294706 
 06/16  12:35:00,38.05820825029688,38.02090962193166,50.03723216458131,43.06334673192124,18.0,53.28634467104745,26.779826169769603,30.301906789345026,30.298079994645207,33.359138911665354,31.7746589624345 
 06/16  12:40:00,38.03111498529766,38.06197102279899,49.972562947802174,43.84985685210639,18.0,53.233200208826084,26.79321396154356,30.34233643291725,30.337478752316656,33.362916057334985,32.04243405697889 
 06/16  12:45:00,38.0096338158408,38.09964781389376,49.8892321437786,44.62829755899969,18.0,53.17766822212228,26.806767761755196,30.383018372130095,30.377195181979232,33.36385622896148,32.309020200542136 
 06/16  12:50:00,37.993102928759434,38.13521454798582,49.79012343144644,45.39850611612439,18.0,53.0922057618719,26.82046329097646,30.423890991278654,30.417162972825736,33.3619564889666,32.57207755484853 
 06/16  12:55:00,37.98081365919085,38.169367704332814,49.67695043034735,46.160002078910104,18.0,53.00450561327887,26.834285278763534,30.464891994310108,30.45731843635508,33.35715371911715,32.829732596277154 
 06/16  13:00:00,37.97210875547043,38.20248912093175,49.55080246493159,46.9122186481608,18.0,52.89671666969215,26.848206118923606,30.50595833424552,30.497595666148868,33.34939280636377,33.08053099626227 
 06/16  13:05:00,37.929099409127694,38.21022708815814,49.32940658045782,47.57805790762696,18.0,52.62844302264674,26.862199661638755,30.54656730713134,30.537901356677366,33.32085641492375,33.30235621909162 
 06/16  13:10:00,37.87738691350417,38.20934058411224,49.073691484520566,48.20591740523568,18.0,52.32450385300664,26.89663625872268,30.582527989267646,30.573229785079434,33.283306652626266,33.50913788478158 
 06/16  13:15:00,37.82215169706703,38.203506519831905,48.79614116764084,48.80495693986464,18.0,52.0235197083961,26.913518131563833,30.61577222937592,30.605603113740756,33.24069166347351,33.70254689466617 
 06/16  13:20:00,37.765654142104296,38.19446593289037,48.5028102984259,49.37936292597409,18.0,51.67783242940843,26.930191860573508,30.6491208417076,30.638107250709595,33.19631121754276,33.885191421209356 
 06/16  13:25:00,37.70909629121866,38.183223496661185,48.19734161577869,49.93157734189256,18.0,51.33587691897883,26.94591577294628,30.682305388383497,30.670404744852476,33.150014983764265,34.05717065145063 
 06/16  13:30:00,37.65313145734017,38.17038466433438,47.88208934725496,50.46314486633047,18.0,50.9732814571387,26.96160409422532,30.71543720771001,30.702613594412924,33.10195914080293,34.21908584046594 
 06/16  13:35:00,37.59862022055535,38.15686888703946,47.50779145502195,50.89690542564856,18.0,50.528738722420115,26.976914940370857,30.74852330118142,30.734730865847553,33.02969364985222,34.33144825939064 
 06/16  13:40:00,37.54602885523791,38.1432368104089,47.11476792592726,51.28350303591159,18.0,50.065685329178,26.99117212680896,30.781499846351835,30.766662360176383,32.95659289910003,34.43588499937073 
 06/16  13:45:00,37.49555903454907,38.12979480607974,46.7119094045402,51.63270500671977,18.0,49.6098717608606,27.004944000719785,30.814575222603025,30.798636233275488,32.883651814704535,34.53064643358971 
 06/16  13:50:00,37.44729665506449,38.11673554266843,46.30373094848311,51.94920917620554,18.0,49.13687342987625,27.018339152861895,30.847762202141553,30.83065736759147,32.811077264914275,34.61647720305541 
 06/16  13:55:00,37.4012612575513,38.10418252966147,45.89306751151903,52.23591334223434,18.0,48.671461774532965,27.03130569323624,30.881029077482026,30.86268286652114,32.738976636520135,34.694234864143766 
 06/16  14:00:00,37.35743280210467,38.09221455047562,45.481845015244105,52.49477803677878,18.0,48.20456620290927,27.04392346228253,30.914396085170893,30.89473134154025,32.66750683607876,34.764792027370845 
 06/16  14:05:00,37.87666463774904,38.14288031587716,45.176583311704825,52.84282860948391,18.0,47.96634566699494,27.056130592596244,30.913408911332226,30.90882434188302,32.58281586331111,34.823027345467835 
 06/16  14:10:00,38.03807302630698,38.16121212026701,44.89765186821824,53.259615918778934,18.0,47.7585455666429,27.058260288449457,30.90589041224348,30.904752182909988,32.49704645918837,34.90167295296476 
 06/16  14:15:00,38.126985494494825,38.173856173808964,44.62977310906893,53.69204880464193,18.0,47.54786884273144,27.06786389573448,30.898948917101734,30.899048025107277,32.410225378070436,34.97866142283715 
 06/16  14:20:00,38.1830432045417,38.18412959848645,44.366333171056354,54.12734227341033,18.0,47.38665194082042,27.07708036269545,30.89182704345592,30.892489336105484,32.32150878653954,35.052498219901736 
 06/16  14:25:00,38.22029214813519,38.193089656846695,44.10373877579562,54.55922584908159,18.0,47.223286473345716,27.086063473058527,30.88450045323202,30.885449657487243,32.23116272030268,35.123477383988416 
 06/16  14:30:00,38.24604853880119,38.201258520377785,43.83992909421248,54.98407796955207,18.0,47.08337604731908,27.094803595457503,30.876990679796677,30.878087641281354,32.13942538291286,35.191859835619766 
 06/16  14:35:00,38.2317931814513,38.176186001206155,43.51881396320627,55.28554279288145,18.0,46.85314443470086,27.103213279898164,30.85312438272257,30.854281232907965,32.02454965810398,35.206367132661455 
 06/16  14:40:00,38.201781406887754,38.13974506110067,43.179920341716446,55.5391655569064,18.0,46.620253625515865,27.10857263571953,30.82938746739933,30.83050918590942,31.908496926149837,35.21843538527753 
 06/16  14:45:00,38.16215221784968,38.09658770942799,42.830925195604564,55.75734145779573,18.0,46.38632375730176,27.11337257446888,30.805440395304117,30.806468784485673,31.792857670613273,35.22689878374308 
 06/16  14:50:00,38.11605024093508,38.04890329194548,42.47539756923449,55.94527718993241,18.0,46.13559723009073,27.117542654165472,30.781179920586908,30.78206522533486,31.678095525488175,35.231309961143324 
 06/16  14:55:00,38.06539388611152,37.997982223260905,42.11550634982732,56.10577586268367,18.0,45.883985080713835,27.121041501188472,30.756554242981224,30.75725050127579,31.56460484157492,35.23141951250875 
 06/16  15:00:00,38.01141898414345,37.944639138835534,41.75272182447769,56.240453672018404,18.0,45.62275013938012,27.123991446015573,30.73161561097436,30.732082124924432,31.452874749982584,35.227119001519725 
 06/16  15:05:00,37.94291715860813,37.87748663135176,41.357877670181004,56.280565371197405,18.0,45.29308379532221,27.126345739575317,30.70739545595842,30.707596541802786,31.34218890439297,35.20167695017733 
 06/16  15:10:00,37.86851941567723,37.80487812015183,40.954507812841555,56.27597562083847,18.0,44.947952598023974,27.12815709105273,30.683093433057934,30.683002402172463,31.235075257094024,35.16847659469721 
 06/16  15:15:00,37.79036167750701,37.7287919936532,40.54810789303849,56.236088798656304,18.0,44.60442362789787,27.12942833705865,30.658658619352423,30.658256874708513,31.132148465768296,35.12982491658681 
 06/16  15:20:00,37.709559654453045,37.650235706073815,40.14157822660627,56.165383892360545,18.0,44.24209837304316,27.130259904943937,30.63412977350174,30.633408176261582,31.033914329961135,35.086269708993996 
 06/16  15:25:00,37.62681875176166,37.569838104658665,39.736844642109,56.06655070486051,18.0,43.88162694158949,27.130601218545575,30.60947894159358,30.60843830104102,30.940875884228603,35.037806990609624 
 06/16  15:30:00,37.54399042045105,37.48939612158429,39.28594218526816,55.3481397192342,18.0,43.512767574460774,27.130539040223592,30.58469132229635,30.583339365510938,30.832170607258035,34.72952145738509 
 06/16  15:35:00,37.44681467528818,37.39460911237644,38.886027973850425,55.23449173054132,18.0,43.23824339193078,27.122736977301983,30.55287434289346,30.551258963575606,30.750232272896653,34.75724639721659 
 06/16  15:40:00,37.34329961022722,37.293456172077924,38.49469889660321,55.24061402674689,18.0,42.97196035941323,27.122048530244452,30.522383039858937,30.520540737188867,30.67511654297232,34.785520009671814 
 06/16  15:45:00,37.23509277430444,37.187565339408124,38.10451056236545,55.3001377694729,18.0,42.703097028577474,27.121232859910833,30.491239928759455,30.489205189441236,30.605326351329268,34.81180617021755 
 06/16  15:50:00,37.12296575939211,37.07769430689464,37.71230160264565,55.387033305942296,18.0,42.45214040506394,27.12039594687706,30.459590119901804,30.45742255163765,30.541936280973005,34.835840037073126 
 06/16  15:55:00,37.029209611142896,36.986126471649236,37.34146520207385,56.116723593157985,18.0,42.198687160041025,27.119473641863717,30.437925248947522,30.435708887406463,30.497471512956565,35.128635105399155 
 06/16  16:00:00,36.653578554648846,36.966149777423254,37.02475262863807,56.409138207139925,18.0,41.951882549869985,27.125400042835743,30.452194070196924,30.421168758805948,30.45892583966429,35.14718876743291 
 06/16  16:05:00,36.69646252779184,37.032209532401616,36.777890811780175,56.57050995164337,18.0,41.66121667628337,27.126748330575307,30.357830033027426,30.40226425805571,30.406689995939757,35.13978100311954 
 06/16  16:10:00,36.59027814577387,37.13365682358154,36.55751535511402,56.67672614119856,18.0,41.36552318180271,27.135588274423935,30.29810906422938,30.386579413455593,30.35060622270214,35.12217429822988 
 06/16  16:15:00,36.456574719176515,37.25651224836951,36.3521345456489,56.74793251245886,18.0,41.06857765276045,27.137564831440294,30.2383340949076,30.376728255279943,30.292932647444843,35.09871078189815 
 06/16  16:20:00,36.309710957057526,37.393407109112644,36.15587616618755,56.79389683154153,18.0,40.76019632765574,27.139337811150995,30.17838196077537,30.37422988147182,30.234959468302577,35.0716044610042 
 06/16  16:25:00,36.154127449863736,37.53977509026517,35.96520368034259,56.82000600473393,18.0,40.45064617924744,27.140746927119736,30.117959385503923,30.37874507229344,30.176635146998308,35.033448135863296 
 06/16  16:30:00,35.992087505017295,37.69262241119152,35.77786878261109,56.829380805592905,18.0,40.1335614547667,27.141895062665203,30.05707879173076,30.387463943393072,30.118000752476178,34.99868860348761 
 06/16  16:35:00,35.750510014158806,37.65546179784299,35.521394172156455,55.7045309144603,18.0,39.65243146497329,27.142778950362207,29.961047685463257,30.325197862455525,30.027281999791512,34.47995870364241 
 06/16  16:40:00,35.525863739246795,37.64797865596891,35.28705105699308,54.87886523494416,18.0,39.146640480209314,27.128154774176945,29.88216497047773,30.309153234660585,29.951832319081063,34.2319194159752 
 06/16  16:45:00,35.30041251786411,37.62328006044276,35.05603409056751,54.04002225923541,18.0,38.64934862113573,27.12094973640252,29.805810578115256,30.290598358367106,29.87883953438552,33.98103695819225 
 06/16  16:50:00,35.07351914981283,37.57629066546448,34.82677451527189,53.17116304061806,18.0,38.11811294939221,27.11267281439282,29.729614776959977,30.267428197458344,29.80598189775486,33.725893950811155 
 06/16  16:55:00,34.845639421618124,37.50539755321802,34.59904528980043,52.27235252183707,18.0,37.595663942549415,27.103606160832648,29.65362434069823,30.23276175822207,29.733257112096567,33.46676904253263 
 06/16  17:00:00,34.61722984403469,37.40961313353814,34.37280274548654,51.34536798292776,18.0,37.06443402215511,27.093869715747942,29.577895439839097,30.196301567560567,29.660695338999744,33.2040005851008 
 06/16  17:05:00,34.38904688351645,37.28852406819521,34.1480371724432,50.39202842014116,18.0,36.54544684286858,27.08301936974987,29.488412744898312,30.13930232607629,29.57486910125442,32.92549017161514 
 06/16  17:10:00,34.16115842952559,37.141315201159124,33.92478646743022,49.41439052526384,18.0,36.03148842025786,27.02743471120994,29.40675547640376,30.081924110058253,29.49591951826301,32.64999407559674 
 06/16  17:15:00,33.93376176615986,36.967422710929405,33.70308288476393,48.41425996783672,18.0,35.52677182963193,27.008795627706633,29.331836191283287,30.022508770976174,29.42309016331319,32.37707660266517 
 06/16  17:20:00,33.67169692205973,36.594239089183915,33.44925795189212,46.80210867390656,18.0,35.035092457280356,26.989920248420862,29.24001687371799,29.875445595678343,29.33476487005146,31.842688814473604 
 06/16  17:25:00,33.43204531106202,36.29916520134302,33.21813346453156,45.58586044375232,18.0,34.55286717186235,26.961538052281554,29.162205905402402,29.790700141473053,29.258879448622338,31.564073007826323 
 06/16  17:30:00,33.19816313865575,35.99847123028134,32.993232966517326,44.43307169225222,18.0,34.0880077325795,26.941590903519444,29.086977774388174,29.699845507569307,29.18534610186134,31.286485772765673 
 06/16  17:35:00,32.96397507745989,35.74023002447837,32.768633775655594,43.51926042291939,18.0,33.66847883579471,26.92154132535439,29.01094850310244,29.628805763881928,29.111437333895083,31.09995787441767 
 06/16  17:40:00,32.73024637184781,35.48604221990266,32.545045915881296,42.67961212144871,18.0,33.27039878518196,26.903358078131657,28.935607570480443,29.55340704389164,29.038079934003633,30.912752617242177 
 06/16  17:45:00,32.496827338701614,35.22664735012099,32.32228332975737,41.87714298663391,18.0,32.87703537470516,26.885324454880347,28.860286208334742,29.472574448674777,28.964660024282637,30.72385629715609 
 06/16  17:50:00,32.2635920962515,34.95734029006715,32.100188105235375,41.094158044532506,18.0,32.50760558382619,26.867287557555642,28.78496754074854,29.386222275071532,28.89115826510158,30.533201738054743 
 06/16  17:55:00,32.03333137336393,34.67264603090772,31.881386668665538,40.30782679664758,18.0,32.14297701945081,26.84916083628555,28.71090044610827,29.29319786851795,28.818714345304898,30.3351813888155 
 06/16  18:00:00,31.714564246346608,34.37388911564123,31.661368886493296,39.53157021506704,18.0,31.796898530749022,26.830748767208387,28.726126339525536,29.195383428134733,28.745014071881997,30.140101538429235 
 06/16  18:05:00,31.45498631362224,34.0506659329953,31.435051472264558,39.15830986103703,18.0,31.44411457871954,26.81239882228676,28.621581649895745,29.041923576608383,28.626863900893227,29.89422249035954 
 06/16  18:10:00,31.209068186687947,33.70701600724328,31.207308075872632,38.47045578188469,18.0,31.106627979264882,26.67106103793388,28.527712634352554,28.906841907036437,28.530378218456462,29.65426867283128 
 06/16  18:15:00,30.939493070271105,33.13280624652244,30.948685114545516,37.2220830784996,18.0,30.775410269081185,26.632934489156867,28.43441489927011,28.688631976853003,28.436248931557145,29.205641845799846 
 06/16  18:20:00,30.696413726823177,32.67274152632238,30.712313756189115,36.26197494011475,18.0,30.457760864102866,26.58643847124571,28.352398618529264,28.55519228398316,28.353621944534666,28.98686256957876 
 06/16  18:25:00,30.461717005608424,32.22067024512819,30.4816804694723,35.3431729479247,18.0,30.14645949919466,26.55028649461928,28.27252948594156,28.419669623372158,28.27317711054843,28.76453506738278 
 06/16  18:30:00,30.23203935323482,31.75984057215539,30.25436814809899,34.43411391187491,18.0,29.8501292428777,26.51553159032382,28.19251419013665,28.278791612708233,28.19259805370666,28.539576480208325 
 06/16  18:35:00,30.04173805373124,31.449949343083702,30.06531750961703,33.84468096868197,18.0,29.618679681358802,26.482046154907007,28.130394939818643,28.211528469348707,28.130304786435943,28.45497103338454 
 06/16  18:40:00,29.86596025633618,31.193639275530114,29.890046807065648,33.372131188083344,18.0,29.409217299186942,26.454785768652428,28.070195745577166,28.147545764061533,28.069917274105762,28.376641022666377 
 06/16  18:45:00,29.698886557757657,30.970835254634082,29.722980303967958,32.97409416349749,18.0,29.20358290360651,26.429229074555163,28.010396256267995,28.085338960064064,28.009914617473328,28.302469800175174 
 06/16  18:50:00,29.537712969169558,30.773931577801733,29.56147571150024,32.63335484135393,18.0,29.019590140886113,26.405088915384525,27.950949009196506,28.025692408152054,27.950242982828627,28.233602453154163 
 06/16  18:55:00,29.380800591703863,30.571979071297296,29.404000741972762,32.288254977661296,18.0,28.836926722932173,26.382396959665467,27.89186442497345,27.957018574299468,27.890909545100953,28.147298363353116 
 06/16  19:00:00,29.227237057170477,30.349414970856543,29.249669405550005,31.91210050019279,18.0,28.66826722048191,26.359900265272298,27.83311233453952,27.877426245224797,27.8316780701158,28.041981543131556 
 06/16  19:05:00,29.051924121388893,30.099955744726394,29.073752838810343,31.516993534064586,18.0,28.465196693896722,26.337412833439362,27.723413163072564,27.749697888450214,27.72079520914872,27.890538609412772 
 06/16  19:10:00,28.869605488125952,29.835083779012184,28.89073725893701,31.111981209523574,18.0,28.263686320853036,26.307371840622853,27.609435686367817,27.618118925563635,27.606285877652738,27.735888127120006 
 06/16  19:15:00,28.6833992333683,29.553544682902743,28.703810708174387,30.693289691004363,18.0,28.061449026555433,26.283684734856738,27.49432276723587,27.483173777538127,27.491218843199704,27.577533818988513 
 06/16  19:20:00,28.495050770053076,29.247642015819736,28.51472806091615,30.248446421679656,18.0,27.854102689172176,26.26004256409508,27.377743015451074,27.340724384471173,27.375140105972264,27.409605311067367 
 06/16  19:25:00,28.18429016892898,28.623568533403258,28.203228787063573,29.391048065007197,18.0,27.50563239111447,26.236284479161807,27.201368834938307,27.049684120752204,27.200576825903227,27.04930871502154 
 06/16  19:30:00,27.994616666688714,28.30059119318051,28.012814027244943,28.948052985515336,18.0,27.320450857138592,26.201018108739188,27.102367049182362,26.961602522889848,27.101658817309726,27.088898905191627 
 06/16  19:35:00,27.795655030001775,28.057662080142773,27.853572637856942,28.633544603635244,18.0,27.134109717077273,26.180385676279478,26.88348669740185,26.87322725068077,27.007635603588596,27.005396191139198 
 06/16  19:40:00,27.637641264514677,27.856399447719586,27.71010788482183,28.38117858936455,18.0,26.974084702879733,26.160080442999536,26.786436484672436,26.784151728412667,26.91348602667756,26.912871762237387 
 06/16  19:45:00,27.49547652101923,27.681151358668682,27.576245604660482,28.166179246620903,18.0,26.813046756571175,26.141088737240956,26.696281023930965,26.695282354194944,26.819579669474024,26.819224721713283 
 06/16  19:50:00,27.362796939473732,27.523115031807954,27.44857103127942,27.976011898589555,18.0,26.6645715133454,26.122781997856954,26.607223423304504,26.606437380922046,26.725683417574828,26.725370424530013 
 06/16  19:55:00,27.236389941166593,27.376869880082747,27.325015300406708,27.802731100305273,18.0,26.515223833498727,26.105142213079844,26.518403515988155,26.517663102598988,26.63182883645254,26.63152370204648 
 06/16  20:00:00,27.114291790533628,27.238927427524597,27.20426600495897,27.641321452077808,18.0,26.37228781198801,26.087986719602224,26.429623920391123,26.42890397099967,26.537963556059253,26.537661791588448 
 06/16  20:05:00,27.025081572537584,27.136289557433912,27.118964546328083,27.518906203532794,18.0,26.282859853616273,26.07131576356936,26.37365417727915,26.37295669081658,26.484958689952748,26.484664313488224 
 06/16  20:10:00,26.949315277146297,27.04922557311192,27.047358011434245,27.41455622924058,18.0,26.207620350774466,25.993475333684977,26.33231336862815,26.331600854105545,26.44665607634886,26.446407726604548 
 06/16  20:15:00,26.882056898065947,26.972371612365052,26.98418757268426,27.322395237979105,18.0,26.13269751165882,25.966553856977207,26.29985419463469,26.299172615297437,26.416887447906788,26.41664346148457 
 06/16  20:20:00,26.82074602477655,26.902826181593433,26.92680944422116,27.23917979700801,18.0,26.07567665909581,25.936949489026716,26.266388278294528,26.265722740624597,26.386201821820464,26.385976502657286 
 06/16  20:25:00,26.763764281178155,26.838708753562848,26.873586143190387,27.162780615415215,18.0,26.018808688589683,25.908589084839303,26.23311076184507,26.23246312116953,26.35564609372932,26.355438300007336 
 06/16  20:30:00,26.710025822313742,26.77873140359632,26.823437265059784,27.091721096789378,18.0,25.972239783891723,25.88089373185071,26.199893061037415,26.19926321192588,26.325102141392563,26.324912139014373 
 06/16  20:35:00,26.658776260210505,26.721982675868144,26.775623011534073,27.024941885171128,18.0,25.92571655287186,25.85385294779151,26.16677490742967,26.166163215770553,26.29460581399519,26.29443320705235 
 06/16  20:40:00,26.609476964230197,26.66780069742719,26.729621701435544,26.96166189642928,18.0,25.88542845561082,25.82726948687787,26.133688094743434,26.13309443444814,26.264093723839437,26.263938348140414 
 06/16  20:45:00,26.56173438106814,26.61569426949953,26.685056129049343,26.901291561227854,18.0,25.845122875580742,25.80115766198136,26.10065756643553,26.10008206541579,26.233588636579157,26.233449910412446 
 06/16  20:50:00,26.515255144595702,26.565291912839605,26.64164750519723,26.843376609361698,18.0,25.80869043848735,25.775388570706436,26.06763515741102,26.06707756925971,26.203046120257568,26.202923642955852 
 06/16  20:55:00,26.469816655684305,26.516307951937943,26.59918571005211,26.787560527361943,18.0,25.772202703184096,25.749985404134094,26.03464231885488,26.034102581580782,26.17248582626587,26.17237889954953 
 06/16  21:00:00,26.425247279053693,26.46851935406216,26.557509545118577,26.733558833186994,18.0,25.738167829431873,25.72485445914218,26.001643078054883,26.0011208334804,26.14187485204627,26.141782939848383 
 06/16  21:05:00,26.402192933172874,26.44245039329277,26.539713552494817,26.70383100742437,18.0,25.736252703880364,25.70002244367354,26.001335100840947,26.000831900137655,26.145889443659314,26.145812439284498 
 06/16  21:10:00,26.3873231001991,26.424799034696317,26.530562073892185,26.683477998466937,18.0,25.741459507830708,25.672224374677494,26.024483390420414,26.02398881932851,26.173850530998948,26.1737949652603 
 06/16  21:15:00,26.377473556226324,26.412386119720022,26.526533615147724,26.668996679984623,18.0,25.74653537539174,25.706520694777378,26.032169418039757,26.031707363701116,26.185564251294863,26.1855083909046 
 06/16  21:20:00,26.371065917293382,26.403614822062732,26.525909591591653,26.658642164379696,18.0,25.76072609722828,25.67469210349348,26.03011480912801,26.029642368444456,26.189597593940675,26.1895795753328 
 06/16  21:25:00,26.367123626574504,26.39749072015848,26.527647076328073,26.651332310774336,18.0,25.774630289694528,25.642060340815632,26.03016374188826,26.029696373644924,26.1953061063914,26.195312801584578 
 06/16  21:30:00,26.36500260117891,26.393353239090377,26.531070762196656,26.646348314807803,18.0,25.793179281958597,25.611815192690567,26.03214445318713,26.03168703062886,26.202722263454575,26.202747078362336 
 06/16  21:35:00,26.364262350856897,26.39074694976391,26.535726813720505,26.643192348730402,18.0,25.811366614601862,25.583181725474482,26.03507566354199,26.034628192429977,26.21098096582216,26.21102195687581 
 06/16  21:40:00,26.36459267161621,26.389348231345327,26.54130087035678,26.641507399581812,18.0,25.831908173279068,25.556055345772812,26.038600855719494,26.038163382230778,26.219723523562322,26.219779138670503 
 06/16  21:45:00,26.365769154234172,26.388920665826248,26.547569050489358,26.641029138407095,18.0,25.852060066696538,25.530030690908003,26.042433861732263,26.042005794235934,26.228677832450046,26.228747202674697 
 06/16  21:50:00,26.36762523948852,26.38928695298274,26.55436765201073,26.641555982014445,18.0,25.873305348133762,25.504917440378446,26.046454300396704,26.046035103934003,26.237723498808464,26.237805823584495 
 06/16  21:55:00,26.370034299392348,26.390310850389092,26.561574001513,26.64293003819838,18.0,25.894157376393025,25.480552813280347,26.05058797680283,26.05017711084713,26.24678897953055,26.24688353566222 
 06/16  22:00:00,26.372897962938545,26.391885367469815,26.569094136793584,26.645024744543353,18.0,25.915397430671934,25.456776845709886,26.054773213757358,26.054370042843516,26.255817830075216,26.255924037562693 
 06/16  22:05:00,26.318206785993457,26.33610927395229,26.511479260648862,26.58315825589122,18.0,25.841067912945093,25.433542450809284,25.948945022078703,25.948544856407352,26.15217016683016,26.15228887568736 
 06/16  22:10:00,26.24389444743397,26.26081976246197,26.4332984128532,26.501237865760125,18.0,25.752272709754443,25.35503449412964,25.875563102449178,25.875163654864423,26.072071206654527,26.07219911746722 
 06/16  22:15:00,26.15831268128801,26.174342224084615,26.343788417572068,26.408340839475954,18.0,25.66346776848995,25.438293576574832,25.81558495647755,25.815257642658253,26.003528189499548,26.0035994656522 
 06/16  22:20:00,26.065353324107118,26.08055390115369,26.24705307092167,26.308491080297816,18.0,25.55221893294161,25.501351344929123,25.74376773757325,25.743455600733512,25.924642756928165,25.92470541109799 
 06/16  22:25:00,25.96729243373301,25.98172101974385,26.145401144948515,26.203947655577508,18.0,25.440548832715436,25.55375630907219,25.666250375634263,25.665953142841715,25.840637522101133,25.8406917285173 
 06/16  22:30:00,25.8655536623608,25.87926011802091,26.04022597773916,26.096070406189515,18.0,25.316695242929153,25.596039322410924,25.58387762728239,25.583588943641985,25.75236304984452,25.752412820263544 
 06/16  22:35:00,25.761062526253095,25.77409131785746,25.932403047899967,25.985710968718127,18.0,25.19218903799763,25.630900497637498,25.497124141365134,25.496840064619164,25.660747982476437,25.66079284749901 
 06/16  22:40:00,25.65444001748632,25.666831367673353,25.822500816645256,25.873420045538662,18.0,25.06001722530706,25.658881185433998,25.40942871790503,25.40916893552992,25.56604137372767,25.566080544805573 
 06/16  22:45:00,25.546114535158594,25.55790522533231,25.710899051464335,25.75956364683078,18.0,24.927022428856436,25.67973749712062,25.32124812558743,25.32100301618061,25.471545769804948,25.47157712176454 
 06/16  22:50:00,25.436388629286135,25.44761257768442,25.59785741923703,25.64439041110251,18.0,24.788539974107955,25.700268319335017,25.23273487134918,25.232505895670784,25.37687553139608,25.376901532708644 
 06/16  22:55:00,25.325479771849434,25.336168460868716,25.483556279201228,25.528071591566338,18.0,24.649091150615813,25.720198363430903,25.143545121584793,25.143331857522867,25.2816094097912,25.281631197149295 
 06/16  23:00:00,25.213545892876464,25.223728688874843,25.3681215804529,25.410725418535318,18.0,24.50519210970505,25.738626008778546,25.05352886885356,25.053331393617725,25.18557218811395,25.185589176226927 
 06/16  23:05:00,25.106242017967514,25.115928013223176,25.258469119769615,25.299131197089398,18.0,24.376026202713724,25.755027897388842,24.969080816746782,24.96889926652625,25.09739404680488,25.097406099902003 
 06/16  23:10:00,25.000259477722857,25.00946928136893,25.150412244049917,25.189191180415868,18.0,24.246405831805376,25.759828106877134,24.88587506675833,24.88570318916095,25.010669430718337,25.010682348576893 
 06/16  23:15:00,24.894913075844713,24.903668804399967,25.043097519772612,25.08006776507382,18.0,24.11639561604437,25.770450103009896,24.80292587001304,24.802770713855125,24.924276348880767,24.924282981578813 
 06/16  23:20:00,24.789899022967422,24.798222779853145,24.93615085396339,24.971391492181993,18.0,23.988102251631535,25.7777731226144,24.719209826112206,24.719068945480103,24.83720150563994,24.83720343928036 
 06/16  23:25:00,24.685045111971107,24.69295845444904,24.829362249606426,24.862952958983573,18.0,23.859429170836716,25.783287688076644,24.635046116221645,24.63491994615083,24.749725755549434,24.749722088252497 
 06/16  23:30:00,24.580246108660564,24.587769793358543,24.722604428352607,24.754623444125837,18.0,23.73110303905054,25.787755049820202,24.550612500130114,24.55050187703108,24.662012331988876,24.662001798518304 
 06/16  23:35:00,24.475434583148395,24.48258844636284,24.615796368173108,24.64631940259111,18.0,23.60239050458074,25.790951993155137,24.465842071094812,24.46574702526624,24.57399742506732,24.5739795265431 
 06/16  23:40:00,24.370565344639026,24.377368258194302,24.508884041837717,24.53798373756289,18.0,23.47338039051199,25.793035468369574,24.380808267740917,24.380729272702524,24.485747298879232,24.485721152116184 
 06/16  23:45:00,24.265606654941344,24.27207652575697,24.401829644771123,24.42957533899844,18.0,23.34397109570408,25.79403671318815,24.295498890455974,24.295436074308043,24.39724912823874,24.397214187775887 
 06/16  23:50:00,24.16053511231317,24.16668890693698,24.294605369052093,24.321063040178586,18.0,23.21390852467429,25.794094208354117,24.20997290109483,24.209926706923625,24.308556685789654,24.3085121323478 
 06/16  23:55:00,24.055332605459007,24.061186388136445,24.187189715646745,24.212422035533155,18.0,23.08343014514781,25.793229564977274,24.124215716666242,24.124186279656897,24.21965518898776,24.219600505462893 
 06/16  24:00:00,23.949984467036803,23.955553444294242,24.079565265166497,24.103631709969335,18.0,22.95207943199777,25.7915583425631,24.038276100994267,24.038263830779215,24.13058936266509,24.13052379210933 
 06/17  00:05:00,23.871602451341328,23.876890681909966,24.000947831577616,24.02383363647981,18.0,22.866079348751818,25.789094731434044,23.997502555533572,23.997507436508727,24.08846861060664,24.08839215234383 
 06/17  00:10:00,23.803120204830662,23.8081385942709,23.932622266593366,23.954362421810405,18.0,22.787929440645296,25.785116395403655,23.95948327093555,23.959494531539406,24.04964990846122,24.049572936237666 
 06/17  00:15:00,23.74057255640167,23.745333057481602,23.870335846058016,23.890974777553982,18.0,22.709774707387215,25.780967916958932,23.921922290913017,23.921941974847414,24.011366859894906,24.01128718102757 
 06/17  00:20:00,23.682015362306,23.68653009033874,23.81204355878215,23.831628813196563,18.0,22.644229184992536,25.776069483489117,23.88432971329496,23.8843579829462,23.973072008433974,23.972989154972083 
 06/17  00:25:00,23.62626080762335,23.630541717709747,23.75651642759424,23.775096316673554,18.0,22.578686928858023,25.77112753113873,23.846766364507232,23.84680372084688,23.93480720859327,23.934720432831 
 06/17  00:30:00,23.572534580958713,23.5765933049623,23.702965419245185,23.72058779387968,18.0,22.520251839241784,25.76590740522731,23.809174455242044,23.809221050776046,23.896515991669503,23.896424888929232 
 06/17  00:35:00,23.520313286686623,23.52416104701923,23.65086467277448,23.667576240154396,18.0,22.46181791447778,25.760386703243082,23.771530980772127,23.771586863414996,23.85817604594797,23.858080326855145 
 06/17  00:40:00,23.469233045885172,23.47288061202993,23.59985330749799,23.615699250638148,18.0,22.407666415841646,25.75460894501064,23.733849531483884,23.73391486660205,23.819800083009,23.819699361392907 
 06/17  00:45:00,23.41903475516116,23.422492425232488,23.549677358897572,23.56470113334462,18.0,22.353514797709384,25.748559244969123,23.696114530813702,23.696189346734513,23.781373450439673,23.781267480212364 
 06/17  00:50:00,23.36952998835916,23.372807585739025,23.5001540721131,23.514397309455692,18.0,22.30204595723411,25.74227387316391,23.658338274827997,23.658422688588416,23.742907699210832,23.742796163340756 
 06/17  00:55:00,23.3205791017779,23.32368598095512,23.451149261804005,23.464651738734556,18.0,22.25057617075647,25.735742269166245,23.6205095970995,23.620603613611138,23.70439232431488,23.70427502144321 
 06/17  01:00:00,23.272076814044212,23.275021872072255,23.40256258167662,23.415362229706222,18.0,22.200845607988196,25.728996051706712,23.582639976074404,23.582743672700474,23.66583810557239,23.66571477745174 
 06/17  01:05:00,23.222346479337293,23.22514073314048,23.35191982683985,23.364071024442122,18.0,22.144353718624195,25.72202729201292,23.5425825120102,23.542696083937244,23.624075985561774,23.623946085544958 
 06/17  01:10:00,23.172328445843604,23.174980611239903,23.300698894821192,23.312240683333172,18.0,22.08774037075243,25.71483050464992,23.502368472224816,23.502492470341622,23.58208176131518,23.58194432184638 
 06/17  01:15:00,23.122205940608183,23.124723876819175,23.249201818201293,23.260168370234975,18.0,22.031085655510967,25.7074242728563,23.462112160525237,23.462246517546646,23.540046435735917,23.539901385584358 
 06/17  01:20:00,23.07205357536085,23.074444537544395,23.197559081490997,23.20798145518809,18.0,21.973237388734024,25.699835444424025,23.42184039019503,23.421985143968925,23.498008173747962,23.49785532829327 
 06/17  01:25:00,23.02190928950995,23.024180039089472,23.14584164902585,23.15574850978219,18.0,21.91534005917146,25.692059533948683,23.38155041153061,23.381705536266907,23.455966514306567,23.45580575117367 
 06/17  01:30:00,22.971792701879234,22.973949575443942,23.094090100955835,23.103508146370626,18.0,21.856827136038802,25.684119157349784,23.341251665833056,23.341417186628803,23.413930755709714,23.41376191097754 
 06/17  01:35:00,22.92171332898425,22.923762286564482,23.042327841009932,23.051282081315534,18.0,21.798261836656934,25.676011354630823,23.300940052064334,23.301115936106044,23.371897113522436,23.371720083804348 
 06/17  01:40:00,22.87167495550247,22.87362161674537,22.990568182317674,22.999082138365818,18.0,21.739341254336168,25.66775532069324,23.260623279422475,23.26080953646425,23.32987294237006,23.329687590210597 
 06/17  01:45:00,22.821678095150922,22.8235277678695,22.938818381131718,22.94691423213863,18.0,21.680365997643563,25.659349359774268,23.220298226307705,23.220494820262388,23.287855336270354,23.28766157281933 
 06/17  01:50:00,22.77172141768315,22.773479121337996,22.887082012593247,22.89478071178907,18.0,21.621164350005113,25.650809427061183,23.179971283812563,23.1801782139284,23.245850419983526,23.245648128309426 
 06/17  01:55:00,22.721802591024726,22.723473076679202,22.835360404234102,22.842681773137024,18.0,21.56190624586963,25.64213495308633,23.139640246875615,23.1398574775385,23.203856163409455,23.20364526425891 
 06/17  02:00:00,22.671918782680528,22.67350655039532,22.78365351659511,22.790616324478354,18.0,21.50248543162825,25.63333894361741,23.099310284503872,23.099537808532432,23.161877554739135,23.16165794659389 
 06/17  02:05:00,22.62664887615678,22.62815671222455,22.73751258741846,22.74412430450273,18.0,21.453338273477073,25.62442176967695,23.066076700243343,23.06631401744869,23.128090769402093,23.127863081841042 
 06/17  02:10:00,22.58312290139312,22.584554445625006,22.69340990706327,22.699684674182432,18.0,21.406083688145277,25.615490398052717,23.033272432447063,23.03351786047631,23.094855498235916,23.09462155869744 
 06/17  02:15:00,22.5406660448551,22.542024985849306,22.65053122701003,22.65648411558236,18.0,21.35882817113168,25.60648974985596,23.00052163286705,23.00077532561619,23.061692885981415,23.06145243938488 
 06/17  02:20:00,22.498943735936514,22.50023368907901,22.60847964519342,22.61412576201825,18.0,21.314604619875276,25.597421488325722,22.967771394210786,22.96803333405262,23.02853422935584,23.028287204108608 
 06/17  02:25:00,22.457749434538265,22.458973899952614,22.567013731759616,22.572367894879715,18.0,21.27038178404781,25.58828733000781,22.935012535538362,22.93528267676487,22.99536773930106,22.995114100099556 
 06/17  02:30:00,22.41694705013802,22.418109393269194,22.525976605933852,22.53105318323658,18.0,21.227930052459946,25.579089039972736,22.902243458200815,22.902521753005487,22.962191384809444,22.96193110299953 
 06/17  02:35:00,22.376443539408513,22.377546982448404,22.485262424351742,22.490075250412985,18.0,21.185477965699594,25.569828800902485,22.869464061169538,22.86975046355343,22.929004986475377,22.928738035530444 
 06/17  02:40:00,22.33617342435125,22.337221043684984,22.444797631704443,22.44935996823042,18.0,21.144133525958765,25.560507318058175,22.836673833909458,22.83696829487883,22.895808043308136,22.895534403200827 
 06/17  02:45:00,22.296089466530024,22.29708419368832,22.40452978562697,22.40885430740316,18.0,21.10278816423469,25.551127381291078,22.80387346060428,22.804175936420336,22.862601205099452,22.86232085438337 
 06/17  02:50:00,22.25615682248612,22.257101447177945,22.364420628335704,22.368519424442667,18.0,21.06216532619791,25.541689105280508,22.771062332640327,22.771372773918074,22.829383890090412,22.829096816120796 
 06/17  02:55:00,22.216349267410227,22.217246441787648,22.324441657904824,22.328326242147114,18.0,21.02154123457607,25.532195636772848,22.738241480126987,22.738559844408655,22.796157078801457,22.795863265734397 
 06/17  03:00:00,22.17664669264266,22.177498936274635,22.28457122419812,22.288252551056605,18.0,20.98140664255403,25.52264667955353,22.705410193758553,22.705736431187916,22.7629200932804,22.762619535500505 
 06/17  03:05:00,22.134840283935578,22.135649239263163,22.243305230319663,22.246788435285104,18.0,20.943770105792996,25.51304560170719,22.66783378886464,22.668167319789177,22.725844790164615,22.72553828644834 
 06/17  03:10:00,22.09227335339278,22.093041086716248,22.201550731447668,22.204844358190574,18.0,20.906882430720792,25.50333752726588,22.62990432140316,22.630246146861964,22.688420300557482,22.688107105430106 
 06/17  03:15:00,22.049252935637732,22.049981530827633,22.159507507196597,22.162620546117154,18.0,20.86992214377897,25.493550632761945,22.591867157785316,22.592217065626983,22.65087124577451,22.65055148345664 
 06/17  03:20:00,22.005927425709658,22.00661892037447,22.117268954251305,22.120210367621787,18.0,20.833832357153582,25.48368761039601,22.553759423852398,22.554117329211863,22.613230861282034,22.61290457350674 
 06/17  03:25:00,21.962386394968757,21.96304275814086,22.074889849767487,22.07766839675222,18.0,20.79766661308622,25.473751914416585,22.515589176812682,22.51595501810914,22.575506720971873,22.575173932111795 
 06/17  03:30:00,21.91868739626341,21.919310518127492,22.03240435999143,22.0350285089517,18.0,20.76195372897014,25.463745277314974,22.47735854776488,22.47773226332106,22.53770102324188,22.537361760457145 
 06/17  03:35:00,21.87486863132177,21.875460318817627,21.989834441886856,21.992312325325617,18.0,20.72616309842584,25.45367107364338,22.439069635436226,22.439451169170525,22.499815959868556,22.49947024749241 
 06/17  03:40:00,21.830956067355118,21.831518043084397,21.947194495769878,21.949533889386316,18.0,20.69059359064448,25.44353066076925,22.400723297496143,22.40111259106294,22.461852547772253,22.461500414562124 
 06/17  03:45:00,21.786967697661456,21.787501600724337,21.904494107876616,21.906702423933705,18.0,20.654945926298023,25.433327202714757,22.362321254691437,22.362718255844698,22.423812616393036,22.42345408759303 
 06/17  03:50:00,21.742916192736686,21.743423580703325,21.861739729050985,21.86382401843345,18.0,20.619380649779878,25.423061465575728,22.3238639697895,22.324268623399007,22.38569680517969,22.385331910832917 
 06/17  03:55:00,21.698810598826856,21.699292950365294,21.818935731836355,21.820902691423587,18.0,20.5837375972612,25.412736514170696,22.285353065270215,22.28576532355578,22.347506844335612,22.347135609617226 
 06/17  04:00:00,21.654657452450767,21.655116170317186,21.776085091642152,21.77794107490399,18.0,20.54809136308852,25.402352532132117,22.246788686942693,22.247208498364614,22.309243071620244,22.308865527106548 
 06/17  04:05:00,21.624813766469643,21.625252221292115,21.744400418243956,21.746165064566206,18.0,20.505092667357275,25.391912540625064,22.239013984365897,22.23944470587577,22.298686356591702,22.298298128148133 
 06/17  04:10:00,21.600001827974964,21.600421878002052,21.716334522026127,21.718017106689,18.0,20.459738597437415,25.381772315609393,22.23179497466856,22.232230026097,22.288040953602035,22.28764656060082 
 06/17  04:15:00,21.578052032328777,21.578455126308317,21.690152646255658,21.691759817651256,18.0,20.41331551716936,25.371757212415687,22.224812142729775,22.22525224797255,22.277376608369877,22.276975316970834 
 06/17  04:20:00,21.557896692838522,21.55828405330881,21.66501413169159,21.66655116964152,18.0,20.36303884933875,25.361839097422354,22.217839948280925,22.218285533634912,22.26657415451126,22.266165481953237 
 06/17  04:25:00,23.58224899125538,22.88119442892234,21.861581234251034,21.86305280854313,18.0,20.5652225639473,25.35202088213753,23.20283374839721,22.887652764135623,22.4542432233535,22.47706239246679 
 06/17  04:30:00,24.540958905690882,23.46717725055217,21.947437798250228,21.948847883528842,18.0,20.5987958376257,25.38226588564831,23.309937462220887,22.94396955119589,22.46730856587692,22.48901898904876 
 06/17  04:35:00,25.247765043781172,23.883659349526333,22.033578737643285,22.034930720273962,18.0,20.657968057641167,25.38424800718508,23.395853036861524,22.983949457395283,22.470395732131408,22.48688023432544 
 06/17  04:40:00,25.849602187543155,24.221984271002366,22.119488393743328,22.12078541959047,18.0,20.714553202193436,25.387491990926055,23.485621711119165,23.024424052250993,22.474228768170406,22.484105349267793 
 06/17  04:45:00,25.966239796407685,24.27499712355718,22.191327491306552,22.1925726681778,18.0,20.77161227028102,25.391031618568505,23.362748572545797,22.945759076156037,22.47163577190372,22.473833314200476 
 06/17  04:50:00,26.241658715985718,24.41111870503544,22.273050776002695,22.274247685729748,18.0,20.834084617515977,25.3873797377893,23.415152523537813,22.965311265015885,22.47585933436011,22.475560670944333 
 06/17  04:55:00,26.441243228565256,24.504103891290573,22.35861656385728,22.35977000616514,18.0,20.897161251231452,25.388475665366418,23.425437219599303,22.963761755880114,22.48510636876472,22.483697968943943 
 06/17  05:00:00,26.57545902945808,24.56228899484605,22.44733566695855,22.448452564362764,18.0,20.96466770511243,25.389220226486408,23.41965031531879,22.954783797082598,22.49637162009992,22.49427555549596 
 06/17  05:05:00,26.707223855633853,24.64174503553812,22.586824545820733,22.58790536950837,18.0,21.149184221854807,25.389512366921853,23.498332955972387,23.03223071652849,22.598744585754673,22.59622521576472 
 06/17  05:10:00,26.83345872232659,24.728099663300135,22.745968033408143,22.747022912765836,18.0,21.35907349752847,25.40057528069268,23.58228904519615,23.11504892672133,22.705111241817008,22.702408155925696 
 06/17  05:15:00,26.95636462844095,24.819638828728877,22.916939232304788,22.91798271367182,18.0,21.56667093977303,25.404102552344956,23.667589075568117,23.199192674458914,22.811473134150106,22.808723344844736 
 06/17  05:20:00,26.60662928499772,24.701451468905216,23.068739031043755,23.06978810119818,18.0,21.811548148042306,25.408974763236596,23.514736455049956,23.17617221925434,22.903830556209357,22.901104020021364 
 06/17  05:25:00,26.54622736396531,24.72437748928273,23.24115089834656,23.242222945155383,18.0,22.053788039504273,25.406037450179834,23.597019851062214,23.261797064023085,23.007113030076084,23.004474227969013 
 06/17  05:30:00,26.552314277546188,24.784297897465567,23.420565794236147,23.421674786115744,18.0,22.315672358121365,25.40852437514279,23.68251192679827,23.35055411264983,23.111886892446535,23.109374520061976 
 06/17  05:35:00,26.816848819961514,24.98061872851018,23.65398530158964,23.655144489690485,18.0,22.651967711704188,25.411807614254233,23.881582174534742,23.500481381574673,23.242555159193557,23.23992940799701 
 06/17  05:40:00,27.181047342914695,25.227490874831574,23.90829653773288,23.90951154481671,18.0,23.014204322186522,25.420496733555254,24.080065730341232,23.648121295571286,23.374499519195695,23.371791794306716 
 06/17  05:45:00,27.60250128276746,25.50130194047456,24.174692825294198,24.17596566443106,18.0,23.373259276007623,25.430220520686863,24.27683392283302,23.79203941561616,23.505345074438992,23.502625919323805 
 06/17  05:50:00,28.07301157073315,25.793034988068182,24.44672734147756,24.44805563418583,18.0,23.765472513835782,25.44091925044883,24.478655032095617,23.934102099390884,23.634037631854255,23.631324793950512 
 06/17  05:55:00,28.55450691375371,26.088853947788234,24.724416047042958,24.72579365536027,18.0,24.163664959735822,25.452734751852645,24.667731019353596,24.070830474857814,23.762674911816703,23.759998842342895 
 06/17  06:00:00,29.045334241535837,26.346405468806545,25.004928183482743,25.006346120191594,18.0,24.582858416287717,25.465154764583385,24.853231426548064,24.182997243061436,23.890294438446972,23.887686879803596 
 06/17  06:05:00,29.457735456783997,26.537865555650654,25.227469949036863,25.202571473521193,18.0,24.862892182743,25.47826201626541,24.88032793405887,24.161083149375997,23.88265809195684,23.86651537594321 
 06/17  06:10:00,29.84153848296213,26.698927808019736,25.405928997773408,25.367875617577752,18.0,25.130316813408992,25.492938719771928,24.791099684857954,24.03322781629879,23.762300648439407,23.744746173102726 
 06/17  06:15:00,30.20659089623649,26.838683345194358,25.56288180589613,25.514593689582526,18.0,25.3992751332828,25.27560994840733,24.744765338207742,23.928901207741603,23.66250607886991,23.645005677141853 
 06/17  06:20:00,30.55727569578865,26.961786760477704,25.705804583571428,25.648749676280996,18.0,25.635154375389256,25.20228038525979,24.73218287914176,23.85656579829771,23.59760006538727,23.579508574009083 
 06/17  06:25:00,30.89611045377319,27.071140441862028,25.838888366791096,25.77401401481226,18.0,25.8722483718999,25.134186512983764,24.71882930794277,23.783645517874902,23.533972684728724,23.51539816672596 
 06/17  06:30:00,31.224643189343336,27.168676461092982,25.964802783499998,25.892766051188335,18.0,26.09172104390989,25.076236564088703,24.707171664260613,23.712459775007233,23.474002620559077,23.454876376606308 
 06/17  06:35:00,32.99016253955743,27.556176589386418,26.09857638510403,26.01968794501281,18.0,26.479969764905675,25.025721742488003,25.381931974167514,23.782758287300112,23.426843820298814,23.40556506504521 
 06/17  06:40:00,34.63171569316094,27.8592850889057,26.196118691821997,26.11107782706378,18.0,26.913900518560826,24.99693091027618,25.754394072466198,23.77064063646924,23.367360875999907,23.344575295701702 
 06/17  06:45:00,37.00979208802346,28.25937942898734,26.296886260447188,26.205971278384023,18.0,27.368940969051483,24.96736821076603,26.453159332491566,23.792118025550053,23.316387896324613,23.29216422816296 
 06/17  06:50:00,38.98408835203163,28.53129909744678,26.37938076231698,26.283025320151076,18.0,27.90680845789307,24.9517251218919,26.816511283444697,23.737827424924035,23.260229189385655,23.23499959401005 
 06/17  06:55:00,40.88134785779238,28.74224275513143,26.456413857971423,26.354904717621217,18.0,28.46526017569753,24.93398222733735,27.179814306225012,23.668995558439917,23.20432820477049,23.178335068514116 
 06/17  07:00:00,43.534735884328825,29.0481546626204,26.579196824329895,26.472157049420993,18.0,29.09861061954053,24.919685588256577,27.92156014597333,23.660726280575886,23.18337523689604,23.15645087022051 
 06/17  07:05:00,45.644116580921015,29.24762535626673,26.72652585861308,26.612899002088508,18.0,29.78254437909599,24.920176520830893,28.39221435428084,23.69928403318488,23.26119675407881,23.23296922655061 
 06/17  07:10:00,47.611405612387905,29.38984341498389,26.888603870852926,26.767756901319352,18.0,30.539216807372267,24.988125911653256,28.85283780012719,23.72347794385496,23.339558643667715,23.310938987262887 
 06/17  07:15:00,49.48580609837228,29.480789189342957,27.061878802917665,26.933266491704515,18.0,31.310525451652346,25.01469116776304,29.2947674680741,23.732277231854255,23.41109503959308,23.382524079488007 
 06/17  07:20:00,51.28447181942141,29.52251741785515,27.24432122171191,27.107438639006464,18.0,32.151644986271,25.041106802728475,29.725431143104288,23.738311679850938,23.483906776591084,23.455429995566874 
 06/17  07:25:00,53.015908216983995,29.516333072757977,27.434627812071653,27.28899241632829,18.0,33.00591883471992,25.066591550239497,30.144376035682512,23.744067675917563,23.55759498719226,23.52922267327915 
 06/17  07:30:00,55.064639259519794,29.56403677902161,27.719609774113792,27.563356556334668,18.0,33.91953957807912,25.09160479199158,30.72964355384505,23.803717202884172,23.675769438479506,23.646045497967634 
 06/17  07:35:00,55.68246153637952,29.470747710242676,27.97071309465605,27.803535560723724,18.0,34.4322590641015,25.12431570927811,30.613373607930498,23.82240273376658,23.760967778259158,23.73103115266258 
 06/17  07:40:00,55.54876858694278,29.240526889647807,28.123487574185695,27.946546721064138,18.0,34.89296937570312,25.142723651219026,30.343048508016864,23.80704353901359,23.794283825417153,23.765634688212685 
 06/17  07:45:00,55.437443172502704,29.053205585360164,28.327201855974746,28.139718260183027,18.0,35.34322972968542,25.152685560772866,30.23546694085462,23.847393266305005,23.868010737765132,23.838912838088163 
 06/17  07:50:00,55.221290498285434,28.97988435977703,28.649733293072135,28.339667192687433,18.0,35.67388521223123,25.166491829730916,30.12504503230906,23.911396834114726,23.956471672354837,23.912274742281056 
 06/17  07:55:00,54.924073336303564,29.0270255448147,29.09213403361436,28.53978589929437,18.0,35.995806633192345,25.17974519711978,30.012275130178637,23.98307793580784,24.063750348648227,23.98408802499108 
 06/17  08:00:00,54.56641820718536,29.120898358980867,29.57486070121984,28.737492142256187,18.0,36.23709909659467,25.19280721474546,29.89757775586429,24.05357098363038,24.180843667480076,24.054480845877606 
 06/17  08:05:00,54.13973929675605,29.23178091377607,30.067909688569404,28.92288688200331,18.0,36.47821503145154,25.20548905323686,29.858465145548053,24.213617937584786,24.402947436399927,24.21433619670978 
 06/17  08:10:00,53.67111201901487,29.353788372131866,30.559817116088336,29.09977796613862,18.0,36.66048703533029,25.465176554223497,29.799174920395103,24.34326517467963,24.600058604906224,24.34366127619944 
 06/17  08:15:00,53.17120507778103,29.481230850892707,31.042368315778294,29.268613059768814,18.0,36.8337817654166,25.58305363872484,29.705273021272262,24.436092360011116,24.763239143321186,24.43631550736228 
 06/17  08:20:00,52.64721420334423,29.610277184595105,31.510175242454867,29.429544790514843,18.0,36.96204712654345,25.688472970391118,29.591098738777873,24.510423291434165,24.909181993828156,24.51046027864379 
 06/17  08:25:00,52.10443090720049,29.73838368223427,31.95972364270778,29.582688522202382,18.0,37.08200427864835,25.74827278632859,29.47039226837967,24.574914117958656,25.04575396447933,24.57480408851643 
 06/17  08:30:00,51.54691390272057,29.86385053801872,32.388745796740736,29.728162121551392,18.0,37.16432355876658,25.799254298292738,29.349463544890625,24.636398054328538,25.178756908490243,24.63616530939737 
 06/17  08:35:00,50.35918345790425,30.059243203328418,32.762349396588135,29.939819792089736,18.0,37.27301493291833,25.84441125848211,28.93693678722468,24.728056983095712,25.29334610943249,24.727794290105635 
 06/17  08:40:00,49.62663081658754,30.258788885325167,33.177366693288576,30.15278740691518,18.0,37.353433428451034,25.880887684400793,28.836488514590087,24.809207794001566,25.43751300090321,24.808974130215688 
 06/17  08:45:00,48.9788292335392,30.460029921244747,33.585761770429826,30.36524439691319,18.0,37.42445904923574,25.920355259746557,28.732714690112346,24.888094410229314,25.575878542068835,24.887918121571204 
 06/17  08:50:00,48.371388135488715,30.65916066973197,33.97798884901913,30.573858915497762,18.0,37.47400919458882,25.95751887221352,28.62949840404326,24.963481354280816,25.706432434039357,24.96340291236197 
 06/17  08:55:00,47.09235196184641,30.8536599542168,34.34980638563086,31.02236075195607,18.0,37.514884482218704,25.992391214147347,28.25376256521122,25.03543851119707,25.828784926046694,25.135166616332754 
 06/17  09:00:00,46.301564824116454,31.041921055987867,34.6989445341494,31.31844798881923,18.0,37.532442428438294,26.025123953204922,28.146649848521974,25.10410804624405,25.942790254557906,25.216840368977955 
 06/17  09:05:00,44.998172558672614,31.213687376766355,34.84648393846411,31.57095331179881,18.0,37.434211419208665,26.056376453942576,27.596272084812654,25.008454169083052,25.810498732925737,25.132021026851874 
 06/17  09:10:00,44.084198858890964,31.273397018343026,34.968460740438125,31.69446479570168,18.0,37.29250223231252,26.05600921411114,27.288723908321515,24.855715627659038,25.689959034718925,24.988247795468737 
 06/17  09:15:00,43.25879213559108,31.28910857551952,35.051475183153606,31.763665688931837,18.0,37.14306145822629,26.07699170294961,26.984678466589912,24.70157659321194,25.564235584998073,24.84382940069463 
 06/17  09:20:00,42.48055250505839,31.275791696250554,35.099715106544615,31.796922271421522,18.0,36.939313018141476,26.09734912920166,26.68161194106341,24.544234259186396,25.430450112049527,24.69628958692772 
 06/17  09:25:00,41.73365333676998,31.2406545035847,35.11690140299409,31.803527232027193,18.0,36.72863774303371,26.116960211194996,26.379516826049894,24.38425499474272,25.289154594212505,24.54617769800302 
 06/17  09:30:00,40.586121445887215,31.34430234144898,35.03453908101181,31.951021694325,18.0,36.47831347546967,26.13580222176459,25.88706678917424,24.29127398207072,25.107772392278434,24.468295240930956 
 06/17  09:35:00,40.34945624780276,31.09699983213532,35.07456888705922,31.73439646870905,18.0,36.35328702085827,26.15236146789759,25.87762681481962,24.010263096708968,24.998083276175862,24.20264692647288 
 06/17  09:40:00,39.93901942701887,30.896979892314654,35.07378906132092,31.562953221880854,18.0,36.22879541823103,26.168333519632903,25.6710185666401,23.82126202252266,24.8573082703831,24.00995400945567 
 06/17  09:45:00,39.5271985024404,30.687098816979965,35.06491360221663,31.379150629504398,18.0,36.10581496708299,26.18210915701362,25.443742749213357,23.621718255882456,24.71664187667318,23.816591536523674 
 06/17  09:50:00,39.11829704547239,30.466656363114378,35.05189559179174,31.182819402323823,18.0,36.00594598917208,26.194991899474935,25.237260619285678,23.407295997376423,24.576444887365653,23.62269813732763 
 06/17  09:55:00,38.70837608415653,30.237761263804092,35.03614835592839,30.97649199960347,18.0,35.90709688999262,26.206941614338458,25.003457761415916,23.215715798837095,24.436570239939783,23.428158984312176 
 06/17  10:00:00,38.29391945834591,30.002158709282046,35.018444487069004,30.762229568849868,18.0,35.821169799406746,26.21809858511301,24.77655129096678,23.00113864258344,24.29693853227252,23.23302213147406 
 06/17  10:05:00,38.121168410903884,29.966823740782353,35.19171275434642,30.71920274399806,18.0,36.02814347702566,26.228477816286713,24.832580550726107,23.069554295694047,24.41037143384432,23.28505710977538 
 06/17  10:10:00,38.015739904092094,29.994980689281082,35.42873470818864,30.731501063872255,18.0,36.298437275397696,26.235831813195873,24.894340499253417,23.149340308634407,24.541868403111494,23.354261236150478 
 06/17  10:15:00,37.941850667405944,30.058605735619075,35.70339647758566,30.775085274553675,18.0,36.57194615486685,26.247491372910627,24.95231575262926,23.231098046446732,24.677123771305787,23.42629076115429 
 06/17  10:20:00,37.882188610760934,30.144831517589616,36.00322316782191,30.838720944610404,18.0,36.93993855111776,26.259050657597722,25.0038266575948,23.312772482983632,24.8132786406955,23.498391054399008 
 06/17  10:25:00,38.003020478735095,30.004487570974753,36.421064538522046,30.666784221014613,18.0,37.31178391616723,26.27045215898695,25.126730340098447,23.28433559793143,24.99593409604131,23.453406663739827 
 06/17  10:30:00,37.97445794597859,30.026552027292688,36.78622175534682,30.659329537830796,18.0,37.743564039916315,26.27883594206178,25.15149447589198,23.359479139811754,25.133086693449627,23.519948945918486 
 06/17  10:35:00,37.62440742079061,29.98646406791645,36.87066352165894,30.587273336676965,18.0,37.783950511096606,26.288852868752404,25.032256557593882,23.380190016645543,25.13553359744202,23.530674116409728 
 06/17  10:40:00,37.173985871595434,29.930356242999082,36.856315632302874,30.498061692164182,18.0,37.785187640400224,26.290957359388475,24.909589438278886,23.413371756460663,25.13094739283497,23.550603185635964 
 06/17  10:45:00,36.670879564261206,29.86440353613925,36.77982059830365,30.398354548470436,18.0,37.78291418064889,26.291476525114515,24.787323379156533,23.430030884193002,25.121530694910348,23.557573737552843 
 06/17  10:50:00,36.13806687586465,29.79082910411269,36.65838438832155,30.29072520447534,18.0,37.67903912606805,26.290829633269283,24.666422071206398,23.460229124461648,25.107640904309903,23.575302783523057 
 06/17  10:55:00,35.58917143291487,29.710837098057443,36.502125539745606,30.176647733773446,18.0,37.571058046176425,26.28895813573793,24.547533884847894,23.474265540106444,25.089291459782658,23.58008179634828 
 06/17  11:00:00,35.03286942136636,29.62514599668666,36.31741560771161,30.057053644586983,18.0,37.39803849060752,26.286229221670563,24.431649643399396,23.50121491765003,25.066773144240756,23.595402488558364 
 06/17  11:05:00,34.35441533680927,29.446728430854822,36.01763026241108,29.86756858076825,18.0,37.01155153425929,26.282538459917884,24.24120757147034,23.451429850182308,24.971291428909012,23.54689708809684 
 06/17  11:10:00,33.64650259058275,29.235480243680374,35.66821784794743,29.652359366391277,18.0,36.547081001643335,26.28252203896023,24.05397175125836,23.395120373907048,24.868373376804016,23.49279154672081 
 06/17  11:15:00,32.931725084704674,29.0051617459738,35.2848423403828,29.421661362216714,18.0,36.085499867598095,26.27701321709578,23.87552167043782,23.337453339684316,24.76196873189207,23.437276503513544 
 06/17  11:20:00,32.22204619868914,28.76266091768358,34.875871441619104,29.180658348423222,18.0,35.53751753490879,26.270984802646467,23.70814944076926,23.280132300565583,24.65375278972317,23.3819334843908 
 06/17  11:25:00,31.66007665828341,28.772855817979078,34.34413000207139,29.199675636242297,18.0,34.99334352757309,26.264162297346424,23.61559536690413,23.344540536033833,24.496182737038055,23.45449387216604 
 06/17  11:30:00,31.047393896495908,28.602912121944122,33.86500479982254,29.036565289528163,18.0,34.401319619467,26.263260748214293,23.483605719679133,23.288390637286,24.386902241693747,23.399398158226973 
 06/17  11:35:00,30.57144913396961,28.34743239060186,34.146424130320256,28.785832661959034,18.0,34.71675609597427,26.25636673444209,23.400827204734924,23.21085782087016,24.65277273661161,23.322258109041115 
 06/17  11:40:00,30.25803913944212,28.311516525057822,34.582464916203726,28.760020954553443,18.0,35.1691404184913,26.256798503936942,23.386617963269146,23.253849652799886,24.87319117345436,23.372639746813206 
 06/17  11:45:00,29.972311943638264,28.342439040858785,35.13015592527201,28.804347063187226,18.0,35.61649330126576,26.264834743389933,23.372435732302108,23.299693640117653,25.09316906121137,23.425374709334164 
 06/17  11:50:00,29.521838896816046,28.246495468871874,35.97102055615276,28.719493025958194,18.0,36.30584752594652,26.274318611009516,23.293949716719453,23.270590653137162,25.41711348630713,23.398493090837007 
 06/17  11:55:00,29.261209426738592,28.283257579643244,36.70834879455399,28.920411068664002,18.0,36.98608512854399,26.282887844934958,23.31649506145294,23.315791575810294,25.62581911384416,23.481773904506042 
 06/17  12:00:00,29.17057950500616,28.36045892638751,37.44086650101569,29.37346018163066,18.0,37.792924058871805,26.295837388048316,23.363156751826523,23.36284884206748,25.835432198024762,23.611954111546368 
 06/17  12:05:00,29.133360730053823,28.44171695422964,38.15615386003395,29.9536897880263,18.0,38.57099089587159,26.310756653239114,23.363473217732007,23.363069050950514,25.990770205570016,23.719060974813885 
 06/17  12:10:00,29.13426100954239,28.531823702880327,38.8630312469021,30.64810854118462,18.0,39.41314035637827,26.309874827919643,23.363992184672668,23.36339479993711,26.14327545613105,23.861856046778428 
 06/17  12:15:00,29.161517415011623,28.628770651780634,39.56055036476582,31.444402776271406,18.0,40.24660299320807,26.324442391315756,23.361116828007994,23.360240536653464,26.293597830544286,24.04273757411272 
 06/17  12:20:00,29.019999091450188,28.543125609423186,40.22136150524482,32.199678512996165,18.0,41.106735195587206,26.340023299322233,23.27646355655702,23.275314070754916,26.426781444767812,24.19636378977293 
 06/17  12:25:00,29.019660294479742,28.5887621042226,40.88747837302472,33.14393366952118,18.0,41.95707133606812,26.350103094496397,23.280608503892267,23.279176327412415,26.566124561114975,24.451638122601253 
 06/17  12:30:00,29.057741723143828,28.66559226099324,41.541776707216684,34.19340435881354,18.0,42.814544509314665,26.367689529393317,23.281265637179445,23.279430045763206,26.701287318539016,24.744040029554412 
 06/17  12:35:00,29.06033848139946,28.701357281370175,41.74147315691932,35.06065382665265,18.0,43.01386203138277,26.38636461805877,23.265116087576303,23.26308679229976,26.611478993443825,24.946355868954583 
 06/17  12:40:00,29.059030548984964,28.728830400730427,41.79025019823844,35.87047068745701,18.0,43.10305864563005,26.39921782671653,23.243874474916538,23.241683827401857,26.516201359665104,25.144215421970216 
 06/17  12:45:00,29.058169889762752,28.753260841695962,41.748970279864544,36.64053126419143,18.0,43.19149415162584,26.412250176496762,23.221795517014925,23.21949686908704,26.41825853640364,25.334687356133713 
 06/17  12:50:00,29.05920142114074,28.776750918087643,41.6468057766662,37.37690223686505,18.0,43.09736430746002,26.425211718581476,23.199785581977608,23.197435463151464,26.31790463975028,25.515214548699305 
 06/17  12:55:00,29.225074669074896,28.962824049871788,41.56160842865425,38.16023447498538,18.0,43.004607529016596,26.438115483749513,23.24249732479791,23.24011762223313,26.24319056179411,25.719844955434496 
 06/17  13:00:00,29.27984871678758,29.035861400502156,41.41091144929404,38.86015761439863,18.0,42.8100293716214,26.457286292981657,23.226532841191784,23.224179901379614,26.143758306350207,25.876864753358404 
 06/17  13:05:00,29.424728993835092,29.19605083836084,41.35835197731643,39.645810336376236,18.0,42.90381936407066,26.470771295884955,23.331062699411405,23.32882481294422,26.182889512831196,26.169311966769442 
 06/17  13:10:00,29.597919443636258,29.382879367938724,41.32379709861076,40.44361875225235,18.0,42.986027294356155,26.50683574380304,23.44599836169988,23.443896043106406,26.21382688103472,26.447834952378855 
 06/17  13:15:00,29.788462007088246,29.585769631539694,41.294365998405034,41.2400819043331,18.0,43.067631201624906,26.52534202090066,23.56042444552463,23.558485540138008,26.25902555290486,26.712261393215158 
 06/17  13:20:00,29.991530284890214,29.800129332004904,41.26485992888265,42.02880212637946,18.0,43.19315015971783,26.543587272286466,23.675693301134515,23.67395371760273,26.295110888895636,26.95838968721489 
 06/17  13:25:00,30.204278875341725,30.023279127897805,41.232612524916476,42.80582031738621,18.0,43.31821877493515,26.561408313097658,23.791337966589538,23.78982127125073,26.328199292104955,27.200120235150564 
 06/17  13:30:00,30.42488776469792,30.253523069281673,41.19622505078665,43.56846702859012,18.0,43.46647290369503,26.57894297113595,23.907300837592402,23.90602246740275,26.359171163771464,27.432206282625714 
 06/17  13:35:00,30.573106766022534,30.410680755442577,41.16718910191421,44.37593493485747,18.0,43.679646477507085,26.596234496736272,23.98733974995747,23.98632846906014,26.38816557136255,27.693475516193644 
 06/17  13:40:00,30.697541854849238,30.54342344107997,41.13164439297079,45.19709129824661,18.0,43.91456640823755,26.60979325162107,24.065320201862278,24.064624811267322,26.430336822556797,27.950676611093513 
 06/17  13:45:00,30.807648123188933,30.661281639643498,41.08580599154834,46.02632754236377,18.0,44.14630477488596,26.622948376369763,24.14205860998254,24.141705303851325,26.459518051627413,28.204432087458883 
 06/17  13:50:00,30.907555378613285,30.768444508335403,41.02748125379878,46.86088255336767,18.0,44.400720542413204,26.635544100931597,24.217541144336508,24.217550431567133,26.482009664051077,28.45491276659368 
 06/17  13:55:00,30.999528711891266,30.867226097265817,40.95515159017542,47.69895169690497,18.0,44.651805243938,26.647597308908377,24.291704178075292,24.292089447335798,26.49846984853258,28.702398433007602 
 06/17  14:00:00,31.084864861135674,30.95896436707231,40.867675870763385,48.53922417733436,18.0,44.912857690709195,26.659179235973163,24.364515620918837,24.36528317342095,26.50888395288939,28.947257182136184 
 06/17  14:05:00,31.032591749531107,30.91355323840094,40.61895358336103,49.20385698641891,18.0,44.822800430672395,26.670290197391427,24.29442980265344,24.29556497796665,26.36665491976146,29.025613472255657 
 06/17  14:10:00,30.9295898663947,30.81723794248495,40.30727130655584,49.80937537804513,18.0,44.6723477983503,26.669473434271477,24.21741585931835,24.218926448817456,26.214449592099868,29.09519969829489 
 06/17  14:15:00,30.795240191895424,30.689299192779913,39.952376467564214,50.377279578699294,18.0,44.51890470304983,26.67567729922823,24.13970938257313,24.141571259875604,26.057491071401046,29.161608361660456 
 06/17  14:20:00,30.639077053297896,30.539238164156888,39.563717082572964,50.91765371528685,18.0,44.257716206017925,26.681904373017524,24.06100906000472,24.06318678258583,25.89546047135758,29.22495539639317 
 06/17  14:25:00,30.466890127439143,30.372835717689856,39.14687340108203,51.436298991672516,18.0,43.9951528298956,26.687811240815435,23.981480990254113,23.983934320553317,25.72862538779043,29.285753142584326 
 06/17  14:30:00,30.282412920995526,30.193828678788766,38.70533338916101,51.936706068740335,18.0,43.6666256515749,26.693348057759433,23.90116228861558,23.903845298630245,25.557176667984663,29.34432746965598 
 06/17  14:35:00,30.12112908965916,30.037716032464978,38.141449584095,51.99830317849972,18.0,43.04835710921112,26.698486430090547,23.834944763479825,23.83755344863971,25.341706770268274,29.201646729951676 
 06/17  14:40:00,29.96607900379747,29.88755319733971,37.540531580642885,51.900270580223285,18.0,42.350158434496144,26.70182887636389,23.76861459317888,23.771073201966033,25.13189755884082,29.050740692728596 
 06/17  14:45:00,29.814772673405074,29.740861471131556,36.923357976683945,51.69329468869614,18.0,41.66477573095807,26.704116881390362,23.70285307210702,23.705109324718023,24.92920985923479,28.891991091488308 
 06/17  14:50:00,29.66639106317566,29.59683467437774,36.30117151865025,51.40172522589822,18.0,40.887872006829326,26.705769675331876,23.637681595789104,23.63969127688881,24.734227200709597,28.725740062634713 
 06/17  14:55:00,29.520583016444743,29.455134887760767,35.68134636405489,51.040070978509966,18.0,40.12504657033524,26.70680979283934,23.57307333414917,23.574800773614356,24.547376381086735,28.552039137357553 
 06/17  15:00:00,29.37719960769865,29.31562629862871,35.069080604768295,50.61758075328764,18.0,39.32337038049883,26.7073210114396,23.509053487606025,23.51047321999357,24.36908111594687,28.370922636592695 
 06/17  15:05:00,29.283477312804756,29.225407526945478,34.40949613427975,49.58540356473752,18.0,38.62611099515515,26.70729606275906,23.461072299249736,23.462161505662834,24.166929822692623,27.915766922674038 
 06/17  15:10:00,29.17392454459835,29.119118370366053,33.82794999076871,48.93019609614681,18.0,37.929365645383825,26.70016109655411,23.39775533867339,23.398506155373184,24.012008872574143,27.740371936856548 
 06/17  15:15:00,29.063878196920793,29.012129437004656,33.278111151049096,48.31380734142803,18.0,37.240590285699405,26.698099733177074,23.335956192254457,23.336390071605138,23.86751635240961,27.552532075998727 
 06/17  15:20:00,28.95484061117017,28.905966437904336,32.75380640518063,47.69666563157741,18.0,36.57702014121325,26.695850061041288,23.274461714729,23.27459058024681,23.73183463743885,27.357611794436252 
 06/17  15:25:00,28.847139179338303,28.800973545406077,32.25322672038941,47.064844224258565,18.0,35.92186462249622,26.69332192938225,23.213302254276982,23.21315031489911,23.604869189375904,27.15611845216165 
 06/17  15:30:00,28.740885936352665,28.697275863517685,31.77582274425453,46.411648946298996,18.0,35.28927723788378,26.690518734686353,23.15249148531302,23.15209258361,23.48640682665149,26.948323354662648 
 06/17  15:35:00,28.486318121697582,28.445109110748366,31.112326157712957,44.78342740206068,18.0,34.422602201630205,26.68737195080012,23.02245045485779,23.02189072116056,23.273200731144016,26.284475815739256 
 06/17  15:40:00,28.1438177996097,28.104857015519922,30.421880660180044,43.465474505232365,18.0,33.53142200558784,26.66657555142485,22.87073376077325,22.87008229315194,23.07380033802383,25.915982879428725 
 06/17  15:45:00,27.75615586581311,27.719304218725743,29.719277192442053,42.136620615260725,18.0,32.64698704036485,26.648887437053787,22.718067660758777,22.717387849358033,22.882721535589326,25.53514966772815 
 06/17  15:50:00,27.337478948121394,27.30260995521838,29.01582498895143,40.7693919054519,18.0,31.7106574557409,26.629412614199172,22.563405684184488,22.562744240737175,22.6980043816622,25.14385542255809 
 06/17  15:55:00,26.895448686026505,26.862445877348268,28.318920017731266,39.35735620847936,18.0,30.781571222471577,26.608126258365743,22.406663802986827,22.406069612707427,22.518802912451065,24.742235757741128 
 06/17  16:00:00,26.43468437438525,26.43404132219786,27.665103574418403,37.89821270170954,18.0,29.830648427277584,26.585372034550623,22.247914669813895,22.253327878747427,22.349665956921626,24.33071643960102 
 06/17  16:05:00,25.92180826295086,25.980626531341272,27.026602264787805,36.34086202643219,18.0,28.822724227387827,26.56132613495851,22.059791979409056,22.076673254854313,22.162930346395967,23.87839355341214 
 06/17  16:10:00,25.385657671067104,25.498815552672195,26.39403845771072,34.72604308208356,18.0,27.80939458388792,26.544029642144263,21.86597905361816,21.893160378379662,21.970697105191334,23.417259845053593 
 06/17  16:15:00,24.812621672127694,24.939005303965384,25.741248585279287,32.52187237982542,18.0,26.815742101446123,26.518114586604266,21.650968538602115,21.673870163904212,21.763496583695883,22.68954049733952 
 06/17  16:20:00,24.24080066031873,24.37150698398403,25.100802918417404,30.667956989427715,18.0,25.826618790658884,26.483644022264627,21.45587243490229,21.4799132141884,21.562632033735326,22.229703660054952 
 06/17  16:25:00,23.66335340796367,23.777594255593602,24.461551575000644,28.87038874314846,18.0,24.857401540305414,26.45337421965759,21.24759536045042,21.268215214075212,21.36102336655489,21.76781391355223 
 06/17  16:30:00,23.07131941273835,23.126143430215453,23.811307223275676,26.8626287073512,18.0,23.912501767240148,26.421794533654424,21.037249860485645,21.039611424202235,21.150846396504107,21.189324860884653 
 06/17  16:35:00,22.781519587194648,22.91527818127237,23.4794401473475,26.82294314850856,18.0,23.65074731767941,26.385586406099293,20.978617284774487,21.021115723536923,21.097898213824863,21.59417327301992 
 06/17  16:40:00,22.605276861295085,22.909744122374676,23.273026889267786,27.67363435121136,18.0,23.51229062524446,26.380897817033,20.94221007105773,21.022939378362253,21.071164176206594,22.10572362403167 
 06/17  16:45:00,22.465477087677776,22.9593478506653,23.11138675838496,28.557861629378063,18.0,23.360753244347833,26.383047604044062,20.871914799451872,21.00959080196577,21.01529045278835,22.403019303552014 
 06/17  16:50:00,22.3481142496279,23.143119155317677,22.978762713808905,30.112450928803543,18.0,23.378984243282375,26.383001529233916,20.804788322763557,21.037146406073703,20.960833808280654,22.938322093600334 
 06/17  16:55:00,22.25429265231295,23.347997749132553,22.875469898740743,31.44550460771356,18.0,23.38249150725757,26.39176595134742,20.741796927461564,21.05070228990087,20.911525521238104,23.233042745204443 
 06/17  17:00:00,22.17245027157634,23.595527207700847,22.788811856463518,32.7858512856372,18.0,23.45969055762372,26.396927724447224,20.676009158147338,21.073292458643095,20.859611794074794,23.524428301800185 
 06/17  17:05:00,22.119885306076426,23.92252971618572,22.72119140155843,34.208974015244145,18.0,23.541772129194463,26.403988329825516,20.607334539524516,21.11275445924082,20.786471908121996,23.820665754655465 
 06/17  17:10:00,22.120342639053664,24.488749391544108,22.706947744493963,36.430493058923,18.0,23.657421153526325,26.367481735691598,20.576022913035956,21.256251068240715,20.752806297094367,24.46919328669162 
 06/17  17:15:00,22.10113949192402,25.003172843523355,22.67177689471809,38.18610575791712,18.0,23.761310615542104,26.38189942395471,20.517104364168915,21.351297650066613,20.690794059959387,24.785447367252686 
 06/17  17:20:00,22.079335413337724,25.54950073192368,22.633564774408793,39.865927292307205,18.0,23.87627515527712,26.387993761857622,20.46160412983778,21.45739345529853,20.631925907188588,25.103163155379036 
 06/17  17:25:00,22.055688414920994,26.138695990884067,22.5933074178855,41.51645090541988,18.0,23.979024799011356,26.39671828778236,20.40683626434452,21.578678785076022,20.57405017625564,25.421825068487067 
 06/17  17:30:00,22.029650808548567,26.774387019997086,22.55054174429785,43.15127974125445,18.0,24.07630081986447,26.406600013384956,20.35168829426425,21.714710950538688,20.51599074965941,25.740670651804862 
 06/17  17:35:00,21.88541965732574,26.975327139524804,22.384491763287272,43.28480865150948,18.0,23.80325848008929,26.417818883263976,20.238894844901495,21.640316411742106,20.39229667036352,25.392857233674476 
 06/17  17:40:00,21.700779908717156,27.024983058582976,22.175251659244413,42.946269762912344,18.0,23.467702610957673,26.410147069898347,20.118810711698984,21.545217006952953,20.2616086418883,25.041893815476783 
 06/17  17:45:00,21.492652711623595,26.978467408312007,21.940830747934243,42.333494926437595,18.0,23.138639635544422,26.400139869450054,19.997980589243355,21.43787948224758,20.130460992118174,24.68534843308953 
 06/17  17:50:00,21.26888827302857,26.859785442259255,21.689841523837163,41.5391003387726,18.0,22.714545189440102,26.388166838376684,19.876314565976372,21.31836035993217,19.99864698008207,24.3233071043511 
 06/17  17:55:00,21.035853690062275,26.68706593589141,21.429282429961006,40.628114920757326,18.0,22.295910093816303,26.374215129270997,19.754471355705334,21.188657973384124,19.86686067608764,23.961076818958873 
 06/17  18:00:00,20.79350445754497,26.460511954071563,21.159443642031505,39.61604581080884,18.0,21.830058665850977,26.359047809538666,19.6309537639184,21.044719299232554,19.73348703652971,23.588883927045686 
 06/17  18:05:00,20.48499034048366,25.872212741103596,20.828106832596603,37.784878748513115,18.0,21.37058470153655,26.342146454697673,19.423509077997608,20.681450289297004,19.518898787975672,22.81316181309853 
 06/17  18:10:00,20.19933222441441,25.404419632023746,20.5222326393268,36.35631180809717,18.0,20.894540115412493,26.187265486946185,19.260873209518195,20.460061682317075,19.353202638012363,22.389972471303622 
 06/17  18:15:00,19.916297519456823,24.92699071550436,20.22041801726422,34.969524088968704,18.0,20.42958552508827,26.146300179852688,19.120514048227847,20.255047765443805,19.211039986205094,21.982113217631763 
 06/17  18:20:00,19.63422976193344,24.424633442461115,19.920551732829555,33.58687731656145,18.0,19.965754930546318,26.1058497828487,18.979316944477205,20.03245606175517,19.0676815187245,21.57173562871469 
 06/17  18:25:00,19.353059040640595,23.892878321548142,19.622307251379922,32.198237625694546,18.0,19.51308926015053,26.06763657282494,18.83836724387163,19.80343947989502,18.92449474727823,21.15979307134438 
 06/17  18:30:00,19.072931648990185,23.329629460343895,19.325670177319466,30.799853795008257,18.0,19.072860539019533,26.030489664029762,18.697345030945144,19.567300453356665,18.781176481155455,20.745788580079648 
 06/17  18:35:00,18.807726201791493,22.901392117904873,19.044902114163932,29.75104505448057,18.0,18.68446757126231,25.994236638960512,18.567307015028177,19.409269544547158,18.650399007571252,20.50930149942269 
 06/17  18:40:00,18.547877804213545,22.51008399721719,18.770189768239103,28.818671265249957,18.0,18.316591069937992,25.962669391125246,18.438430051439752,19.251272800655215,18.520681016550725,20.26853823512556 
 06/17  18:45:00,18.291212962478717,22.136796825537953,18.499217646822864,27.957541081918365,18.0,17.953507443248267,25.929516221192895,18.30934355097986,19.091680941102027,18.390655067589137,20.028568918865176 
 06/17  18:50:00,18.036717581247125,21.77471746540682,18.230867027014824,27.149727161672764,18.0,17.615755860725468,25.89598325485406,18.1805812144309,18.93180502079713,18.260870759783415,19.791676301324628 
 06/17  18:55:00,17.766148786301645,21.11235619024972,17.94617688824174,25.797368706420034,18.0,17.282800373674384,25.862354954420972,18.04333303362722,18.620127507776544,18.12185612916005,19.277808305498525 
 06/17  19:00:00,17.509624150220716,20.557202010623552,17.676074426681346,24.693266839056538,18.0,16.969610077194623,25.817531832693913,17.914412213362084,18.419097942215217,17.99062941995419,18.97051117282672 
 06/17  19:05:00,17.295400154866925,20.04463512496369,17.448555119917085,23.674769624581415,18.0,16.720016131813242,25.778531221336344,17.84891573425898,18.27023458743315,17.921433917887725,18.73086338247299 
 06/17  19:10:00,17.097858618991307,19.535957132099085,17.238480274743672,22.69151138660921,18.0,16.49826076416904,25.732135049095113,17.7824287011058,18.12219373626567,17.85384368022494,18.498673387539554 
 06/17  19:15:00,16.911113217245486,19.019145983405433,17.03994388129275,21.72687557569454,18.0,16.28141095927909,25.688241043443245,17.711150398547716,17.97069995190168,17.78403840766964,18.268415433908785 
 06/17  19:20:00,16.732594437438983,18.48532011877921,16.850318727286968,20.7682750176792,18.0,16.097804309536084,25.643928384788442,17.634388238738097,17.813240908169178,17.710698455797342,18.036567680938333 
 06/17  19:25:00,16.44774433715925,17.572741737553297,16.55083333364187,19.298240468179465,18.0,15.797531365102465,25.59900026194825,17.476572918939326,17.47472196592014,17.556984411524468,17.552236473252833 
 06/17  19:30:00,16.291061534746976,17.1358739026256,16.383051221717203,18.56217650325131,18.0,15.675189140359393,25.540928856724136,17.432177469031387,17.43327060679286,17.516841205611172,17.514393805752093 
 06/17  19:35:00,16.17291671981932,16.837055374224896,16.25627813405811,18.050661387243053,18.0,15.553553971542424,25.50030532080692,17.395015138306803,17.39623096296816,17.48327294510318,17.480759409590462 
 06/17  19:40:00,16.076293006101853,16.613615395235932,16.152984171907743,17.666384617797156,18.0,15.476164949927952,25.460832875696333,17.35837280918372,17.35958353565877,17.45012593242984,17.4475658262229 
 06/17  19:45:00,15.993738130468701,16.438532773121356,16.065352685629883,17.365898567357892,18.0,15.398851386921757,25.42301568755564,17.322201016538088,17.323394869268725,17.417459247218062,17.414863099979982 
 06/17  19:50:00,15.92088084000802,16.296171862166865,15.98872059411483,17.12346635258503,18.0,15.346201657706022,25.386405889545607,17.286332006113525,17.2875120536832,17.38510364710538,17.38248104325106 
 06/17  19:55:00,15.854939122085469,16.176712721220323,15.920071600209631,16.92259399957803,18.0,15.293574987705405,25.35091237329755,17.250757176160334,17.251928715368877,17.35305345983585,17.350412202316022 
 06/17  20:00:00,15.794068738662357,16.07372943325233,15.857374735284125,16.752276247354768,18.0,15.25572734290743,25.31626575998113,17.215378961402166,17.216546587991388,17.321204362875335,17.318551674423304 
 06/17  20:05:00,15.731765290581688,15.97931592247876,15.790197725570733,16.599447232587337,18.0,15.175218469443783,25.28243054919735,17.16333414417909,17.164511688680932,17.25983363727164,17.257158975702396 
 06/17  20:10:00,15.66964753555326,15.891573451467407,15.722585438058648,16.461078713176047,18.0,15.09430480781892,25.18624467919715,17.11713823005482,17.11830285892279,17.204438528748938,17.201769176787025 
 06/17  20:15:00,15.60755521826504,15.808569975608856,15.654923792927393,16.33383563912772,18.0,15.011540280530854,25.128090865324538,17.079061801249964,17.08025722152263,17.157844565280243,17.155144856348784 
 06/17  20:20:00,15.545223937385673,15.728860275449998,15.587196925721345,16.21516680244591,18.0,14.919485364217254,25.07264870130188,17.041301061073,17.042522028456517,17.111811188456954,17.109095080194948 
 06/17  20:25:00,15.482403991212074,15.65136769273848,15.519326209400207,16.103146203533033,18.0,14.825246354302497,25.020624612045662,17.00390580415069,17.005156042633644,17.066466796978773,17.063737012078775 
 06/17  20:30:00,15.418812143228315,15.575275760535344,15.451147629503078,15.996298422659745,18.0,14.723569470322367,24.97119998971062,16.966552900878128,16.967835114116383,17.021477276812675,17.018736719042806 
 06/17  20:35:00,15.354287495981815,15.499997926759807,15.382543306106674,15.893472627377374,18.0,14.619420356361331,24.923981608142178,16.92907836158207,16.930395316744352,16.97667905154077,16.97392969552709 
 06/17  20:40:00,15.288658943239266,15.424894197375732,15.313409402160229,15.79375430623897,18.0,14.508058682751074,24.878454217252063,16.891244784686478,16.892598417119075,16.93183348074615,16.929077392114664 
 06/17  20:45:00,15.221767669944784,15.349635174479541,15.243630315710408,15.696403293526009,18.0,14.393911377186472,24.834472520367402,16.85299583349581,16.854388443354935,16.886893055070004,16.88413122048439 
 06/17  20:50:00,15.153464796440465,15.27388391975143,15.17309180949487,15.60081118946996,18.0,14.272072535772638,24.791673017965426,16.814149806201726,16.81558289514851,16.84168135961096,16.838914960081524 
 06/17  20:55:00,15.083608924141744,15.197350761051391,15.10168192677914,15.506487720960038,18.0,14.14709186497472,24.750019235339995,16.774690335451453,16.776165846864615,16.796194689540187,16.793423890496683 
 06/17  21:00:00,15.01206414259953,15.119781415617858,15.02929064965257,15.413006792837242,18.0,14.013493279742534,24.70924689329299,16.734468223612453,16.73598740784331,16.750293649529,16.747518827965678 
 06/17  21:05:00,14.973664545883418,15.075001447479927,14.98900979402477,15.351041089275132,18.0,13.959861982027064,24.6693659449515,16.72598558992405,16.727529637797147,16.742511381902602,16.739763068000343 
 06/17  21:10:00,14.948311730058624,15.04349382580418,14.961567246713022,15.302743870467834,18.0,13.918220100178583,24.626985074865477,16.76609710710528,16.767641306946985,16.78444230762875,16.781750480286973 
 06/17  21:15:00,14.931181215805424,15.020529632483123,14.942292292151457,15.263665731602476,18.0,13.87682864733033,24.69580019471922,16.819574187859757,16.821167379888493,16.839950688767317,16.837251692455823 
 06/17  21:20:00,14.919830075594787,15.003689556787634,14.928805055016412,15.231475473824641,18.0,13.8594635732273,24.75773831976818,16.861540406375298,16.86313739637535,16.883818681071602,16.88115141065782 
 06/17  21:25:00,14.912714266662345,14.991428951874655,14.919595005052097,15.204652475233619,18.0,13.84224429700912,24.80857135495787,16.89620227111294,16.897800056815186,16.920355663616533,16.91771750540579 
 06/17  21:30:00,14.90879424604255,14.982696440856012,14.913641263986454,15.182138317792514,18.0,13.839799446819836,24.849607463231013,16.870567625214733,16.872167006572113,16.89561438771534,16.89298458673403 
 06/17  21:35:00,14.90734748578495,14.976752422154396,14.910231637767028,15.163170426074759,18.0,13.837398186937563,24.78229069849548,16.834943518765897,16.83651531499072,16.86067822544902,16.85812983731762 
 06/17  21:40:00,14.907860659147723,14.973064434306469,14.90885831300967,15.147185553312047,18.0,13.844540684111761,24.70588049723185,16.80908277169908,16.810657474358493,16.835671927264343,16.83317053459109 
 06/17  21:45:00,14.90996224650032,14.971241463101986,14.909152458894408,15.13375855958309,18.0,13.851661117250856,24.635077815770035,16.790070874929143,16.791653135538468,16.817594983305753,16.81513331569397 
 06/17  21:50:00,14.913377704928484,14.97098994837666,14.910840534256648,15.12256078094988,18.0,13.865077662867076,24.571991744394964,16.776323459427886,16.77791872568457,16.804856984314483,16.80242698710174 
 06/17  21:55:00,14.917898494543946,14.972083169481976,14.913713952151282,15.11333058977601,18.0,13.87842916520809,24.514170350181107,16.76569492600288,16.767301791056468,16.795274075824864,16.792874648279906 
 06/17  22:00:00,14.923360705879427,14.97434001733958,14.917608068622856,15.105852760193981,18.0,13.895994357915592,24.461351131165078,16.757559043320157,16.75917827173754,16.78822051998543,16.783201343590918 
 06/17  22:05:00,14.932972028381979,14.980775710197623,14.924933193041944,15.102062939821879,18.0,13.925286649715895,24.412318947724145,16.724108373314493,16.72572873236993,16.757637449862727,16.754751901742566 
 06/17  22:10:00,14.944466652054379,14.989240971508677,14.933957938971071,15.100501829212911,18.0,13.959336928713103,24.31159113526437,16.69510170072499,16.696700156566294,16.731629321910532,16.72926074902881 
 06/17  22:15:00,14.957197145129282,14.999107557003894,14.944172271072949,15.100697131887317,18.0,13.992763056881035,24.237214036517376,16.675300339905675,16.67690858886027,16.715011380112855,16.71273899467394 
 06/17  22:20:00,14.970790865846412,15.010005903199216,14.955275110016753,15.102346971098749,18.0,14.030980139505964,24.168770617844086,16.658521346697285,16.660133022163336,16.701374967634763,16.699141510482548 
 06/17  22:25:00,14.98498976267377,15.021675010342252,14.967053190933182,15.105223095448071,18.0,14.068516829568093,24.105958763673335,16.644157050448086,16.645771313454816,16.69013661414948,16.687930802672554 
 06/17  22:30:00,14.999604595386579,15.03391966692141,14.979346371017307,15.109143435265384,18.0,14.10833658656773,24.046960159058017,16.666698640164782,16.66830373474636,16.71734258911431,16.715178471007675 
 06/17  22:35:00,15.014492142807978,15.046589143796691,14.992030377437933,15.113958430259713,18.0,14.147458751574769,24.093093135778172,16.698533548526484,16.700170482470412,16.75438789141066,16.752213010337243 
 06/17  22:40:00,15.02954193943487,15.05956477343925,15.005006844091039,15.119543089185946,18.0,14.187406433670226,24.12726834294412,16.720601469548512,16.722230606711776,16.78126098894319,16.779113377089175 
 06/17  22:45:00,15.04466836884983,15.072752541819357,15.01819752701829,15.125792398348889,18.0,14.226667099659238,24.153594573090743,16.737372839452632,16.73899388769871,16.80272489431627,16.80060203542888 
 06/17  22:50:00,15.059806122211524,15.08607884911927,15.031541216737608,15.132618956761021,18.0,14.265880700783384,24.172356615854046,16.749831354428125,16.751443142157655,16.819738424414027,16.817642691946048 
 06/17  22:55:00,15.07490737084272,15.099487864096783,15.044991957237873,15.139951629020073,18.0,14.304432901364741,24.186443000847355,16.75996712729284,16.76156954080875,16.833453206594584,16.83138005274327 
 06/17  23:00:00,15.089939279500083,15.112939138246686,15.058517322152564,15.147734057141632,18.0,14.342425237237707,24.19623312433837,16.76746728206058,16.76905704470903,16.845388827785143,16.843337259788882 
 06/17  23:05:00,15.084201700317282,15.105868995877348,15.053626413347793,15.137804969176507,18.0,14.349996686409682,24.20276311643689,16.75666921153436,16.758261154107345,16.83562314941406,16.833584166448304 
 06/17  23:10:00,15.071090659518058,15.091557371400302,15.041969723940753,15.12152982232131,18.0,14.352001012736645,24.196946347338134,16.74253573236126,16.74413166163862,16.822385757592656,16.820360202566064 
 06/17  23:15:00,15.053729456596672,15.073095558039068,15.026323908439327,15.101602030959238,18.0,14.354228271985727,24.19603274557871,16.727148612621704,16.72875523210314,16.80777341367667,16.80575575551842 
 06/17  23:20:00,15.033637486385198,15.051985263229422,15.008066507705575,15.079350615273679,18.0,14.3481313755329,24.19186331891621,16.710720206094948,16.712335602018015,16.791968472333167,16.789960217631233 
 06/17  23:25:00,15.01173581975871,15.029135665730841,14.988047031667833,15.055590968514094,18.0,14.342214576089704,24.1856353019313,16.693664863188474,16.695288298450805,16.7754329941921,16.77343421300202 
 06/17  23:30:00,14.98862030525458,15.005133990313503,14.966823604084356,15.0308554214859,18.0,14.33189737617357,24.178374211004847,16.676325280915023,16.677956960468805,16.758536956938997,16.75654671204302 
 06/17  23:35:00,14.96469023853153,14.980372935092399,14.944775395420388,15.005502619854814,18.0,14.321753327910633,24.169923138662206,16.65872969768543,16.660369251676684,16.741302215424867,16.739320228803933 
 06/17  23:40:00,14.9402202880746,14.955121896843835,14.922166297241766,14.979779438356061,18.0,14.309220679372869,24.160490448987872,16.640972511902874,16.64261984267381,16.723831411019773,16.72185709576604 
 06/17  23:45:00,14.915403419078917,14.9295694801085,14.899183477932755,14.953858480514512,18.0,14.296857615503878,24.15014402472276,16.623083182910364,16.624738029088235,16.706154114387346,16.70418708604933 
 06/17  23:50:00,14.890377586548547,14.903849935248532,14.875961719572274,14.927861764663547,18.0,14.283245216821134,24.139032640887724,16.60512401006764,16.60678629475842,16.688337409636574,16.686377099583524 
 06/17  23:55:00,14.865242873016676,14.878060132530267,14.852599274965563,14.901876165050457,18.0,14.269801362498777,24.12720476205703,16.587111683052967,16.588781197407684,16.670397549650033,16.668443562562402 
 06/17  24:00:00,14.840072782639458,14.852270745654993,14.829168467182587,14.87596373131505,18.0,14.255781183771779,24.114770849945813,16.569090028969583,16.57076670108063,16.652381586646356,16.650433400675183 
 06/18  00:05:00,14.826586900282003,14.838179036393365,14.816186375435507,14.860580185491797,18.0,14.2501860425924,24.101768805892505,16.56307154953936,16.56475195254791,16.646632612744384,16.64469200075473 
 06/18  00:10:00,14.81742871835967,14.828440786646684,14.807189802807551,14.849292295946396,18.0,14.245839054366469,24.086769107978167,16.55948071806199,16.56116002953479,16.64305018603102,16.64112155143937 
 06/18  00:15:00,14.810870213041873,14.821329405470065,14.800635470719604,14.840558115784297,18.0,14.241495681261165,24.071868053563207,16.556872232525734,16.558550837010102,16.640388810091963,16.638470811630782 
 06/18  00:20:00,14.806066722022559,14.816000075046968,14.795757576581195,14.833609226870346,18.0,14.23941812084137,24.056772622597375,16.55464462097018,16.556322639446762,16.638082663570685,16.636174619764176 
 06/18  00:25:00,14.80250318439499,14.811937032894436,14.792082534067035,14.827968138268421,18.0,14.237347512760095,24.0415089681847,16.552572809227115,16.55425021699932,16.635921533279657,16.634022997020793 
 06/18  00:30:00,14.799844090656388,14.808803813308426,14.789297620259267,14.823317677318244,18.0,14.236584974636832,24.026113826276244,16.55057164108962,16.552248396515665,16.633826819320007,16.631937393766975 
 06/18  00:35:00,14.797862641107328,14.806372543118563,14.78718864144863,14.819439006950349,18.0,14.23582649580375,24.010606000460303,16.54860119570884,16.550277224947706,16.63176084838682,16.62988019547572 
 06/18  00:40:00,14.796401008980734,14.804484279090252,14.785604655098048,14.816176535796268,18.0,14.235887550314205,23.995013729524597,16.54664582909004,16.548321088769,16.629709226160344,16.627836994188783 
 06/18  00:45:00,14.795346584325845,14.80302529338136,14.784436666621708,14.813416717667648,18.0,14.235951165463803,23.979340312604112,16.544694627368926,16.546369043574543,16.627661163846028,16.625797053055805 
 06/18  00:50:00,14.794617208172582,14.80191233105222,14.783604250553251,14.811074727667593,18.0,14.236557132774609,23.963593978279285,16.542741980456753,16.5444154692035,16.625611156324453,16.623754894287345 
 06/18  00:55:00,14.794151715076664,14.801083165464405,14.783046892389654,14.809085831581475,18.0,14.237164798650523,23.94779485211287,16.540790474188384,16.542462985017266,16.62356232078554,16.62171361492574 
 06/18  01:00:00,14.793903721150977,14.800490393026276,14.782718243359183,14.807399652338336,18.0,14.23815036029903,23.931942910336645,16.538835144856534,16.54050659234042,16.621509246299752,16.619667858562195 
 06/18  01:05:00,14.75380769612689,14.760111869429338,14.74438475508242,14.76788770767201,18.0,14.185598763100021,23.916057581395016,16.48831417853512,16.490001467842717,16.56580196334579,16.563955195150754 
 06/18  01:10:00,14.699454533944923,14.705507054307551,14.691896437353043,14.714322524508473,18.0,14.12364458290327,23.899490933922195,16.434360875338882,16.436076663862877,16.506411160279868,16.504545332568114 
 06/18  01:15:00,14.636777271007974,14.642578595161003,14.630926919009717,14.652309418316669,18.0,14.062284941344156,23.88257109457981,16.38049051918688,16.382233649426098,16.446811507623806,16.444928233906694 
 06/18  01:20:00,14.568556793615118,14.574151892544744,14.564183854622216,14.584632610412818,18.0,13.985623023973218,23.865333592468726,16.327311864156968,16.32908248489423,16.387606726023137,16.385705779869227 
 06/18  01:25:00,14.496583035612671,14.501981916829914,14.493439083171214,14.513007543607179,18.0,13.90922021801708,23.84779853679941,16.274961238132164,16.276759659158756,16.328929867186275,16.327010810566662 
 06/18  01:30:00,14.42195785970832,14.427171919751327,14.419809740531655,14.438545780970266,18.0,13.823953091967192,23.82999771169014,16.22350120601402,16.225327776627978,16.270842611852686,16.268904957332666 
 06/18  01:35:00,14.345422091225432,14.3504619624199,14.344055163024544,14.362003216531416,18.0,13.73877176016882,23.811951371922714,16.172974773378655,16.174829819873366,16.213388620675175,16.211431898635 
 06/18  01:40:00,14.267488425661677,14.272363886567591,14.266707465667285,14.283908782907723,18.0,13.647929843107969,23.793688578645963,16.123427049160227,16.125310918806235,16.156615860467582,16.154639571393602 
 06/18  01:45:00,14.188521203987495,14.193241303089787,14.188148785261552,14.20464184007304,18.0,13.557049324430457,23.775225092406945,16.07489507934963,16.07680808975499,16.10056656586579,16.098570228526285 
 06/18  01:50:00,14.108785850558792,14.113359020890703,14.10865984340238,14.124480685088955,18.0,13.46225628451093,23.756585017532096,16.027419732023077,16.02936221741919,16.045290176392427,16.043273276358093 
 06/18  01:55:00,14.028480370094508,14.03291451881813,14.02845135604165,14.043633892113673,18.0,13.367326404003503,23.73778068922698,15.981034030014712,15.983006292622008,15.99083226099259,15.988794294977652 
 06/18  02:00:00,13.947755933329756,13.952058511024516,13.947684863267662,13.962261088003624,18.0,13.269449225950718,23.71883144300031,15.93577309724094,15.937775445056673,15.937245750124816,15.935186182169787 
 06/18  02:05:00,13.8812669243325,13.885398309567488,13.881304020813243,13.895196182483355,18.0,13.200096481964907,23.699746931727336,15.881665577976719,15.883664515272187,15.886565734642033,15.884508441540675 
 06/18  02:10:00,13.820402650676074,13.824353166565842,13.820557575621029,13.833757245968087,18.0,13.135109219430603,23.680494809045946,15.827240240159313,15.829236954179521,15.83606664548347,15.834013252707678 
 06/18  02:15:00,13.763025705939265,13.76679345966881,13.763290363371386,13.775806824486711,18.0,13.07030135699788,23.661183015372643,15.772808698205267,15.774802632142382,15.785663683868393,15.783613929834246 
 06/18  02:20:00,13.708037891143752,13.71162491451848,13.708402314241727,13.72025344948837,18.0,13.014117665808268,23.641820927297758,15.718421872089493,15.720413016613122,15.735328473674713,15.733282093779621 
 06/18  02:25:00,13.65474080823096,13.658151486478964,13.6551969696825,13.6664055634579,18.0,12.958023582654173,23.62240806042847,15.664082610261858,15.666071013786166,15.685049636748658,15.683006369534723 
 06/18  02:30:00,13.602662982612182,13.605903139268824,13.60320582425305,13.613797421255077,18.0,12.90715815510484,23.602535009731504,15.609697730143694,15.611683141773256,15.63472867867847,15.63268858395071 
 06/18  02:35:00,13.55147635983034,13.554552671471887,13.55210381728498,13.562105365511078,18.0,12.856309213314068,23.583347406349034,15.555521032474473,15.557504304488589,15.584621506113479,15.58258353836635 
 06/18  02:40:00,13.500947715600239,13.503867324620455,13.501660359753645,13.511099323460355,18.0,12.808731688691779,23.563380466367057,15.501219623302632,15.503199950295311,15.534387110031503,15.532351915260506 
 06/18  02:45:00,13.45090839671415,13.453678650749579,13.451708960597129,13.460612733165544,18.0,12.761126891982544,23.544105678025097,15.447126778698532,15.449105129081886,15.484364620698443,15.482331051090227 
 06/18  02:50:00,13.401234717071645,13.403862992302034,13.402127626205756,13.410523140979565,18.0,12.715566735371395,23.524046316895475,15.39290800715969,15.394883581442798,15.434209907757406,15.432178626475434 
 06/18  02:55:00,13.351834884300322,13.354328465641887,13.352825838346806,13.36073931315482,18.0,12.669953280484217,23.504680686742635,15.338893325886318,15.340867075938718,15.384260638484648,15.382230527700926 
 06/18  03:00:00,13.302640079419135,13.305006079988726,13.303735699841733,13.311192473259213,18.0,12.625598536581323,23.484526385324237,15.284752454616864,15.286723583759112,15.334175576380687,15.332147317246609 
 06/18  03:05:00,13.272957863264002,13.275201993062343,13.273702596688036,13.28072486664826,18.0,12.603763381607317,23.46465459489221,15.26672691764901,15.268697155350651,15.319524999165367,15.317496931548988 
 06/18  03:10:00,13.251143664850252,13.253268177243934,13.251406307770976,13.258009286602604,18.0,12.587603434843269,23.44555890132122,15.248665504695055,15.250626232022796,15.305288116674092,15.303268746433275 
 06/18  03:15:00,13.234279047712578,13.236297881769687,13.234002169342295,13.240222313388545,18.0,12.571646223938886,23.42631944191285,15.230978121469889,15.232929243295985,15.291504732703117,15.289493774436664 
 06/18  03:20:00,13.22089567177223,13.222812407421818,13.22004903792877,13.225902390064727,18.0,12.563666274050544,23.407224742947925,15.213652873953038,15.215594632427951,15.278073974683139,15.276070957732372 
 06/18  03:25:00,13.21005278047066,13.211872825932797,13.208623520993624,13.214129569496363,18.0,12.555798245196597,23.388269638528506,15.196637909721403,15.19857043418341,15.264911958039306,15.262916615161771 
 06/18  03:30:00,13.201113594012309,13.202842329384623,13.199098244984635,13.204275966383957,18.0,12.55277451335516,23.369440407792894,15.179899644543411,15.181823010700896,15.251972830347825,15.249984987275582 
 06/18  03:35:00,13.193632737828443,13.195275345419622,13.191033054913964,13.195900621865281,18.0,12.549794072504007,23.350732386055025,15.163421504318649,15.165335792075098,15.23923551735595,15.237255012636865 
 06/18  03:40:00,13.187290776773317,13.186823355487247,13.186205140302665,13.188686069456226,18.0,12.549866546536505,23.332131604896517,15.147188260119776,15.220805318049088,15.151803556389382,15.224709529585425 
 06/18  03:45:00,13.181853738412682,13.1802681882034,13.181250366236686,13.18239891318143,18.0,12.549940713374609,23.313624784208567,15.131185887674746,15.212138684883143,15.134602896871797,15.212333728293459 
 06/18  03:50:00,13.177147073362152,13.174657820032706,13.176813123429707,13.176864398136011,18.0,12.551960676707399,23.295226274920346,15.115421742613762,15.201230945757231,15.117970325519764,15.200136134120157 
 06/18  03:55:00,13.173038399372814,13.169748961357524,13.172877598111699,13.171949514908867,18.0,12.553956934369685,23.276916436501022,15.09987773385376,15.189697145014406,15.102033011867945,15.188097762796815 
 06/18  04:00:00,13.169425789830793,13.165401798239168,13.169381452171283,13.167551501505802,18.0,12.557197644486102,23.25868759340617,15.0845477127192,15.17801225524795,15.086533814483118,15.17621305490286 
 06/18  04:05:00,13.150098975990247,13.1451143035974,13.150135361093247,13.147194400746836,18.0,12.525268112980548,23.24054237093945,15.055195181185013,15.147080606348709,15.057090541034142,15.145161408519868 
 06/18  04:10:00,13.124988450120503,13.118825599150146,13.125082590839382,13.120823750028185,18.0,12.487213516062964,23.222274180559612,15.027113660369992,15.1160284124918,15.02900211346514,15.114082392110163 
 06/18  04:15:00,13.09638170496988,13.093870620094961,13.096518244880674,13.090783683323293,18.0,12.448925374219092,23.204032621719367,14.998924233095067,15.00730254495852,15.000818260479264,15.082777409730852 
 06/18  04:20:00,13.065379270026286,13.064042869520984,13.059883334079938,13.058224472504719,18.0,12.400356452859475,23.18553428932285,14.970448677226727,14.973389634195655,15.047653395510395,15.05120145028792 
 06/18  04:25:00,13.460201620871866,13.365796613951606,13.2135692445633,13.213186838753224,18.0,12.57755450880104,23.16752814540579,15.141869136256787,15.10034801420926,15.112260555811986,15.111243171140757 
 06/18  04:30:00,13.53111206265891,13.42834799488163,13.271998514480611,13.272297141673068,18.0,12.587636324206082,23.16321584601103,15.094085297845936,15.063973347934166,15.099155021635283,15.097631986481076 
 06/18  04:35:00,13.679638227426649,13.537990317378776,13.33843616983821,13.339144524607192,18.0,12.635264140126583,23.147948138999784,15.115931556206021,15.073810369361581,15.094139818297435,15.092696260793105 
 06/18  04:40:00,13.837630861593853,13.650881973469142,13.407106602350355,13.40805877477958,18.0,12.676556325793712,23.13577955132523,15.136054207693405,15.08274994472788,15.090011046670838,15.088576298162366 
 06/18  04:45:00,13.998095799055728,13.762830484250957,13.477569703331339,13.478664099140452,18.0,12.718508234261312,23.124014505031788,15.154512576795355,15.089952694235706,15.085596312552696,15.083907874319493 
 06/18  04:50:00,14.160118188084754,13.873378577521617,13.549745326763771,13.550915139691444,18.0,12.765666578106542,23.112601302012177,15.17219314477569,15.095985892548015,15.080973033081932,15.079140783581806 
 06/18  04:55:00,14.296155746198991,13.968693611294494,13.623514467196879,13.624715330268572,18.0,12.813533504491557,23.1016161531959,15.177495012218401,15.09540335005181,15.076343205512671,15.074406808523918 
 06/18  05:00:00,14.414542685314254,14.054062563419187,13.698748038762348,13.699950284661405,18.0,12.86537563725716,23.090544100901926,15.178523006051932,15.092011091831864,15.071637696367588,15.069599966451847 
 06/18  05:05:00,14.546057566497762,14.15525718538313,13.796572158392326,13.797752235321955,18.0,12.963155643168962,23.079651339439252,15.205742856886559,15.114174248392885,15.098469585018904,15.096330435415666 
 06/18  05:10:00,14.68329494383502,14.262069398825506,13.903237969884401,13.904381662724365,18.0,13.071531416939907,23.078846367879073,15.235850658877553,15.139073700694269,15.1280591260346,15.125840035570036 
 06/18  05:15:00,14.824992275536186,14.372192529341756,14.015228236028257,14.016326980423463,18.0,13.17895509421366,23.071300012610706,15.267095701129506,15.164348516586642,15.157800237373408,15.15551522313973 
 06/18  05:20:00,14.970325030963522,14.48431250043414,14.130698278410145,14.131747440834395,18.0,13.300059202659499,23.06537621777455,15.299277999770084,15.18981831220026,15.187649798185134,15.18530253874684 
 06/18  05:25:00,15.118542106040161,14.597464521966671,14.248465182496636,14.249462876933357,18.0,13.421673495322265,23.059616224771634,15.331879524709507,15.21501869880376,15.217271398908906,15.214870101185852 
 06/18  05:30:00,15.268959355494754,14.710904229585777,14.367725346670854,14.368671521482142,18.0,13.55194864403235,23.054267582217015,15.364802596330037,15.239899537385611,15.246736075571505,15.244290208800805 
 06/18  05:35:00,16.037811278987586,15.118280513121446,14.592715481578317,14.59361094113913,18.0,13.801519382684232,23.04891689030291,15.688982447669673,15.403086757041137,15.327933313192716,15.325171881992276 
 06/18  05:40:00,16.75990019910613,15.505924539071694,14.836195836624626,14.837041875857656,18.0,14.081175954910707,23.05618975779965,15.88584247936069,15.512092231282566,15.40183251346241,15.398782490340636 
 06/18  05:45:00,17.50668539423504,15.897759050920385,15.093963726674557,15.094762034536139,18.0,14.361725235199684,23.061920749765676,16.078163801723008,15.61324074351188,15.473866320102331,15.470559856197951 
 06/18  05:50:00,18.268063454163272,16.28635653442308,15.360692665572605,15.361444968555283,18.0,14.682382778429183,23.068969641783312,16.26587798660387,15.707924120665837,15.545103363772114,15.54157699378004 
 06/18  05:55:00,19.05332032405768,16.66988947369144,15.629857633130573,15.630565538791327,18.0,15.003449629771119,23.077370368697252,16.45847381580768,15.798448857068138,15.614338425976939,15.610633409451566 
 06/18  06:00:00,19.81964262997203,17.0361398116312,15.90376935479921,15.904434256385548,18.0,15.34792915853368,23.08705315456367,16.636141549636704,15.880520696092049,15.684259535142132,15.680422632534828 
 06/18  06:05:00,20.621676537748584,17.42502613771961,16.20977502223862,16.210399299511096,18.0,15.72482822281393,23.09764416553459,16.875800544002914,16.015558793540208,15.805153741722847,15.801221870703216 
 06/18  06:10:00,21.42947051120076,17.811946981017687,16.52854371752916,16.529128445206585,18.0,16.12545702705561,23.113856437470577,17.119686742041893,16.15673674928894,15.936801415227592,15.932837189434906 
 06/18  06:15:00,22.235271505394817,18.191078357493655,16.85512803665361,16.85567378472714,18.0,16.529044100396124,23.143284597640942,17.361145024880102,16.293933030240396,16.06894532493618,16.0649946757498 
 06/18  06:20:00,23.034928273276385,18.55964305010271,17.186927634585498,17.187434594115437,18.0,16.95603029978193,23.172284875940907,17.598391426197054,16.425061045448615,16.1994236951208,16.19554075969461 
 06/18  06:25:00,23.82580456167454,18.916089318577484,17.522281810792727,17.52274985951138,18.0,17.385881747541045,23.201403341277402,17.832092544172667,16.550892898030042,16.32892038281426,16.32515254577845 
 06/18  06:30:00,24.606156296814643,19.259557561967632,17.860065731218633,17.86049449018068,18.0,17.833289520702408,23.230241439854712,18.062396937786616,16.671667064766325,16.457484582132338,16.453877758806073 
 06/18  06:35:00,24.873908817402825,19.408861229150656,18.096887904151018,18.097276886089492,18.0,18.08813664330804,23.259106586352924,18.051248647629848,16.698478903919067,16.535809047003,16.532632115910133 
 06/18  06:40:00,24.980225689619346,19.4954568680291,18.29651550847284,18.2968641175187,18.0,18.315363206482537,23.277212022216784,18.04559249482452,16.729056947569006,16.609951774410206,16.607169969064557 
 06/18  06:45:00,25.000719866541967,19.54938332276144,18.473366544134283,18.473674041693485,18.0,18.541218873451303,23.292722914038333,18.041172737292698,16.77304079906122,16.682931398065307,16.680515948574225 
 06/18  06:50:00,24.970779551756216,19.584928105826386,18.634487051209277,18.634752648106858,18.0,18.715128165661532,23.30638755680272,18.041859830755925,16.812334313338283,16.754972319621515,16.752893604251994 
 06/18  06:55:00,24.910749726718112,19.610381260442242,18.78418804414715,18.7844109942944,18.0,18.887565733161352,23.319624030381952,18.0470559831752,16.853175583974917,16.826228541322962,16.82445501101506 
 06/18  07:00:00,24.832954726746536,19.630801038795912,18.925287904855104,18.925467608006514,18.0,19.029336692322318,23.33246183067492,18.055752385334245,16.896232011616803,16.896779424658405,16.89527893662745 
 06/18  07:05:00,24.734936159898187,19.660206053375273,19.08057129773171,19.08070706928095,18.0,19.182913813261983,23.34474903254266,18.131123200682623,17.005395586245527,17.040106232312382,17.03885132240157 
 06/18  07:10:00,24.63019638048484,19.694483774926507,19.238110933673813,19.238202870544907,18.0,19.31938555296777,23.435978323903083,18.1660264255097,17.07296162608128,17.13490577371965,17.13383261902618 
 06/18  07:15:00,24.52394377215738,19.733598556009223,19.395831711227938,19.395880464444346,18.0,19.454691328688128,23.406249010632617,18.192185167588605,17.132975533245258,17.218782739131143,17.21792355565219 
 06/18  07:20:00,24.41921487082531,19.77770134468127,19.55295202823833,19.552958781751745,18.0,19.580825948547112,23.35903460821811,18.229123005938902,17.20303483764178,17.310501095537745,17.30981079265905 
 06/18  07:25:00,24.317891191245764,19.82686292687223,19.70909949670862,19.709065946021646,18.0,19.706002278440888,23.31165584897235,18.270096590806816,17.280980121270318,17.407768606593663,17.407216245943857 
 06/18  07:30:00,24.22113927269897,19.88107155820159,19.86409903389394,19.864027344875737,18.0,19.824422954218722,23.26989272309224,18.316221119735246,17.36592878958197,17.509854045900397,17.50940704969321 
 06/18  07:35:00,24.06473365639016,19.92106123912746,19.999541519288716,19.999434266087913,18.0,19.907306347727033,23.2334630521845,18.337455187036937,17.447797653887505,17.606339145425295,17.605969461354448 
 06/18  07:40:00,23.894924045705242,19.960673412151372,20.127043414823223,20.126903514392257,18.0,19.978671659914205,23.20085078091232,18.363402562564943,17.533977842507568,17.70481690381382,17.704497066845363 
 06/18  07:45:00,23.721993839758603,20.002965764710957,20.24928382430186,20.249114473877952,18.0,20.049290040026143,23.17216487392507,18.39415501246583,17.623953474325504,17.804997676678965,17.804709075045082 
 06/18  07:50:00,23.550821081191174,20.061305578145763,20.380262233289443,20.367418415347057,18.0,20.106578891540316,23.14675712904911,18.42931429862233,17.719989658828126,17.91006353050443,17.90625951877479 
 06/18  07:55:00,23.384216600049676,20.13593868721033,20.520617303500515,20.482669746143653,18.0,20.163358985852817,23.12464519597729,18.46860844872856,17.82039259377092,18.019595380345663,18.00900253127213 
 06/18  08:00:00,23.223872773695117,20.217098784180592,20.660442546204422,20.59544931308784,18.0,20.212184333211674,23.104559970906745,18.511539302772917,17.92185346687654,18.1298754893877,18.112540524661256 
 06/18  08:05:00,23.0989246160123,20.3039808692961,20.78769133414473,20.69633624493615,18.0,20.284136249590656,23.086413734867996,18.619307669445334,18.083158230016238,18.300440043557273,18.275679283499585 
 06/18  08:10:00,22.590819311967003,20.424961138999265,20.909414119532276,20.82488690235757,18.0,20.354391091755677,23.321294105788226,18.515845274321634,18.21636107326094,18.42483015164322,18.409590862933783 
 06/18  08:15:00,22.363353693219,20.52919725397967,21.01874619201492,20.930863950162248,18.0,20.42353457132577,23.406879364969274,18.55902414274965,18.30995152717253,18.514754598714035,18.497666322790337 
 06/18  08:20:00,22.200918092538856,20.630998290849227,21.120001103826866,21.030377422958818,18.0,20.494315297896122,23.485404848413786,18.608134459034204,18.402358663894233,18.602908516434923,18.584665818158328 
 06/18  08:25:00,22.071230142595905,20.732110882775466,21.214212890224594,21.126184962424393,18.0,20.56406088324428,23.553227675433465,18.657008386269354,18.49239857678674,18.687224604518292,18.66882420944114 
 06/18  08:30:00,21.96229373371446,20.833054134423353,21.301931434711534,21.21946684403885,18.0,20.63320175023914,23.612664084215734,18.70522447822185,18.580521737132813,18.768055910615544,18.750635219107494 
 06/18  08:35:00,22.133114792815146,21.078873539688505,21.552930033255116,21.461397332561,18.0,20.927722611165425,23.6659982832252,18.876959375219542,18.734774858455808,18.926202687746468,18.903762589415123 
 06/18  08:40:00,22.405587245886924,21.376795806365497,21.86357254877363,21.756794657386738,18.0,21.27005182841088,23.723475641579274,19.053987687118138,18.892894904513696,19.08769446439328,19.059437688491812 
 06/18  08:45:00,22.739602404908588,21.706945328623167,22.21140388084908,22.084656344910943,18.0,21.618409095982162,23.77858599067511,19.23264641715383,19.05212414694813,19.25026434189823,19.215347368062453 
 06/18  08:50:00,23.115821500768323,22.06011281360049,22.585827485547245,22.434957438057456,18.0,22.042530225834962,23.832092974288155,19.41338432884686,19.212791401041045,19.41438975802089,19.371906289477124 
 06/18  08:55:00,23.52264646488353,22.430932866322774,22.980558029663943,22.801710017683607,18.0,22.474443437115756,23.8842178755514,19.596266600136232,19.375106481860485,19.580527502270513,19.529382534364572 
 06/18  09:00:00,23.952630897059496,22.816069093243673,23.391621252153517,23.181103205440778,18.0,22.959985315763447,23.935354407884525,19.77884801767715,19.539480031573305,19.749144282821362,19.68857134164449 
 06/18  09:05:00,24.3525723025572,23.170177564139376,23.782605255819686,23.537455452788056,18.0,23.379115416592054,23.985595282664992,19.90344262788858,19.64835965960492,19.86614860571865,19.796722448367632 
 06/18  09:10:00,24.746767455537586,23.51662127433088,24.17115931892592,23.888229312541668,18.0,23.81983636087923,24.009796273038877,20.0279085231424,19.759153943101353,19.985641188400166,19.90642490769642 
 06/18  09:15:00,25.138322047345614,23.859489875400584,24.56009649051349,24.23626225516872,18.0,24.26252976634706,24.04613081127853,20.15351148767604,19.870842946117136,20.107582945154263,20.017789624186207 
 06/18  09:20:00,25.527902057868907,24.20039035701264,24.950406336415824,24.58258061124045,18.0,24.708625006983375,24.083127469685262,20.27818705516023,19.982137505746323,20.22980480766239,20.128701645356387 
 06/18  09:25:00,25.915526069467923,24.540145479977237,25.342534513128314,24.927667468159704,18.0,25.156590531818363,24.120819431816535,20.4020087326453,20.093266466063483,20.35248092654797,20.239351384268844 
 06/18  09:30:00,26.300946554200188,24.87919508125156,25.736671243031847,25.271750713154898,18.0,25.610265206660056,24.15917116376237,20.524944627482625,20.204305457682267,20.47565204245791,20.349799517731697 
 06/18  09:35:00,26.371806906818726,24.993170988103028,25.866692463708223,25.38536446272644,18.0,25.733204243256647,24.198039519101687,20.497769613671153,20.204246016644106,20.46703248768722,20.344857776692606 
 06/18  09:40:00,26.337713951981478,25.02652462974928,25.90154739382196,25.415073612189396,18.0,25.794813607564862,24.22415341920117,20.468048593122546,20.200869376967262,20.456638988505404,20.336498024942557 
 06/18  09:45:00,26.244493335959884,25.010983487095064,25.878485640001642,25.393394905461626,18.0,25.85655683612655,24.247901968520786,20.43910312588963,20.196319157742437,20.443837335075273,20.326964729891415 
 06/18  09:50:00,26.113998309685247,24.961839539903924,25.815694428360896,25.336208650812836,18.0,25.81746888067569,24.26959244673603,20.410951852112476,20.190563340603262,20.42945673586354,20.31866406465008 
 06/18  09:55:00,25.959095192304606,24.888282931949306,25.72423839344224,25.253161383352953,18.0,25.778051055640223,24.288849559699806,20.38327439240959,20.183321313075567,20.413578021247872,20.30703096161369 
 06/18  10:00:00,25.78779265521069,24.79620247915686,25.611294993897488,25.150494708098556,18.0,25.678306782420723,24.30682560671876,20.356217747088238,20.177986989347744,20.396605080086943,20.293845210226607 
 06/18  10:05:00,25.53628373904765,24.622010042024087,25.418928630378335,24.970101549764635,18.0,25.496721328844764,24.323150514132927,20.2229840660292,20.06211733767907,20.27498475507059,20.175681272913266 
 06/18  10:10:00,25.253153451162365,24.41235114763403,25.191027904379943,24.755007733462417,18.0,25.26084505769096,24.331260716549565,20.08465237182952,19.938596320259308,20.147721367043232,20.05156061398526 
 06/18  10:15:00,24.9506514514892,24.178969474917924,24.939067214436548,24.516291475540992,18.0,25.024965560714037,24.34036400249183,19.945718257657575,19.81415332899735,20.01878783048278,19.925125357270247 
 06/18  10:20:00,24.635134831917107,23.92805463893021,24.669270410919502,24.259895211234006,18.0,24.738505271399106,24.348336809588357,19.806058306377963,19.689468134366393,19.887839628048027,19.798974144754993 
 06/18  10:25:00,24.310529839613782,23.663548207624487,24.3856784811208,23.989648581089938,18.0,24.451996331879204,24.355139143624115,19.668226232942118,19.564372066360534,19.75751482765861,19.672444628153414 
 06/18  10:30:00,23.97937088364805,23.38810946297652,24.09106447123787,23.708161368332288,18.0,24.133476449549082,24.360974955367766,19.531274272818507,19.438892816806856,19.627154010586366,19.545561381011453 
 06/18  10:35:00,23.8202832795105,23.26748912381379,23.96699952377711,23.584376968314512,18.0,24.027660547843254,24.365616025804776,19.481460130720734,19.393063860651466,19.595095414981984,19.501827419214976 
 06/18  10:40:00,23.719206301165283,23.198804844408244,23.90108813614296,23.51427461591948,18.0,23.943460077124875,24.37821375110246,19.43388590005884,19.359164311214556,19.559715049829833,19.469036113477046 
 06/18  10:45:00,23.651168609429487,23.159790639160732,23.86885404337616,23.475188614631843,18.0,23.859193988425456,24.391665791847135,19.386219698462355,19.307825865903396,19.51114565656775,19.430914468004346 
 06/18  10:50:00,23.604165279119282,23.13984650741399,23.85851041672229,23.45621848401662,18.0,23.828092256896927,24.40595817798396,19.338452573178756,19.273471893243595,19.48044881646672,19.379244366102682 
 06/18  10:55:00,23.570985921471983,23.132644546017946,23.86295303677869,23.450799993246537,18.0,23.796970833725805,24.420872290119522,19.290513287869032,19.22182280091465,19.44506952445471,19.34583027886623 
 06/18  11:00:00,23.54701377274502,23.13415842995596,23.87762002711709,23.454722815468262,18.0,23.79620731429541,24.436283985918017,19.24238141459915,19.187548569109936,19.396368257465497,19.30751991128068 
 06/18  11:05:00,23.556223437654122,23.167575376459748,23.91796292390204,23.482838460445084,18.0,23.843569491855483,24.452157889192733,19.225154310982987,19.168599908733768,19.382460076922257,19.27372368809688 
 06/18  11:10:00,23.579826297197386,23.215360552403098,23.970743184821462,23.522585575008403,18.0,23.920843137316872,24.47459938879619,19.204255079490338,19.150630705367803,19.365186810230853,19.25677650410256 
 06/18  11:15:00,23.612792417845814,23.2729332202832,24.03213040012654,23.570355649184553,18.0,23.999888662114095,24.49425072548722,19.181810690839598,19.13276543727511,19.346477159615745,19.236083369150492 
 06/18  11:20:00,23.65238761743035,23.337854145477692,24.099963400173245,23.624126986920707,18.0,24.10927798650651,24.513886400736055,19.15933809717285,19.115659056393838,19.32779283029413,19.214538899811146 
 06/18  11:25:00,23.696840315890892,23.408572955889326,24.172820899721852,23.682579141267667,18.0,24.220752509416823,24.53349069757069,19.137194559094155,19.09933671912802,19.309425848913293,19.192958485037707 
 06/18  11:30:00,23.744935883625892,23.484051078556746,24.249723531965863,23.744810028225853,18.0,24.353927000442436,24.553067287593674,19.115510325053606,19.083795259603164,19.291481596380663,19.17165753333154 
 06/18  11:35:00,23.861965010902317,23.627645789994155,24.404437753283194,23.874962635080113,18.0,24.580456515117195,24.572629073143258,19.119518793287853,19.093542115823197,19.30351356836752,19.174995051725716 
 06/18  11:40:00,24.00375628381166,23.797795430909886,24.58931382707738,24.031082322651294,18.0,24.843939798624245,24.595742580234226,19.13156701015032,19.11175592271968,19.324524703053612,19.187174184375863 
 06/18  11:45:00,24.159845041006513,23.98494092005378,24.793441169785698,24.20345652917136,18.0,25.110967993712755,24.619468043737726,19.14475208742158,19.131973965562224,19.34757214738437,19.201014659902285 
 06/18  11:50:00,24.324792604855514,24.18427847442224,25.011311458300565,24.387169839025177,18.0,25.42515401093999,24.643785762094726,19.15815504395664,19.153382003448428,19.371820927748217,19.2156440166558 
 06/18  11:55:00,24.505793928088657,24.392813835455325,25.239478330893732,24.58993608819706,18.0,25.74320094054095,24.66866384203048,19.176545849700346,19.175881006607597,19.39724812773443,19.236085125313195 
 06/18  12:00:00,24.70511154185648,24.60855090968865,25.47564086674309,24.814442204222704,18.0,26.096497191701776,24.694209060605885,19.200229167610587,19.199482079573613,19.424118171877694,19.2630820872472 
 06/18  12:05:00,24.860793770763213,24.777033143653377,25.695964119948886,25.0349255032405,18.0,26.29033722427605,24.720460420963686,19.230944335927177,19.230162472459654,19.482808867741255,19.326111295144813 
 06/18  12:10:00,25.001235520960634,24.927629220331845,25.91128693047259,25.258180220135184,18.0,26.470338137098988,24.73038748780692,19.264795582359852,19.263961443007588,19.54563261125878,19.395884913065288 
 06/18  12:15:00,25.131580847979304,25.066227927693653,26.123162758495354,25.484605110801674,18.0,26.6465641942639,24.743512437954703,19.301234286214367,19.300355420370977,19.60953428396425,19.467561184767078 
 06/18  12:20:00,25.25412009166189,25.19561594923595,26.3320819041598,25.71414752794766,18.0,26.779806396520794,24.75911583617999,19.33773027630673,19.336820274906245,19.67415185324853,19.540697481357483 
 06/18  12:25:00,25.370215344765366,25.31749393734321,26.53823000811017,25.9467465581344,18.0,26.910798802999544,24.777144412274108,19.37443419779072,19.37349277237081,19.739328272521675,19.615388586529434 
 06/18  12:30:00,25.480747353622103,25.432980272746352,26.7416541548598,26.182385173194028,18.0,27.014718772249893,24.796673587304912,19.411309922691203,19.410338526747466,19.80478903680438,19.69146661308173 
 06/18  12:35:00,25.519665277973843,25.476188998202336,26.862926224706367,26.346652291863933,18.0,27.024093322361658,24.81775839327199,19.417571822373134,19.416584110832332,19.831859949342288,19.73218400437247 
 06/18  12:40:00,25.532928498486505,25.49320477820047,26.95473518420246,26.487704605107723,18.0,27.000259795206222,24.83595533967916,19.423227634053603,19.42223896335429,19.858829659588423,19.773577962286367 
 06/18  12:45:00,25.531293555857413,25.4948830014661,27.028881009878916,26.616261018150727,18.0,26.97803340779483,24.85487222473527,19.429532989752886,19.428543634678647,19.886509817300862,19.81650826523304 
 06/18  12:50:00,25.520207797571913,25.4867456309257,27.091214005597887,26.737636983940803,18.0,26.92054896291964,24.874505646252196,19.436797409778137,19.43580710072615,19.914818506690835,19.860906706553237 
 06/18  12:55:00,25.50302675458241,25.47220580249256,27.145289802660546,26.85509234567724,18.0,26.865456103790198,24.894124544540755,19.444964119456813,19.443972310957065,19.943542026786076,19.906575046315538 
 06/18  13:00:00,25.48192918309689,25.453487514181848,27.193387640756292,26.970755225517436,18.0,26.792909833489276,24.914008421629738,19.45409719724637,19.453104071040343,19.972688140986634,19.95353761461763 
 06/18  13:05:00,25.557534349581086,25.53106219846121,27.31179104126238,27.160265224098687,18.0,26.876735490068626,24.934140081932686,19.5604918743839,19.559489108001912,20.083673815730094,20.08326515518945 
 06/18  13:10:00,25.663872619368014,25.639143628917008,27.45186672101329,27.376027060899002,18.0,26.978658634969385,24.977129080022504,19.671990321782857,19.67096018822133,20.19762920306448,20.2171385429628 
 06/18  13:15:00,25.787159378134703,25.764000560919545,27.6035104955919,27.608308973468688,18.0,27.08051257050847,25.0162537341267,19.782800439996663,19.781739591762175,20.309743640020486,20.35042404672663 
 06/18  13:20:00,25.920958370740067,25.899228779385457,27.76193949375892,27.852635766955146,18.0,27.219936162979003,25.053319746533685,19.89273180295868,19.891640832218172,20.420496175829726,20.483634808974273 
 06/18  13:25:00,26.061490106595873,26.041071176246664,27.92429519009622,28.10645055438866,18.0,27.35929346959244,25.08897730569036,20.001918177621235,20.000798289409317,20.53015375083328,20.61709326646337 
 06/18  13:30:00,26.206378991702017,26.18716869160375,28.08874021741765,28.36822949467003,18.0,27.51910893644048,25.12345340403688,20.110403436793604,20.109255537780655,20.638788437734945,20.75094106179381 
 06/18  13:35:00,26.335131305230586,26.31703969307511,28.361257683029116,28.812441330308943,18.0,27.871345069108116,25.157086153439714,20.20985102467847,20.20868288682766,20.801738804699085,20.979095805283123 
 06/18  13:40:00,26.191540141735693,26.174478923163857,28.756614202763526,29.671218544932355,18.0,28.266642308302526,25.19105838784961,20.186608880159042,20.18552956854103,21.003603238762764,21.380002972331454 
 06/18  13:45:00,26.230258689622392,26.21415315651232,29.096740958513905,30.398850596589526,18.0,28.65701343512607,25.222584607934927,20.286321005470654,20.285355274980816,21.154002866956148,21.62830112819779 
 06/18  13:50:00,26.306907278565344,26.291697601268986,29.42330682607818,31.139717894943963,18.0,29.101850199712878,25.256383622285753,20.3877862198716,20.38689455686574,21.29907148224777,21.89768604557156 
 06/18  13:55:00,26.25243884338244,26.238065249736287,29.85237116054376,32.29221710130499,18.0,29.54112191241358,25.29030498922879,20.411892896670338,20.411131788166415,21.491640782274317,22.34659859546821 
 06/18  14:00:00,26.312427342663316,26.29883659728181,30.18763982899232,33.23811854898334,18.0,30.00496943571248,25.326304386828763,20.52169293755037,20.521121813190746,21.62146141548436,22.626275036975926 
 06/18  14:05:00,26.38787445448805,26.375003939534565,30.475167116429773,34.15443358100359,18.0,30.45895195520036,25.356281843366233,20.585755779411045,20.585337159096753,21.70315509363718,22.87134403127385 
 06/18  14:10:00,26.472687049152256,26.46048934734573,30.732098728243773,35.07467989922728,18.0,30.92198087027226,25.37465794061021,20.647753501032128,20.64751258983597,21.777846353478253,23.122661180761497 
 06/18  14:15:00,26.56253100714181,26.55096441628827,30.962442909439055,36.00904860597664,18.0,31.379877654571537,25.400982225989267,20.709734266037913,20.70969110590022,21.846286847101055,23.379947214025037 
 06/18  14:20:00,26.654734159776723,26.643760998222984,31.16769178039752,36.962309354040386,18.0,31.837170765065977,25.427008513520413,20.770574597549285,20.7707350462116,21.906925421865026,23.641747467469713 
 06/18  14:25:00,26.61646943242183,26.60605277282653,31.420610534229372,38.423255282529894,18.0,32.288755792066226,25.45280992544019,20.76745602440434,20.767832827714074,21.99361784893142,24.133806909889188 
 06/18  14:30:00,26.67294535570631,26.663052620667678,31.597942918912413,39.59291832775163,18.0,32.73421174861197,25.481149818759736,20.8323265590019,20.832960830237084,22.03788964024568,24.410323891721305 
 06/18  14:35:00,26.707853991309058,26.698456836709383,31.649317981920106,40.51879064139291,18.0,33.020735602671685,25.507283080241084,20.875124789082065,20.87589155123294,22.030537184392756,24.592193601387294 
 06/18  14:40:00,26.737229051291845,26.72830044669334,31.643891699309304,41.36404111844905,18.0,33.271216392060985,25.52939689390553,20.915197390150354,20.916078012226876,22.020588145836086,24.77946368898995 
 06/18  14:45:00,26.762380059324965,26.75389516231006,31.597307918452213,42.16545371207799,18.0,33.51722639958092,25.55058433460334,20.95397789556,20.9549443568377,22.003800046888216,24.96832207951013 
 06/18  14:50:00,26.783515668742975,26.775451598719748,31.517084726656197,42.94081433853473,18.0,33.70866765900437,25.571059528018058,20.99155840786284,20.992578056198454,21.981369839425383,25.15842416158165 
 06/18  14:55:00,26.800682671167156,26.793018345672554,31.40753370386749,43.70029275245473,18.0,33.89528130303644,25.59082577063257,21.02790053256365,21.028935966102893,21.953816863611735,25.34965354035546 
 06/18  15:00:00,26.813871338937485,26.806587329653837,31.27120918348336,44.449940095210835,18.0,34.044681830001636,25.610025513952248,21.063032960128453,21.064043651166116,21.92155471586318,25.541985293275786 
 06/18  15:05:00,26.825618168596193,26.818687489909603,31.111456189082517,45.204764663504726,18.0,34.22348217782047,25.62866192755368,21.083097193191406,21.084048140087702,21.87607774704975,25.731262622915494 
 06/18  15:10:00,26.83418369184314,26.827587618492657,30.92769636439409,45.96012463809401,18.0,34.380548378093344,25.646739738353094,21.104986299983693,21.10583431821084,21.826207575991816,25.9216843256105 
 06/18  15:15:00,26.83913097472254,26.83285353191613,30.719976451806666,46.716073313042095,18.0,34.532573956003155,25.664344083568707,21.126602896057193,21.127303787364212,21.773042967151355,26.113325213780627 
 06/18  15:20:00,26.840201117418136,26.83422815192807,30.48820569704444,47.47271460744023,18.0,34.67132811373217,25.681537407052975,21.147358885195672,21.147870892806225,21.71749072536886,26.30605248267227 
 06/18  15:25:00,26.837197632816046,26.831516383134392,30.23215207572819,48.229986249354404,18.0,34.80456935921125,25.69833698130307,21.167014419831787,21.167300816093984,21.660557513032757,26.49966092773093 
 06/18  15:30:00,26.829956492282584,26.824555302968378,29.95147324083901,48.987677437907585,18.0,34.92247151051824,25.714793586438283,21.185476456026777,21.18550908539271,21.603456399920447,26.693933850312362 
 06/18  15:35:00,26.7826483818579,26.777516099387647,29.569152617745832,49.13765687136992,18.0,34.730902986608264,25.730931113203983,21.186903765442253,21.186623756590222,21.522773442409402,26.60943524155323 
 06/18  15:40:00,26.720335413227055,26.71546146136793,29.153889941903216,49.08849815240966,18.0,34.475850289113886,25.740044242423476,21.18416285054468,21.183603127465403,21.44869653944056,26.516364029317458 
 06/18  15:45:00,26.64861131545413,26.643985908449817,28.722953119692423,48.91383196233823,18.0,34.22473981391234,25.747867057124676,21.18054702305767,21.179769001566456,21.38382853221981,26.41563212010692 
 06/18  15:50:00,26.57020534159868,26.565819242411212,28.28562155727231,48.6485693725753,18.0,33.87749930365953,25.754540381872385,21.176312231050133,21.17539267771383,21.328374132163674,26.307509511723197 
 06/18  15:55:00,26.486767630790002,26.482611955027863,27.847955845753503,48.31322167663674,18.0,33.53408674425544,25.76010909274026,21.17143782654182,21.170469688712842,21.28238952654999,26.192088693875974 
 06/18  16:00:00,26.399362581338142,26.470683597115492,27.49074485972865,47.920650623440345,18.0,33.13610684818003,25.764797839942027,21.166059326036418,21.177355564446657,21.257254867625647,26.069643637035483 
 06/18  16:05:00,26.236969874279616,26.475082771707797,27.177947255036102,47.358880451835574,18.0,32.59060732421344,25.769308671532183,21.09916451988721,21.14283258173799,21.18949921883825,25.857630654192633 
 06/18  16:10:00,26.048089390170258,26.48038798720201,26.887253225808763,46.720075348774536,18.0,31.993944194676452,25.781220463183182,21.023397529033446,21.104909356681958,21.116684739241805,25.63487379787847 
 06/18  16:15:00,25.844005336818306,26.47918852223342,26.61094033420875,46.025058942038,18.0,31.409545974890147,25.785750077870293,20.945440478549074,21.06913413995909,21.042377369953215,25.40592618150987 
 06/18  16:20:00,25.63041672590949,26.466942206347944,26.34471508451054,45.28524035483037,18.0,30.7755884512011,25.789478052485208,20.867660381549513,21.03612483179711,20.96835234164206,25.172900124522585 
 06/18  16:25:00,25.3817904020713,26.360219137193816,26.056144921024288,43.83076141470159,18.0,30.154381723376222,25.792449578462648,20.775348356419272,20.965324858455915,20.87902151254326,24.608355413561526 
 06/18  16:30:00,25.143348642438134,26.276916589637498,25.787225409295576,42.812326480502804,18.0,29.516946717607524,25.78587180469969,20.693235552689373,20.92456951321651,20.800408823326393,24.377046016231816 
 06/18  16:35:00,24.843831820971022,26.109359364064026,25.462185267487417,41.6725452018438,18.0,28.787680464028597,25.785808066784774,20.583519084179784,20.849221416711316,20.69255756454686,24.043041376923043 
 06/18  16:40:00,24.522577420978315,25.897148368971727,25.118922953405338,40.48736129714281,18.0,28.042855652811056,25.780333014777874,20.471725337637054,20.76781520883287,20.582735561551203,23.708392119460996 
 06/18  16:45:00,24.1886979650417,25.647527985313964,24.765315298894397,39.2636861810184,18.0,27.31201890711592,25.77362214055587,20.35969207342748,20.680593904143507,20.471542423098754,23.368704808802136 
 06/18  16:50:00,23.846796848854193,25.363573146361897,24.40508079101498,38.00428135369347,18.0,26.566573511691963,25.765624896735414,20.249119414768757,20.58651058265457,20.361430287058397,23.02400091393872 
 06/18  16:55:00,23.49973358728989,25.046940802674953,24.040437039543978,36.7111775500251,18.0,25.835383300694264,25.755942835027046,20.139081701125633,20.484432915347895,20.25164897447962,22.674320269110353 
 06/18  17:00:00,23.149386769132384,24.698540059127467,23.672787636857386,35.38603488999846,18.0,25.110980065642977,25.74536151019088,20.02962291166557,20.373058186782202,20.14219174036242,22.319951842021396 
 06/18  17:05:00,22.781217318567574,24.20022799324023,23.280658599862083,33.44622092828819,18.0,24.462489983522218,25.733460704192257,19.899951683174777,20.18327907372111,20.00835229632048,21.663520227262097 
 06/18  17:10:00,22.439486435752304,23.76541236873305,22.914160825944577,31.906359453686555,18.0,23.83585836212906,25.664591763930407,19.793703260786856,20.05712226251626,19.899456711011226,21.311385703967744 
 06/18  17:15:00,22.103581781638844,23.320090959530475,22.55329489521105,30.42689063897342,18.0,23.214983727286192,25.641678751108092,19.697174147994986,19.931856074219127,19.80065820930065,20.959183811292633 
 06/18  17:20:00,21.769532550186,22.851792650707026,22.194409149044244,28.960448358783484,18.0,22.625475920999268,25.618235391496675,19.60002785671645,19.79646872038279,19.701002060519272,20.59855611505327 
 06/18  17:25:00,21.420807068807992,22.243535059524994,21.820671607967892,27.06967253697377,18.0,22.04213981663921,25.59488149276238,19.495201739836375,19.598593982317027,19.593044899915355,20.019775098845855 
 06/18  17:30:00,21.07843048239124,21.678028161141324,21.45374409772224,25.474138864041297,18.0,21.483413633055925,25.564730160960725,19.39486493621888,19.442062212595147,19.48982383282396,19.676927406176674 
 06/18  17:35:00,20.835971455363932,21.35984905278119,21.19020502771671,24.64843398918371,18.0,21.153131814896312,25.53993397887416,19.344415765447707,19.40539957242754,19.440599463928663,19.672089926175772 
 06/18  17:40:00,20.62815152842309,21.128665063518053,20.96368823206431,24.102859649011428,18.0,20.878277407075377,25.52665502370189,19.29816086321034,19.375831864373822,19.39535067928682,19.671200694884533 
 06/18  17:45:00,20.440134374201754,20.949493308083134,20.758868633755196,23.724547811770602,18.0,20.600852940487222,25.51474040144965,19.25226998952587,19.34859782424735,19.35036588768537,19.671398753206745 
 06/18  17:50:00,20.264748865592576,20.805973526163452,20.568208598844382,23.457829858885948,18.0,20.39614820012675,25.504060824177007,19.206778729654047,19.323555194962864,19.305719348181015,19.67239908276383 
 06/18  17:55:00,20.118684220424676,20.811659466822228,20.408701693541424,23.607477961061296,18.0,20.1893012021484,25.49444194450089,19.172070251037894,19.358676876795982,19.272392559224954,19.837468595100518 
 06/18  18:00:00,19.965001027774495,20.760714657060024,20.24239102599747,23.588736239494786,18.0,20.022243977015684,25.491469483939046,19.129080265740697,19.34383182570997,19.230115996592474,19.83867951996001 
 06/18  18:05:00,19.728329750781633,20.62378601016297,19.994096524509274,23.473479008026565,18.0,19.705257118917267,25.484129363607163,18.896939733588624,19.134682895221204,18.991619117591085,19.640546086676977 
 06/18  18:10:00,19.462298504987043,20.461360998521343,19.71637237593727,23.3325925861567,18.0,19.38151119937325,25.34918734866374,18.670967845983853,18.93593809281765,18.761364395747933,19.45373910089245 
 06/18  18:15:00,19.178783584662362,20.28739849702485,19.420921334996525,23.181415152545263,18.0,19.055883764738148,25.288965826441512,18.460251830927632,18.75404572872492,18.547308610270875,19.28330200869061 
 06/18  18:20:00,18.883379115241823,20.10866364197148,19.11330068137726,23.026663292802088,18.0,18.69753388879306,25.231974283128952,18.250943247190662,18.574796968694386,18.33459590150403,19.11436480080141 
 06/18  18:25:00,18.579393190213082,19.92934235523396,18.796822137618282,22.872090156565665,18.0,18.337307182784716,25.180055558998184,18.043642643047292,18.398794812867436,18.123918517675747,18.94782291949366 
 06/18  18:30:00,18.268917034068398,19.752353736774413,18.473593371049883,22.720136604495973,18.0,17.95706775839975,25.132091505743052,17.838112038484724,18.225793053276675,17.91499511258303,18.78357155903427 
 06/18  18:35:00,17.952405780394304,19.497098176872267,18.1440618305688,22.386965148843796,18.0,17.559877025611634,25.087263778647618,17.63078110575657,18.012506681932905,17.70356784036869,18.533619535578737 
 06/18  18:40:00,17.63196624357951,19.214760425057353,17.810374541334173,21.996973643696506,18.0,17.14991933679351,25.042921345311807,17.423509026321767,17.79901744749361,17.49215719317965,18.286671757844488 
 06/18  18:45:00,17.308593297857318,18.91872310799745,17.473553998259177,21.581638742534633,18.0,16.742381254535513,25.000120935436435,17.216868200029808,17.587168409801166,17.281368298599546,18.044910452853856 
 06/18  18:50:00,16.982945837751892,18.61780095841317,17.13427968847012,21.160254187627665,18.0,16.326524153162104,24.95874357657074,17.010841409719376,17.3781848675045,17.071163339720385,17.81030683007714 
 06/18  18:55:00,16.655502509354402,18.291683048494658,16.793045144588994,20.693124425869087,18.0,15.913582692853723,24.918703821434,16.805371365471956,17.160355564450697,16.8614726368329,17.558382913032574 
 06/18  19:00:00,16.32664036368937,17.910757415329005,16.450237632263065,20.12773283559324,18.0,15.499432441495582,24.878919400075056,16.600624154845264,16.911572406768983,16.651989859483706,17.26880400321477 
 06/18  19:05:00,16.038016137070528,17.55256385194317,16.147789962223257,19.575419357235223,18.0,15.161696770551185,24.838422691038982,16.467638512335157,16.753836353835368,16.513226858441215,17.05381811591485 
 06/18  19:10:00,15.762217525685548,17.186536118420104,15.85915304329181,19.010381372820337,18.0,14.837931756134203,24.79146692227219,16.338521994076928,16.591338374798738,16.379102752044503,16.842731823448617 
 06/18  19:15:00,15.49319601450915,16.802625532343683,15.578423811532431,18.423835939266397,18.0,14.507285502273396,24.74795288997018,16.208837927719287,16.424182319686963,16.245493951384844,16.62814532230135 
 06/18  19:20:00,15.228520273369218,16.388021946605495,15.303222709806471,17.80017044183203,18.0,14.195310075603206,24.704697636306964,16.077488018493227,16.247702679372765,16.11108547400528,16.40235896601888 
 06/18  19:25:00,14.814703332091211,15.528645740235147,14.877535681324701,16.573871773160977,18.0,13.695093988311408,24.661311759233204,15.858992410475139,15.854756026400025,15.88957360701363,15.88152521380448 
 06/18  19:30:00,14.546892609816304,15.076329836299797,14.600859244839535,15.941043398814308,18.0,13.414005510141978,24.602780088904797,15.755197783549761,15.756189344673999,15.782982547811002,15.779979536152098 
 06/18  19:35:00,14.321207876873409,14.73444779329227,14.368495691902861,15.47481590562237,18.0,13.129656285433335,24.56210201209808,15.659083725494042,15.66063572621215,15.683449061733768,15.680850491108686 
 06/18  19:40:00,14.118554678802358,14.451245713666422,14.160891162262535,15.099434747826894,18.0,12.888391338097938,24.52251755692468,15.564595559569057,15.566263383308808,15.585141278974334,15.582575808594129 
 06/18  19:45:00,13.930947890098945,14.205420806402707,13.969704724341973,14.782925223675658,18.0,12.644507166034725,24.4845295585094,15.471880763354648,15.473595943068972,15.48823369221634,15.485640102903517 
 06/18  19:50:00,13.753663738846345,13.984831456945377,13.789953227520083,14.506740827487615,18.0,12.42321808278545,24.44773489393712,15.380843516319942,15.382596952825793,15.392622455768105,15.389992147294151 
 06/18  19:55:00,13.5837000481687,13.781887536145106,13.618415655504469,14.259130560551402,18.0,12.199740166991578,24.412031267997993,15.291528898737283,15.293321361385551,15.298349955165236,15.295681983492614 
 06/18  20:00:00,13.41906513751468,13.591572976176415,13.452929006986176,14.03232150209194,18.0,11.988585591526382,24.377182151504808,15.203895047320316,15.205728314171381,15.205374468459695,15.202669460166817 
 06/18  20:05:00,13.291802052451786,13.441871201523789,13.323036036334278,13.846895188089416,18.0,11.843161016130361,24.343135653052727,15.109993554015318,15.111830877072975,15.115158715301959,15.112456664159367 
 06/18  20:10:00,13.182026892448775,13.313302568277068,13.209912046188883,13.685197265909085,18.0,11.72212320788615,24.24625336520395,15.025640839684797,15.027446990593376,15.03469363836507,15.032033922176538 
 06/18  20:15:00,13.084258728351076,13.199778922877945,13.108317564533808,13.541114989826305,18.0,11.602360601780234,24.188054024791786,14.952579110298643,14.954401862248915,14.96555855169953,14.962896086108572 
 06/18  20:20:00,12.995424811572047,13.097663586960952,13.015311967085447,13.410764074340182,18.0,11.513173613516246,24.132594048364748,14.881312999422676,14.88314200752319,14.898112062809219,14.895459373864014 
 06/18  20:25:00,12.913445749708186,13.00441730210353,12.928909041871549,13.291399223895493,18.0,11.42467024329584,24.08057014994896,14.811874189748323,14.813710539596116,14.832406043366518,14.829763608780127 
 06/18  20:30:00,12.83683641980737,12.918186675592315,12.847693209363861,13.180925744982451,18.0,11.356095455148715,24.03119850194421,14.743849095861378,14.745692963726128,14.768028864493829,14.765397763022634 
 06/18  20:35:00,12.764504277081983,12.837585103988316,12.77062495562164,13.077746663963106,18.0,11.287816544847484,23.984070932360186,14.677008569668999,14.678860330391785,14.704756035706396,14.70213683834487 
 06/18  20:40:00,12.695627690082672,12.761555808343827,12.696923582705864,12.980624007060445,18.0,11.232735502775585,23.93868797850034,14.611087656783184,14.612947062111289,14.64232316228015,14.639716796553557 
 06/18  20:45:00,12.629577689879222,12.689281141637808,12.625991974810185,12.88858458707237,18.0,11.177703202134577,23.89487867859583,14.546003659007283,14.547870875081458,14.580652049524474,14.578058757883582 
 06/18  20:50:00,12.565865616583784,12.620120389866674,12.557366408550575,12.800854097773371,18.0,11.131381817415912,23.85229202216309,14.481581354591299,14.4834559375725,14.519566730232782,14.51698714986469 
 06/18  20:55:00,12.504106993548179,12.553565938725203,12.4906820243862,12.716809844774643,18.0,11.084954534523792,23.810864358883464,14.417797186743599,14.419679107850982,14.459048113911535,14.45648224231769 
 06/18  21:00:00,12.44399594684949,12.489211680161855,12.425648446404056,12.635946163047965,18.0,11.044216853399398,23.770344778806155,14.354529753844417,14.356418465070703,14.398973745639694,14.39642193809118 
 06/18  21:05:00,12.40152617434296,12.443466042093712,12.381380587784978,12.578676723212029,18.0,10.9947046380302,23.730717859010312,14.355551656065131,14.357481870237734,14.396856640521946,14.394288729733773 
 06/18  21:10:00,12.365844934500364,12.40502877623045,12.345414906934886,12.531302829029656,18.0,10.946212804690152,23.68890722028263,14.406977108661579,14.40893046135136,14.444799843832243,14.442238357235055 
 06/18  21:15:00,12.334278902416782,12.371082878649702,12.31465538115388,12.49033394549628,18.0,10.896481386353821,23.747271420302184,14.47093853076359,14.472954475565643,14.50531975972308,14.502716992813703 
 06/18  21:20:00,12.305468715134822,12.340183962068206,12.287509556203558,12.45394232362851,18.0,10.844801260455508,23.801386247802117,14.526288164871517,14.52833165069842,14.556454692904822,14.55384368626892 
 06/18  21:25:00,12.278560335778579,12.31141942330685,12.262965500264201,12.420951583066797,18.0,10.791754504490255,23.84581134006396,14.576289209300512,14.57835845060356,14.601717992642534,14.599097338164825 
 06/18  21:30:00,12.252980923588712,12.284173965081973,12.240337086181828,12.390554393791668,18.0,10.736213577901975,23.881567260779683,14.622311629425326,14.624405073505272,14.642564832862888,14.639930828788465 
 06/18  21:35:00,12.22833212633504,12.258017469302585,12.219141831696495,12.362175988207243,18.0,10.679157121059072,23.911207326337475,14.665868555478596,14.667988896635961,14.680584538344078,14.67794652776638 
 06/18  21:40:00,12.204329709850759,12.232641351469976,12.199030921727916,12.335395523699141,18.0,10.618900358995688,23.935309907760058,14.70750196204176,14.709645499356327,14.716363877063714,14.713730049543415 
 06/18  21:45:00,12.180766570096036,12.207819458494,12.179745744751903,12.30989701560629,18.0,10.556948137073741,23.9548790183381,14.74779004287899,14.749955280853158,14.750527895990672,14.747899451104331 
 06/18  21:50:00,12.157488785471223,12.183382680375752,12.161089323125616,12.28543691405643,18.0,10.490992406500007,23.969481386011037,14.787156701190497,14.7893413989284,14.783539791394219,14.780918489474175 
 06/18  21:55:00,12.134379590000547,12.159201904887109,12.142906804312979,12.261821814135265,18.0,10.423125922693956,23.981257900182484,14.825792848112712,14.827996632977658,14.815632755443914,14.813018271404985 
 06/18  22:00:00,12.11134853053078,12.135176446481445,12.125071833398616,12.238892799615854,18.0,10.35033798982342,23.993279420368165,14.800337389445644,14.802572372223153,14.784233897970012,14.781610039033126 
 06/18  22:05:00,12.112997804785913,12.135724933821253,12.12978252107893,12.23820111365642,18.0,10.33048272534084,23.936082277454936,14.756503098009262,14.758742066544869,14.741120224311942,14.738494578872746 
 06/18  22:10:00,12.125083991704871,12.146716023329521,12.144073555426187,12.24717421492319,18.0,10.319719134573862,23.793770248089025,14.723071278285943,14.725276293711772,14.708512032814497,14.70594239101547 
 06/18  22:15:00,12.144082882897845,12.164649167501775,12.164729519357927,12.262678248479187,18.0,10.308955289352099,23.675788315560705,14.709676181674865,14.711893609485742,14.695824858715355,14.693266159569532 
 06/18  22:20:00,12.168153085985086,12.187692755673188,12.190068948432684,12.283064596723625,18.0,10.316259600603257,23.56939996584537,14.7072935611979,14.709524709089578,14.694048908825607,14.691497998835302 
 06/18  22:25:00,12.19609547874301,12.214652227068116,12.218996441094832,12.307252289267602,18.0,10.323579938626619,23.4743802930606,14.712412042798121,14.714656421577615,14.699695081711752,14.697150907917603 
 06/18  22:30:00,12.22707328165372,12.244692557884571,12.250746810773194,12.334480596077457,18.0,10.342833778318829,23.389799349191833,14.723257072040042,14.725516073899371,14.711006960887744,14.708466729689519 
 06/18  22:35:00,12.260477433768184,12.27720479918242,12.28476200740495,12.36419002850578,18.0,10.362099549323931,23.31344524170154,14.73024351682949,14.732516985873986,14.71845570042126,14.71592079340894 
 06/18  22:40:00,12.295849608108893,12.311729754788518,12.320620892198663,12.395954465265142,18.0,10.389673207648991,23.24379480785015,14.754773569559177,14.757055328087006,14.74331161723228,14.740782325735097 
 06/18  22:45:00,12.332835691721895,12.347911867104587,12.357996968425466,12.429440345236781,18.0,10.417255549629989,23.179716469920884,14.768569358283798,14.770864243109145,14.75745277146558,14.754927286499537 
 06/18  22:50:00,12.371156710354926,12.385470400390664,12.396632090325081,12.464381321764492,18.0,10.4507889314777,23.11970839481227,14.788141776841485,14.790441818558804,14.777310545076489,14.774794457891176 
 06/18  22:55:00,12.410590010725498,12.424180790122655,12.436319522829535,12.500561939616647,18.0,10.484328380192707,23.06346933658217,14.81067097187207,14.81297665610714,14.800130031409424,14.79762151879902 
 06/18  23:00:00,12.450956549773847,12.463862039085445,12.476892526193614,12.53780661656454,18.0,10.522228681705606,23.010117776465016,14.883040962830023,14.885336491126282,14.872433205576044,14.869946079141641 
 06/18  23:05:00,12.499308150783465,12.511547273678769,12.524353422400953,12.582056369374365,18.0,10.598522261634905,23.04860634468386,14.958927842210073,14.961249752998924,14.948538298798212,14.946033803870819 
 06/18  23:10:00,12.551110891387333,12.562712515576074,12.57483188840914,12.629470213075775,18.0,10.686366502295712,23.068338489435337,15.024754076615125,15.027053447670255,15.014770810109326,15.01229601910245 
 06/18  23:15:00,12.605140645367328,12.616134816182603,12.627287028055123,12.679008512740525,18.0,10.773636140959834,23.088677325964102,15.085050538397809,15.08733754270014,15.07565616443759,15.073199912692814 
 06/18  23:20:00,12.660722424013219,12.671139002798519,12.681147538857427,12.730096949061789,18.0,10.876683145189004,23.10108157206272,15.140209952990972,15.142478032888846,15.131556548403182,15.12912441630624 
 06/18  23:25:00,12.717407203354368,12.727275375713095,12.736035339253593,12.782352931849399,18.0,10.979065293294935,23.109492412476573,15.192241377160826,15.194492512017973,15.184460538143185,15.182048995160983 
 06/18  23:30:00,12.77488146830987,12.784229506608916,12.791688176883643,12.835509024979926,18.0,11.091068812642574,23.114096811341707,15.241525755131761,15.24376064155706,15.234736593496109,15.23234681414499 
 06/18  23:35:00,12.832921329930501,12.841776480286173,12.847920330240765,12.88937404567588,18.0,11.2023367060885,23.116469771824818,15.288857025175389,15.291075752493612,15.283166470773779,15.280800226772385 
 06/18  23:40:00,12.89136420489038,12.899752640215667,12.904598277594213,12.943808946029039,18.0,11.319392244140866,23.116630864622792,15.334481407351348,15.33668310115263,15.329989324997086,15.327647221812754 
 06/18  23:45:00,12.950089996795459,12.958036799109,12.961624461553724,12.99871067975798,18.0,11.435669991305627,23.11493884302152,15.378707724324386,15.380892018830593,15.375508731982222,15.373190841968096 
 06/18  23:50:00,13.009008177109717,13.016537327570278,13.018926108301335,13.054001054400958,18.0,11.55518674671898,23.111697940287304,15.421769072986024,15.42393577246878,15.419953593323271,15.41765978706269 
 06/18  23:55:00,13.068048820804412,13.0751831905024,13.076447467961025,13.109618974172841,18.0,11.673902694231328,23.10712702117103,15.463831762447171,15.46598067316637,15.463486801388967,15.46121693077464 
 06/18  24:00:00,13.12715638807167,13.13391773181608,13.134144452191226,13.165515080027934,18.0,11.794132934181558,23.101101448359184,15.504968746518898,15.5070996372296,15.506178499583712,15.503932454759365 
 06/19  00:05:00,13.184074537717025,13.190515690920638,13.190979838568754,13.220748087422345,18.0,11.884508196521798,23.094339815849406,15.556035121384298,15.558166818069594,15.554185314216056,15.551948372350125 
 06/19  00:10:00,13.240373381640914,13.24652390469873,13.247706356509473,13.275995628799683,18.0,11.970045621558702,23.06879156170509,15.609273017016108,15.611393367154221,15.604135838990715,15.601918571970259 
 06/19  00:15:00,13.29646169352539,13.302344457756448,13.304521198003679,13.331432116376066,18.0,12.056074727683017,23.052450593640085,15.66542481690891,15.6675468067765,15.656946379756278,15.654735551161366 
 06/19  00:20:00,13.352553108314687,13.358187134236475,13.361526408289496,13.38714588169533,18.0,12.133213799477781,23.035903530332256,15.72198560694676,15.724105941883124,15.710135813244733,15.707934353389874 
 06/19  00:25:00,13.408783299419259,13.414184924562933,13.418785277026837,13.443190291730124,18.0,12.21073507534789,23.0195211562669,15.779031522201763,15.78114997345142,15.763788248893661,15.761596060105717 
 06/19  00:30:00,13.46524324267044,13.470426810127124,13.476338580005825,13.499598469028252,18.0,12.283221184891383,23.00332600060182,15.836523413653822,15.838639673459284,15.817868078297977,15.815685150232866 
 06/19  00:35:00,13.521995635928237,13.5269739456795,13.53421272664121,13.556390681300321,18.0,12.356052758083354,22.98732255891231,15.894418519099702,15.896532227123885,15.872336282467074,15.870162663650888 
 06/19  00:40:00,13.579084607782319,13.583869228619019,13.592424695125294,13.613578827963547,18.0,12.426021765022382,22.971499746626,15.952677890144969,15.954788622488763,15.927158371344774,15.924994176043697 
 06/19  00:45:00,13.636541890941254,13.64114338434762,13.650985267194146,13.671169389569876,18.0,12.496318704519629,22.95587639624051,16.011288417020182,16.013395828165244,15.982326305180663,15.9801715712116 
 06/19  00:50:00,13.694390915094878,13.698819000757668,13.709901238756917,13.729165447959714,18.0,12.56511330112321,22.94042203920604,16.070213455262888,16.072317056281918,16.037809561716358,16.035664467199922 
 06/19  00:55:00,13.75264959158322,13.756913272704903,13.76917696210323,13.787568096491471,18.0,12.634231886829141,22.925165591174693,16.129457053315946,16.131556506014988,16.093618815870855,16.09148338950581 
 06/19  01:00:00,13.811332237819183,13.81543989794768,13.828815430028587,13.846377430039679,18.0,12.702745914094308,22.910069371369126,16.188984414208335,16.19107919476187,16.149727310176388,16.147601760512885 
 06/19  01:05:00,13.904361323037396,13.90828629434209,13.922939976109818,13.939599508188765,18.0,12.803101362153821,22.89516880532127,16.28502322671011,16.287091654385335,16.250173465275452,16.248074125769904 
 06/19  01:10:00,14.0127427741099,14.016481738604,14.03212238003643,14.047885396075642,18.0,12.91177937989843,22.880893665027134,16.383720612976504,16.38575209455962,16.35342613960688,16.35136544325553 
 06/19  01:15:00,14.131609883708538,14.135165076263455,14.151414655648063,14.166305132242336,18.0,13.021517137184048,22.867251995256794,16.484062518791234,16.486058098790977,16.458151468890833,16.45612766576835 
 06/19  01:20:00,14.258348440744383,14.261724744817748,14.27818470564641,14.292234691145326,18.0,13.144980124746597,22.854165608100057,16.58579397008714,16.587753325751294,16.56402151756174,16.56203458821375 
 06/19  01:25:00,14.391219410607384,14.394423187566334,14.410699188770757,14.42394481986506,18.0,13.269317708995963,22.84166620493223,16.688880740126592,16.690803767403054,16.670981191189526,16.66903095751786 
 06/19  01:30:00,14.528992836425454,14.53203125613706,14.547744338169188,14.560223597566967,18.0,13.403649173496454,22.829671254277116,16.793246948529713,16.795133268114057,16.778943917142897,16.77703049880705 
 06/19  01:35:00,14.670769901181325,14.67365052502375,14.688441829317437,14.700193179354056,18.0,13.538688931158696,22.81821703053222,16.89889728642561,16.900746845288154,16.887906160425814,16.886029377275122 
 06/19  01:40:00,14.815877575658916,14.818608088861799,14.832140289780506,14.843201820334581,18.0,13.681304538114025,22.807222192341623,17.005766036987552,17.00757849983239,16.99779595480834,16.995955926372062 
 06/19  01:45:00,14.963801600709244,14.966389638459239,14.97834670873307,14.988755604461481,18.0,13.824503371800068,22.796728435908978,17.113864260419746,17.115639615811233,17.10861931067683,17.106815855596096 
 06/19  01:50:00,15.11414203985297,15.116595074398191,15.12668124805098,15.136473460369832,18.0,13.973561151572603,22.78666003651759,17.223131433099752,17.224869386792875,17.220311871514014,17.21854510777473 
 06/19  01:55:00,15.266582893468955,15.268908161905902,15.276846559043813,15.28605661228107,18.0,14.123105813398125,22.777061528251753,17.33358042143618,17.335280986085593,17.332883848713664,17.33115360711747 
 06/19  02:00:00,15.42087082385389,15.423075283531649,15.428606443880454,15.437267330644087,18.0,14.277254298295043,22.767863454103264,17.44515483510463,17.446817749766865,17.4462768778871,17.44458327856296 
 06/19  02:05:00,15.518859866259104,15.520947856056733,15.523178818493927,15.531318209760128,18.0,14.384942362513572,22.759111403394552,17.442755667807717,17.444371900454485,17.44605224046188,17.444403749750165 
 06/19  02:10:00,15.594044207540989,15.59602104131077,15.594779270629967,15.602424870150601,18.0,14.483447063279998,22.749408181894264,17.43694990184548,17.438550575995805,17.442612998193113,17.440978114860457 
 06/19  02:15:00,15.654624416452393,15.656495586936233,15.651776605593584,15.65895557588674,18.0,14.579944374609065,22.7393709975262,17.429835128353034,17.431417474399495,17.437897594304104,17.43627880762631 
 06/19  02:20:00,15.704833943214396,15.706604920127152,15.69847431171811,15.705212931551625,18.0,14.659525789363764,22.729062613509136,17.42221193621549,17.423774760471247,17.43266329562374,17.431061637813855 
 06/19  02:25:00,15.747388930628093,15.749065072974302,15.73762161367983,15.743945134363424,18.0,14.73748452365224,22.7185373053232,17.414429754177263,17.415972801444923,17.42724161600313,17.425657258578553 
 06/19  02:30:00,15.784143097177331,15.7857296016161,15.771087083787174,15.777019651219463,18.0,14.803532708677285,22.707818120113647,17.406628922168352,17.408152192251805,17.421764355183086,17.420197255691846 
 06/19  02:35:00,15.816403534266003,15.817905403576098,15.800183154755366,15.805747769024318,18.0,14.868271474221563,22.69694633066097,17.398882863111112,17.400386518302014,17.41630135737057,17.414751329898934 
 06/19  02:40:00,15.845114459961637,15.846536484942755,15.825854399870078,15.83107290189931,18.0,14.924218846873003,22.685943697876557,17.391221540747665,17.39270575545305,17.410880509062395,17.409347370585067 
 06/19  02:45:00,15.870971736676191,15.872318487255408,15.848794471058282,15.853687549382792,18.0,14.979085725717301,22.674842696139272,17.3836671714904,17.385132173222985,17.405523422438364,17.40400694457128 
 06/19  02:50:00,15.894497186918567,15.895773009508504,15.869521718097547,15.874108930442752,18.0,15.02730160385735,22.66365873637563,17.376226819666954,17.3776728221369,17.400236599834216,17.398736577204943 
 06/19  02:55:00,15.916088276394449,15.917297295433404,15.88842957024586,15.892729375706546,18.0,15.074609462478584,22.65241887451525,17.368911002604364,17.370338266620422,17.395030890150224,17.393547073926925 
 06/19  03:00:00,15.936052123331404,15.93719824557532,15.905820913893239,15.909850712404815,18.0,15.116780337704785,22.641131464729657,17.3617193737864,17.363128141828497,17.389905837532353,17.388438004517297 
 06/19  03:05:00,15.959214711669711,15.960307278703084,15.927962298554412,15.931750949706066,18.0,15.161701593256481,22.629820054686554,17.371899425048014,17.373300099015978,17.401380086559755,17.39992100314271 
 06/19  03:10:00,15.983102238532028,15.984146300687524,15.951458603333952,15.955024719585293,18.0,15.203945802275806,22.61873431744447,17.385372150315277,17.38676147490719,17.415658153552386,17.414211767015672 
 06/19  03:15:00,16.007244585132117,16.00824399139875,15.97560363698117,15.978962578213565,18.0,15.246168645995825,22.607721741874947,17.399869773900832,17.401248432075022,17.43082044097224,17.429386001702028 
 06/19  03:20:00,16.031453321707072,16.032411250689215,16.0000865180914,16.00325165453791,18.0,15.287164904877889,22.596754661783528,17.414757836636625,17.41612640681319,17.44632330809975,17.444900253920764 
 06/19  03:25:00,16.05563196798964,16.056551144323684,16.02473314442782,16.027716397530067,18.0,15.328145164809301,22.585852762438325,17.429815245264876,17.43117406398079,17.461976186072093,17.460564172684826 
 06/19  03:30:00,16.079729449901276,16.08061226864071,16.049440340549378,16.052252507384342,18.0,15.36823716163728,22.57500390297856,17.444943476795856,17.44629267558298,17.477691409974682,17.47629028172412 
 06/19  03:35:00,16.10371971504804,16.10456832042359,16.0741460088732,16.076796977072703,18.0,15.408314401011507,22.564225847695138,17.46011359156256,17.461453315375138,17.49344554919321,17.492055121634507 
 06/19  03:40:00,16.127590974291717,16.128407312018137,16.098812858020548,16.101311755719834,18.0,15.447749832576344,22.553505503413444,17.475303371689222,17.476633693728274,17.509217699591886,17.507837862337738 
 06/19  03:45:00,16.151339660137552,16.152125513468068,16.123418940932268,16.125774245642454,18.0,15.48717128437115,22.5428584490942,17.490513972543,17.491835024846864,17.525010537264848,17.52364111611837 
 06/19  03:50:00,16.174966924059998,16.1646901975844,16.15934318531716,16.150171570286485,18.0,15.526120862452139,22.532271868607904,17.505736083762145,17.542691693886354,17.514208064587024,17.539455340559698 
 06/19  03:55:00,16.198476565280988,16.18442248593687,16.187582434963133,16.174497026868394,18.0,15.56505684902443,22.52174784897111,17.520970817561306,17.5572012369376,17.52472253792814,17.555282072037585 
 06/19  04:00:00,16.221873791815863,16.205874372519357,16.21385635040186,16.198747848084373,18.0,15.603638368169245,22.51129718067855,17.536219901899983,17.572681356774297,17.538474652264654,17.571123206442508 
 06/19  04:05:00,16.22153714674956,16.203439186556796,16.21545598844555,16.19819746720882,18.0,15.581822286234138,22.500923955382355,17.520118741385318,17.55093130716216,17.52179427182938,17.549564834908665 
 06/19  04:10:00,16.211956669586197,16.191805394401833,16.2072372606193,16.18788234359058,18.0,15.547205367289338,22.490113288816808,17.494077972682703,17.523051302921317,17.49543458113328,17.521710146828696 
 06/19  04:15:00,16.196533949513878,16.174378245034603,16.19279983832871,16.171399801127574,18.0,15.51200214777703,22.479303613613613,17.468267151101486,17.4939907601335,17.46957533694183,17.492651997535006 
 06/19  04:20:00,16.176935085294012,16.152830652520215,16.17393070127744,16.15054134061736,18.0,15.456846525106046,22.4685264177451,17.441883902829204,17.46442986277549,17.443186685086403,17.463089467489567 
 06/19  04:25:00,16.686048599915132,16.539188118738622,16.349535875898855,16.32789377992935,18.0,15.650719004630455,22.457777211996447,17.672624095891592,17.63800652406428,17.514882705175523,17.53594759674513 
 06/19  04:30:00,16.80235808597154,16.636977453606654,16.423418404030073,16.402936040404953,18.0,15.656365890122057,22.463368236102202,17.623112532098958,17.596865101192293,17.5069124920675,17.52551562412617 
 06/19  04:35:00,16.989169360160716,16.77555441533004,16.500686363299035,16.48151666554246,18.0,15.69795416591675,22.45600914643039,17.650956638855575,17.60869561499942,17.506186178421217,17.5232833925495 
 06/19  04:40:00,17.18042160977828,16.9129970541495,16.577781370211206,16.560024778524145,18.0,15.728213659851283,22.451875335901722,17.676453010198998,17.619912373300508,17.50593878022289,17.521134648681596 
 06/19  04:45:00,17.371498313997147,17.04661892859451,16.655126398390617,16.638842404482155,18.0,15.759067353792522,22.447955852616307,17.70008563413478,17.628845015526167,17.504882468334017,17.517702229159227 
 06/19  04:50:00,17.562628017174347,17.176831844453076,16.733060084669702,16.718278667444963,18.0,15.791824689868978,22.4443448282719,17.72288853052578,17.63605234811382,17.503196165089093,17.51397000197153 
 06/19  04:55:00,17.724520359562494,17.288791528159237,16.811747378981025,16.79847556982481,18.0,15.825234903240172,22.4411379221911,17.732008516383928,17.634944506149736,17.501174217740697,17.51007374564159 
 06/19  05:00:00,17.866237541475243,17.388332115662553,16.891260555860054,16.87948685981977,18.0,15.860453369163238,22.43785487450326,17.735747901886555,17.63053289342872,17.49874471401057,17.505870247775647 
 06/19  05:05:00,18.295583695681916,17.65640278073627,17.03205784869206,17.02196864434129,18.0,15.992642443778715,22.434704339385984,17.932607320373222,17.763107430186665,17.57357379675932,17.582315517777943 
 06/19  05:10:00,18.582445871909638,17.856857543757176,17.18059745926743,17.172753864906955,18.0,16.14449165689005,22.437719376302706,18.01597773886715,17.839435809450833,17.64882104954097,17.659482790570905 
 06/19  05:15:00,18.84200579545341,18.04607094437471,17.33657612022769,17.331753328732503,18.0,16.295159723808077,22.43749127963143,18.10014551410154,17.916021945306966,17.72368436428991,17.736455144668753 
 06/19  05:20:00,19.090390106137917,18.230839396682494,17.49724256505242,17.496334539374782,18.0,16.474882860962072,22.437764308586956,18.185579081121432,17.99293715599191,17.798399478561464,17.813450971849534 
 06/19  05:25:00,19.332689846678566,18.412774419071958,17.660642349741707,17.664561671132173,18.0,16.652906006583514,22.438483350977137,18.271847991957088,18.06978181816254,17.8727920299541,17.890287642648786 
 06/19  05:30:00,19.571208337027997,18.59237347276927,17.825369591003348,17.835031898894016,18.0,16.845801957042,22.43963845870478,18.358630713559933,18.146314191479746,17.946829283850604,17.96692955340984 
 06/19  05:35:00,20.11988257817332,18.923421712098666,18.042439543560768,18.06017298142298,18.0,17.123485762197063,22.44124371771998,18.598142323215257,18.301286219066697,18.047271039060433,18.07111588841292 
 06/19  05:40:00,20.770750594061557,19.298684788337553,18.277741635777325,18.305687775020818,18.0,17.425698424381796,22.449637465099855,18.831391129386134,18.45204299569002,18.148735383756843,18.17659461161412 
 06/19  05:45:00,21.472992439221464,19.691070628669447,18.522684594331672,18.562871235282707,18.0,17.726273087221376,22.459963273038973,19.059978521531093,18.596463542807726,18.24944558643665,18.281643784412495 
 06/19  05:50:00,22.20096181277933,20.086900040557396,18.772883773625246,18.827233061001515,18.0,18.058727607914662,22.47139052071049,19.28419213670361,18.734416383322355,18.349302255339353,18.386176483697227 
 06/19  05:55:00,22.954688623824623,20.48154351804243,19.023467267697498,19.093722944314226,18.0,18.395514338635227,22.484187870798106,19.512294448648845,18.867895852090555,18.44748777881614,18.48931593018176 
 06/19  06:00:00,23.696994858195897,20.863354425257146,19.276246759185785,19.36414612295608,18.0,18.751046466265844,22.498262381660606,19.73015793329904,18.993196530291186,18.545977185039533,18.593178398966984 
 06/19  06:05:00,24.44415013533402,21.223795288133946,19.520059871358292,19.623975748141333,18.0,19.08676843727361,22.51332356160289,19.935399013576216,19.099927808760185,18.632208077831137,18.682009814326534 
 06/19  06:10:00,25.756242794961405,21.75775203225009,19.80093397750983,19.92185380271225,18.0,19.435631485637728,22.559208379905524,20.411191815200368,19.291395057861223,18.735672775383193,18.789438266856223 
 06/19  06:15:00,26.700615049009535,22.149577927437324,20.05577896171916,20.193039011825135,18.0,19.78901454018401,22.602555850498895,20.611080315913114,19.38259677180747,18.819932898620095,18.876180533651393 
 06/19  06:20:00,27.560003861610557,22.49538327670322,20.304345564501748,20.45756377308994,18.0,20.15149148530965,22.63773432416948,20.809642624922276,19.464673939593865,18.900905274590116,18.959645020327457 
 06/19  06:25:00,28.374072970330282,22.809976127033135,20.549817278274134,20.718707464479607,18.0,20.51827557769161,22.67076430579891,21.005201329158012,19.540596735062763,18.981068711305966,19.042343815100708 
 06/19  06:30:00,29.156885399716522,23.099072016541545,20.793415882736607,20.977748574506577,18.0,20.89599359948948,22.704279419243928,21.197765034578424,19.610888150913866,19.060656587526637,19.124500161153094 
 06/19  06:35:00,29.593789658633437,23.2756917438948,21.008598636061933,21.20722282607962,18.0,21.182655642018094,22.738967913199716,21.24229175283881,19.633901565579663,19.12636837137393,19.192205817044453 
 06/19  06:40:00,29.907394619951763,23.408290218252404,21.212636440418507,21.42472251579398,18.0,21.457056521284212,22.769467769980885,21.281953254068355,19.655770358754864,19.189826379632905,19.257592339468033 
 06/19  06:45:00,30.147354102318715,23.514275291538286,21.40950508424074,21.6343828143534,18.0,21.729888358036245,22.799214973018874,21.31978539217664,19.67833358398019,19.25252393182666,19.322147426737615 
 06/19  06:50:00,30.337916871545186,23.60266988420481,21.60113185308042,21.83824741099942,18.0,21.977825952407215,22.828202262094486,21.356106735331252,19.70180067922672,19.31450089504574,19.385895860573214 
 06/19  06:55:00,30.493630723949373,23.67909933600597,21.78867069982114,22.037560119883057,18.0,22.224111379020353,22.856400963862107,21.39101131987377,19.726332105492304,19.375786221227088,19.448865320665675 
 06/19  07:00:00,30.623771112529965,23.747268606264814,21.97285440314462,22.233123010868674,18.0,22.454708511002774,22.883926563357296,21.4246097702744,19.752126090341903,19.43646234216658,19.51114198030325 
 06/19  07:05:00,30.213272833074388,23.79046809734698,22.215800149349715,22.47989309704762,18.0,22.803198815979602,22.910773551717856,21.31209497163718,19.869362726923782,19.624325487762235,19.698875696752395 
 06/19  07:10:00,30.24407823414906,23.938704854829076,22.509153705467725,22.775691344013072,18.0,23.16504031665403,22.94507919663499,21.493359282345978,20.04886706425367,19.832979548996434,19.906750516784427 
 06/19  07:15:00,30.37253930413844,24.122186438470333,22.82488780658055,23.093068418510065,18.0,23.52686426868862,22.978080726586494,21.678634665941388,20.232016741990833,20.043288638940112,20.115880996995315 
 06/19  07:20:00,30.547569144593982,24.32668570441739,23.154703185795576,23.423922184480002,18.0,23.918432751400115,23.011008566090783,21.863649146054286,20.417211233432454,20.253587117510676,20.324825391434047 
 06/19  07:25:00,30.749565982136264,24.545673231988836,23.494178295545506,23.763884655570834,18.0,24.310305626683075,23.043850002648146,22.047829402541197,20.60429898957466,20.463725423059145,20.533477268497393 
 06/19  07:30:00,30.967973831204784,24.775314700196596,23.84058125182144,24.110217835432696,18.0,24.719718441335832,23.076556863054105,22.23111198593557,20.793258096585475,20.673696497718254,20.741841337800622 
 06/19  07:35:00,32.70097070941517,25.09462815409093,24.217951079706364,24.487605814109678,18.0,25.44402552451965,23.109179385933544,23.13379136581875,21.012820441031295,20.897133306500223,20.964281231978248 
 06/19  07:40:00,34.278631389664795,25.37793099190399,24.595677564757924,24.864780232519667,18.0,26.263886711760662,23.157337920142815,23.70882438365186,21.21197703845087,21.118715307418995,21.184539884277058 
 06/19  07:45:00,35.91626133958894,25.636284223999766,24.98028810413146,25.248303864410495,18.0,27.106585223020836,23.200781371948025,24.278105327705134,21.412461020741773,21.34025372751489,21.40465219982525 
 06/19  07:50:00,38.26571319655154,25.896720980729025,25.407325102601472,25.61485307425094,18.0,28.090777626403614,23.245676561662645,25.153341747863408,21.614589971341445,21.56298880528186,21.61555827387116 
 06/19  07:55:00,40.17688554787727,26.22072153647468,25.94289461805173,25.996786900574904,18.0,29.098358986596136,23.299143437264966,25.70312703545494,21.83744493936507,21.814824654850668,21.838479883320588 
 06/19  08:00:00,41.99585900055885,26.570211311294663,26.54740368772154,26.386411814011534,18.0,30.218995515286387,23.34861744211963,26.247282629097015,22.06169550985419,22.07831093528955,22.062697486291654 
 06/19  08:05:00,43.59051854266145,26.869866308997974,27.130189632743498,26.71608657651831,18.0,31.191519922754047,23.399989646204602,26.678073963337056,22.23917023952015,22.298294091899606,22.239974749672115 
 06/19  08:10:00,45.7694429213855,27.163578471924584,27.789395028912264,27.032701633042972,18.0,32.21096678150939,23.55671226268148,27.406263496112388,22.399353917010217,22.53660694921109,22.399864261626476 
 06/19  08:15:00,47.36844456250056,27.44397397484527,28.45004631244737,27.330972064308394,18.0,33.2355298043087,23.650547091137838,27.7365204315426,22.514391306687912,22.72219391732574,22.514534537737404 
 06/19  08:20:00,48.79032956276768,27.7197816471218,29.137058414851758,27.621016226269855,18.0,34.266394734475966,23.669400422935702,28.045613616626042,22.611195109106063,22.90363672608902,22.61095810402327 
 06/19  08:25:00,50.0910357384469,27.993739730428935,29.853871839074447,27.90652058589447,18.0,35.301503543058715,23.680269252313465,28.349433987503403,22.714608886719418,23.104282846198714,22.71391994713258 
 06/19  08:30:00,51.29303673245602,28.267319660689292,30.60099324406209,28.189617537854172,18.0,36.34781444733556,23.68096293900488,28.645655725156985,22.823051980707874,23.322370245808088,22.821879536707115 
 06/19  08:35:00,51.55054268654471,28.539045276540282,31.241617368005066,28.469301091037885,18.0,36.913086933879924,23.68456931806974,28.543215198552616,22.934904937995725,23.517624504338187,22.933539764210423 
 06/19  08:40:00,51.50902946267004,28.80567065041032,31.835106599375255,28.74266573147854,18.0,37.38583310393664,23.686698032377546,28.44832131491455,23.046002636851426,23.710185889130003,23.04451807196233 
 06/19  08:45:00,51.29513106752353,29.066112995221328,32.39113057629689,29.008879836001892,18.0,37.84848534243786,23.692264224241626,28.357442779306552,23.157794598978967,23.9006637353894,23.156249486794877 
 06/19  08:50:00,50.97063202334343,29.319794645406237,32.913737103660104,29.267554269397525,18.0,38.15790563695696,23.701339579991412,28.269978809852205,23.269795737193533,24.087888489378543,23.268250227608974 
 06/19  08:55:00,50.57216894921518,29.566386592271527,33.40535919624388,29.51850361518575,18.0,38.45978680054437,23.713227666130017,28.185406708100004,23.381447443292927,24.270753675937613,23.379960169071637 
 06/19  09:00:00,50.12282125199919,29.80571009839265,33.86767372306968,29.761660060901864,18.0,38.66507458097393,23.72743586749997,28.103450513381404,23.492457846273567,24.44854195633053,23.491083022709972 
 06/19  09:05:00,49.69087603523061,30.062809752032578,34.33678047591081,30.022122788081806,18.0,38.93449156387216,23.74351896139879,28.06752857722364,23.638885327152593,24.66645256987283,23.63767070053933 
 06/19  09:10:00,49.247940577743826,30.32137281453471,34.79096965938861,30.283676566016332,18.0,39.1508647493514,23.768420995679108,28.035321548170486,23.78564801069774,24.86505250929838,23.784641216894784 
 06/19  09:15:00,48.79400834132974,30.57781328804027,35.226308929743354,30.542795322518742,18.0,39.36077966802304,23.791215015227802,28.043129670118674,23.968445988514873,25.108040540501747,23.9676825859176 
 06/19  09:20:00,47.91148890162359,30.926518520603537,35.56115849324191,30.89392017943746,18.0,39.543516330442124,23.91035962990109,27.880991648821634,24.206505968294323,25.31209119812621,24.20602524010644 
 06/19  09:25:00,47.343986245477495,31.218404436591342,35.93375947546655,31.18800062029286,18.0,39.72007443441173,24.026575333972396,27.90217817281814,24.394475060016134,25.540197874319006,24.39433128321872 
 06/19  09:30:00,46.83578791750507,31.495225884414708,36.2988381796969,31.46681640874945,18.0,39.87184055767462,24.12638162335472,27.88904775727167,24.547342940008434,25.722447328711155,24.5475393928607 
 06/19  09:35:00,46.56767419099428,31.736147480541288,36.723811744101994,31.709557109035103,18.0,40.19552176806839,24.181606184894036,27.947717205311733,24.657341431587497,25.906861266213355,24.657756465367584 
 06/19  09:40:00,46.36795800185071,31.962578932837545,37.1656365404879,31.93765380144552,18.0,40.533818266010606,24.184131416060396,28.007849769726363,24.767951371264417,26.09391752566978,24.768603044678343 
 06/19  09:45:00,46.19892266852058,32.18001316670293,37.615457288782046,32.15661862528163,18.0,40.871456815942906,24.182587629233677,28.0699207150696,24.88394306965961,26.28622351427873,24.884848955206735 
 06/19  09:50:00,46.04203031115738,32.39127355224747,38.06904855639382,32.36929088240488,18.0,41.24691177810822,24.184327768808537,28.131809629168174,25.004384999191643,26.48237112067261,25.005564957041543 
 06/19  09:55:00,45.886404121938234,32.598088120337565,38.52385124332723,32.577412042892206,18.0,41.62107205722974,24.189972167716572,28.191309334783284,25.12774747800256,26.680653575065264,25.129222209204727 
 06/19  10:00:00,45.98882464384156,32.6405442648078,39.06331323199592,32.62107420267338,18.0,42.01420305093863,24.1999471083413,28.361355362365828,25.179215428854548,26.927416046274516,25.18095405671079 
 06/19  10:05:00,45.7769417638542,32.684080993348196,39.44370778611306,32.665734882991735,18.0,42.30403335553132,24.213811668826306,28.249540319190373,25.14716096945358,26.963481087732816,25.149179453100146 
 06/19  10:10:00,45.47941867504745,32.71333174755998,39.77771222375306,32.696034161319666,18.0,42.58489873321931,24.224842223171066,28.117286467621966,25.106371786003592,26.994259332614433,25.108683658400196 
 06/19  10:15:00,45.12894007808958,32.731329280602765,40.08454587427477,32.715011710873064,18.0,42.863883766972926,24.239028004843245,27.975652479560097,25.065082580537478,27.023582435704725,25.067685364926092 
 06/19  10:20:00,44.738401227389225,32.74095191594936,40.372340739210514,32.72555241831485,18.0,43.117545297235004,24.254573881535183,27.825180188876573,25.023919223737778,27.051551805038002,25.026803989738994 
 06/19  10:25:00,44.314749854399174,32.74424715221978,40.6455647460607,32.72970960102167,18.0,43.369357158014324,24.271175173884682,27.665483791705242,24.9829308186836,27.078032843638425,24.9860807967882 
 06/19  10:30:00,43.86204514287062,32.742674491937684,40.90681189046847,32.728947857489324,18.0,43.60489065341639,24.288539225591517,27.53736232498568,24.98178370788372,27.143657296186007,24.985182815098256 
 06/19  10:35:00,43.0414396066934,32.673361272701776,40.83297862224382,32.66039727479478,18.0,43.337326197916504,24.408722547407816,27.232823223962384,24.96184529319794,27.06531716083765,24.965311414105372 
 06/19  10:40:00,42.04412589676251,32.800036144142176,40.55732773647289,32.7877954537869,18.0,42.96851212460281,24.518301314191202,26.866155077726717,24.999116261572453,26.895912259467195,25.0026605506132 
 06/19  10:45:00,41.09237266034244,32.77252634857852,40.268526845866226,32.760970749058096,18.0,42.59525820115513,24.55259986744061,26.533534266796096,24.91218503202208,26.731625472084886,24.915753411355695 
 06/19  10:50:00,40.149812590556046,32.70452181735591,39.9380096735236,32.6936117365468,18.0,42.07127556289681,24.540056248633892,26.213789000586644,24.824128465609306,26.564153863714864,24.82761328851427 
 06/19  10:55:00,39.223916515401314,32.61405761375844,39.57153010015641,32.60375762630559,18.0,41.544597820836294,24.526821684978987,25.91196259243827,24.740119397240335,26.396469045883464,24.74347301263174 
 06/19  11:00:00,38.32198639397317,32.508622207788,39.174749653425984,32.49889998156822,18.0,40.930238297826556,24.51615762816685,25.628467067368547,24.659068445393984,26.22091492974573,24.66225930756616 
 06/19  11:05:00,37.61233931938044,32.51355840471671,38.91981736784259,32.50436152196116,18.0,40.540056883181556,24.507565496883426,25.549834010902714,24.747323326298556,26.23734521901912,24.75034669832337 
 06/19  11:10:00,37.059322699628986,32.85937373299203,38.59412404787572,32.850677372994994,18.0,40.12780146361907,24.509929635202063,25.528512875056663,24.989473399770418,26.217630155120787,24.99243297098593 
 06/19  11:15:00,36.54345115330637,33.02615740560795,38.34186981872036,33.01793819898521,18.0,39.707263533866424,24.51865431582138,25.50638051843623,25.09819998854516,26.237533530308838,25.10108909958427 
 06/19  11:20:00,36.07900573855743,33.162387208522404,38.100807817003634,33.15461957987429,18.0,39.30345558830296,24.523926782248584,25.500549404441927,25.20480942962098,26.253752476576892,25.20757582792885 
 06/19  11:25:00,35.78605722204982,33.56139905915205,37.72051691109708,33.554064659367775,18.0,38.89208314270527,24.53024333224919,25.566382567146775,25.43845850946866,26.206463066527817,25.441199462841723 
 06/19  11:30:00,35.49134934783771,33.77923301762469,37.43094321132053,33.77231276632545,18.0,38.478974890142254,24.543412347832433,25.611269749855694,25.551674917118305,26.216861011271305,25.55440829155185 
 06/19  11:35:00,35.420102413254455,34.04843350711652,37.66399314640518,34.04190717969886,18.0,38.815991056588395,24.553093032736022,25.727565899579986,25.70560484831043,26.482286306786932,25.708364734454904 
 06/19  11:40:00,35.19318017018299,34.0421414131066,38.20728872023647,34.03598726601258,18.0,39.28819928009901,24.571834868473438,25.787071418599908,25.77159630409409,26.847888014450973,25.774312274318163 
 06/19  11:45:00,35.09353443490368,34.23091078535017,38.75467273864125,34.22510991386601,18.0,39.762528562560775,24.690367388425933,25.913939657099434,25.95768669693797,27.141610586793263,25.960340891371345 
 06/19  11:50:00,35.00710483828841,34.46547543329268,39.34546833019782,34.460012770107525,18.0,40.45376141643348,24.765024042781285,26.008707539282227,26.105725981363435,27.398535109908494,26.108437074728045 
 06/19  11:55:00,35.0100254016095,34.72396470315964,39.9687390025181,34.82321185072561,18.0,41.14740038863865,24.772013297613956,26.12879270748175,26.248995936253777,27.649963252710904,26.277909123805046 
 06/19  12:00:00,35.14201974351195,34.997933980673345,40.61463320175199,35.36070403416981,18.0,41.968533464373664,24.780264102177018,26.28033861599306,26.39819886306475,27.905483548170253,26.494029735395884 
 06/19  12:05:00,34.965474040517336,34.9372205257467,41.29940543020045,35.71889916617389,18.0,42.61850965241139,24.793464507413784,26.326748792168303,26.437661426918567,28.225763817403106,26.65062671519496 
 06/19  12:10:00,35.03183300532204,35.10567124736158,41.89752739585135,36.358127157468736,18.0,43.306105098143476,24.798041183502423,26.522576939598366,26.637602611150555,28.500390731905554,26.97972134166895 
 06/19  12:15:00,35.162823706391436,35.32715687708592,42.46771769397416,37.109670824385496,18.0,43.98469553067043,24.817023981016835,26.7261114284795,26.844137660842364,28.775951299309554,27.324851289546018 
 06/19  12:20:00,35.32959371267924,35.57579071817553,43.01822521627795,37.94249319493894,18.0,44.648443122277115,24.83999723203405,26.932145617235847,27.053022533097987,29.049474137590607,27.691557765105472 
 06/19  12:25:00,35.51992665865755,35.841451842990644,43.55163858947164,38.841870660459186,18.0,45.30330950297288,24.8666507459084,27.140011739606848,27.26366352661273,29.32042730833234,28.07906955829401 
 06/19  12:30:00,35.726637562110724,36.118409215162835,44.06883851283888,39.798385850055936,18.0,45.942844690406915,24.89647870862392,27.3606945642872,27.475673813452886,29.588290177692897,28.485799087381224 
 06/19  12:35:00,35.855859419034964,36.30984505565187,44.33279104759754,40.62660935717406,18.0,46.2428799333334,24.929077422959836,27.52217693228596,27.646009329472804,29.734450190572943,28.830695739045495 
 06/19  12:40:00,35.96518942595537,36.475403615057914,44.512076240423056,41.42353405967741,18.0,46.47520916285238,24.95721236780785,27.690856393416084,27.815147555189355,29.885606825697664,29.178920780758972 
 06/19  12:45:00,36.065346735531634,36.6267966386988,44.64069637051151,42.20518731783229,18.0,46.705228177272,24.985922645552524,27.91107676750937,28.029023098802895,30.087837067097382,29.57425059886623 
 06/19  12:50:00,36.16084282158462,36.7692679766944,44.734576312019335,42.977907093453354,18.0,46.837933046715634,25.125136349540803,28.079035735008233,28.203847221062915,30.232383198957848,29.930050350530564 
 06/19  12:55:00,36.254071043846686,36.90577497656843,44.8029251308223,43.74491489516805,18.0,46.96955229567358,25.146344243446435,28.239927859286695,28.363100869500386,30.368016852285336,30.270375129108004 
 06/19  13:00:00,36.34635453603965,37.03807880791036,44.85138746175874,44.50789345023008,18.0,47.047395150131386,25.166023870794437,28.40503841192492,28.525830100125745,30.505575700789905,30.611340441767254 
 06/19  13:05:00,36.16753399612873,36.87049628346103,44.92910536369768,45.27955149557627,18.0,47.17354320969108,25.1845750508153,28.334580883304398,28.438136866232924,30.531191500541354,30.831867529660713 
 06/19  13:10:00,36.13035349595811,36.84240921320247,44.95686490118054,46.030033376174885,18.0,47.27419761138216,25.191831605845017,28.344285378763573,28.44512234982892,30.535807795671133,31.0326360403659 
 06/19  13:15:00,36.11662487571529,36.83486195922324,44.96232147623077,46.7752726945627,18.0,47.371826313304496,25.208803880098888,28.358959965479073,28.45626321035229,30.536200076823206,31.237517416705828 
 06/19  13:20:00,36.11147924274839,36.83364785770233,44.94952923868213,47.51809252940785,18.0,47.459066013524684,25.227552087842568,28.374910245055844,28.468449605012438,30.532884601638386,31.44022488444017 
 06/19  13:25:00,36.110030527401335,36.83434300989035,44.92004927799598,48.25958313272943,18.0,47.542910787430685,25.247846778890217,28.391100897064632,28.480843097013747,30.52576574362388,31.639795798845284 
 06/19  13:30:00,36.109778202830256,36.83474682563183,44.874665431850254,49.000188794853464,18.0,47.61572561810143,25.26937358677701,28.407112251126136,28.493078170062972,30.514880953049953,31.835797418750985 
 06/19  13:35:00,36.08802553244879,36.81132827029214,44.66001397522149,49.50566320838188,18.0,47.432771079623656,25.291819597756522,28.414402874618304,28.495471139365748,30.429560956242767,31.91352199716755 
 06/19  13:40:00,36.059534552784015,36.77951154360381,44.38980549404874,49.92066171643151,18.0,47.19973498291009,25.3111301462882,28.41930121942903,28.495596948935145,30.34032513349075,31.97730893360074 
 06/19  13:45:00,36.027140452401916,36.74245522161288,44.087240292238356,50.271529475632626,18.0,46.966755651212665,25.33035840684132,28.423607161699124,28.49526925427955,30.250163054236737,32.02984438071911 
 06/19  13:50:00,35.992089172714984,36.70164254504403,43.763420765874834,50.57028262677936,18.0,46.660700522480944,25.34912461604939,28.470820996274995,28.54081803337067,30.20353386459692,32.12206825113566 
 06/19  13:55:00,36.0917803923076,36.80103667550997,43.34506108085749,50.517588371732344,18.0,46.35494483008419,25.4815802292178,28.518784471866184,28.588040761928426,30.06066350505182,31.997224347080532 
 06/19  14:00:00,36.090575496390706,36.79575170461193,42.973002305135125,50.61795847472089,18.0,46.008227358132274,25.434066082527117,28.50787668772807,28.570592042421936,29.95691452461881,31.995728306027445 
 06/19  14:05:00,36.099741479324365,36.796169005430436,42.6463837645351,50.755468281744285,18.0,45.74686379003496,25.446348900017114,28.509310765754208,28.567729377346325,29.871222634514822,32.01223690418266 
 06/19  14:10:00,36.10849096881633,36.794208450053596,42.33244235290155,50.88622405614107,18.0,45.47470027302615,25.350356684589197,28.521919635359268,28.576829121779497,29.79675705854288,32.0306745001883 
 06/19  14:15:00,36.116519207048384,36.79023628194884,42.02496628816146,50.99985070714251,18.0,45.20201646293077,25.321987943591093,28.548349201618635,28.60093986392576,29.736844700857034,32.05676671197995 
 06/19  14:20:00,36.12401204156643,36.78478765450142,41.72154957295709,51.091560592752685,18.0,44.936328894469575,25.297385743932793,28.56780904812058,28.618605600078297,29.679776307862653,32.07864141941087 
 06/19  14:25:00,36.131104994500525,36.77821985684907,41.4211716727207,51.15884297225685,18.0,44.6704339283041,25.27733804740533,28.604861383020875,28.653134032313233,29.62564462307563,32.096577422081964 
 06/19  14:30:00,36.137882827209154,36.77076860335765,41.12350960946153,51.20037543701653,18.0,44.40689706420085,25.26098108471907,28.628162044690498,28.674918901329875,29.57430880496588,32.110369803328524 
 06/19  14:35:00,36.17762899262346,36.797085095372815,40.938936220898,51.52520062529125,18.0,44.364975474567274,25.24700510467659,28.682639370480842,28.728199598856918,29.571055261598588,32.26267789168878 
 06/19  14:40:00,36.22743854118264,36.833724747184995,40.78470784677715,51.93242576779458,18.0,44.359546246673794,25.239149467783154,28.73252994692143,28.777263604896348,29.5679879548602,32.418138278038896 
 06/19  14:45:00,36.28240609232554,36.875595034590425,40.6431536973839,52.38481071288498,18.0,44.35084691315369,25.234109616081916,28.78189478685067,28.82583488850304,29.563213884079346,32.57493858474061 
 06/19  14:50:00,36.340197775875,36.92023600852383,40.505759033347196,52.865033918411555,18.0,44.399967057874875,25.231292290128312,28.831339005635982,28.874448322745252,29.556594270369942,32.73274349665019 
 06/19  14:55:00,36.39941890975114,36.96616423801139,40.367416848104746,53.36300375365158,18.0,44.44606572890276,25.23018561807731,28.924227587442317,28.969433612998785,29.592629349158187,32.9422880310932 
 06/19  15:00:00,36.459173122353725,37.012422423608434,40.22483107474819,53.872449104209565,18.0,44.521607670679195,25.345915601128322,28.98289486949534,29.027439616073025,29.588605803756877,33.107781066128496 
 06/19  15:05:00,36.44623114945099,37.00127475546894,39.98472144861004,54.283468991939465,18.0,44.389858654356736,25.347061312970556,28.969092150149777,29.010080747440497,29.51115318173163,33.18032458357641 
 06/19  15:10:00,36.40880865701798,36.96998448775311,39.709373464845754,54.66504156329477,18.0,44.23752206213018,25.330993919544987,28.955092252556028,28.99298649712921,29.432251878094576,33.25303003764236 
 06/19  15:15:00,36.357156296061845,36.926476838068396,39.41135712265018,55.02874987987475,18.0,44.08426253028119,25.319033754173965,28.943900967596733,28.978950032155353,29.35683748699273,33.32851282227284 
 06/19  15:20:00,36.29610491607147,36.87451557314681,39.09645241752045,55.37963358826854,18.0,43.8817064900516,25.310690712049,28.934724934514406,28.966910383477284,29.285000920128937,33.405722266136195 
 06/19  15:25:00,36.228500428279624,36.81633539878097,38.76799321824088,55.72046066493693,18.0,43.67880053256235,25.30501092415301,28.927321982352908,28.955986776466375,29.216593586451268,33.48365979554558 
 06/19  15:30:00,36.156129528152704,36.75334930824922,38.4280279437877,56.05284034224965,18.0,43.44838110151288,25.30185006902593,28.921174143572216,28.94627768411351,29.15204694193335,33.56189448401261 
 06/19  15:35:00,35.972400873743574,36.574366558708114,37.92292301479901,55.56085010731476,18.0,42.790512656051995,25.300208611387554,28.868145464810482,28.88496840699281,29.034720444984714,33.27102394615997 
 06/19  15:40:00,35.75215743962181,36.35557405728766,37.380406986974755,54.79984145001354,18.0,42.05767699031956,25.2878076412797,28.811864605089,28.820497938071526,28.924670088973244,32.97037679964831 
 06/19  15:45:00,35.51203190587825,36.114008886436686,36.83060371608305,53.87044009671275,18.0,41.34185506206571,25.27370435161859,28.75608022455117,28.756277029023295,28.825263068157938,32.660669757510846 
 06/19  15:50:00,35.2600893246912,35.85803261155032,36.2888413562313,52.819636138672685,18.0,40.524870708150495,25.257874975883297,28.70098179363538,28.692384136560804,28.735735177851552,32.34217166816984 
 06/19  15:55:00,35.00869266233211,35.60058719152033,35.76747884423783,51.02389643467969,18.0,39.72609096576667,25.24022220945529,28.649583190786416,28.632263657617045,28.655840203470916,31.71824912252964 
 06/19  16:00:00,34.744841223709706,35.37377742427087,35.31759139874514,49.597382490905126,18.0,38.89169397366107,25.214317381809607,28.638444024180217,28.62400085860361,28.637090066287215,31.42606759757723 
 06/19  16:05:00,34.51589328422732,35.21786505208387,34.98221079451175,48.25615597111096,18.0,38.193053601997896,25.30695084794049,28.602005900180302,28.60645567046788,28.59933649680903,31.1212290352197 
 06/19  16:10:00,34.29571532631258,35.068119993818186,34.688376007145436,46.9099904981525,18.0,37.5003518394442,25.288455164632968,28.54748758709229,28.56577516709052,28.544773063833304,30.78417556791311 
 06/19  16:15:00,34.06598104581972,34.8606109132926,34.40468469422156,44.89671235406055,18.0,36.81325197700894,25.248686331431966,28.48907960500867,28.50702044273146,28.48644490772017,30.142645743372157 
 06/19  16:20:00,33.84350759378079,34.64967230698882,34.14117836741761,43.27782549886615,18.0,36.15653366801165,25.203490037301936,28.436779849173263,28.462053487149888,28.434219851224555,29.7864384625135 
 06/19  16:25:00,33.62277796773115,34.41386531724005,33.88825716881758,41.70105155690105,18.0,35.506240681589276,25.164884572886635,28.387299833231964,28.414708426617608,28.38477059597909,29.423043493502746 
 06/19  16:30:00,33.422275088401555,34.11089018186192,33.661808741920375,39.532555923615874,18.0,34.87862843695221,25.12742816968855,28.346955407189512,28.343896521043575,28.344367482033704,28.775582391086232 
 06/19  16:35:00,33.290573421608165,33.97645053916912,33.508676897680196,38.775768072992825,18.0,34.62129790528303,25.084017013880445,28.334741666464538,28.34178831442722,28.332289997026237,28.87592141685184 
 06/19  16:40:00,33.16939845200303,33.95839420473985,33.36943943930342,39.02250425360465,18.0,34.43674712490368,25.058424682931168,28.32298996610342,28.384185407877908,28.320757047836196,29.266123842538832 
 06/19  16:45:00,33.0721755894629,33.95034415672287,33.256737879306,39.11969137191926,18.0,34.24555851145567,25.042424158172196,28.317508883951177,28.403419383479957,28.315535405915057,29.37874193421885 
 06/19  16:50:00,32.98483149676538,33.965883164370794,33.155935341412274,39.28792113341843,18.0,34.1554876509268,25.024003842390865,28.312047201944438,28.428762787562107,28.310409779312522,29.494386869967002 
 06/19  16:55:00,32.90273808518147,34.00281372528384,33.061998420015705,39.520901503572475,18.0,34.059604470333554,25.00765229436606,28.307399811172445,28.467079155561237,28.30618400297226,29.61149272316402 
 06/19  17:00:00,32.82328078239072,34.05900396802797,32.97201066699593,39.8034987772529,18.0,34.01414038072221,24.992838599995675,28.303033529425306,28.505463483937774,28.30232794664505,29.72951604856746 
 06/19  17:05:00,32.67281963837883,34.062791144600034,32.8118970413526,40.048549048816554,18.0,33.85625112500912,24.979416265277045,28.22623484703456,28.47283343435697,28.226195586242056,29.773999726102545 
 06/19  17:10:00,32.534319932264864,34.21395534289682,32.66462006952689,40.90848758767189,18.0,33.70236070492666,25.04824369286683,28.165669458759908,28.521156486636528,28.1663695839444,30.10184867349585 
 06/19  17:15:00,32.3574168112215,34.27319937384845,32.47970838909304,41.36131008759135,18.0,33.54267382778889,25.13324687743057,28.032405078249894,28.445411968147823,28.033917313704364,30.089119272552807 
 06/19  17:20:00,32.164447374793816,34.318055480402506,32.279409292078675,41.732039564830075,18.0,33.36076895742826,25.074753563239685,27.889134422715074,28.36464557100419,27.891507058210777,30.06329299268839 
 06/19  17:25:00,31.960499645756364,34.36151269784317,32.068725169946546,42.06517752207236,18.0,33.172790953465075,25.033919706713863,27.75429572827818,28.298039874941537,27.75765780621714,30.044890674890325 
 06/19  17:30:00,31.74802913976127,34.408955570471036,31.850040894776953,42.37641677612139,18.0,32.96648612278962,24.997977158288265,27.622775043326044,28.239931845363344,27.627203856775054,30.030074453619932 
 06/19  17:35:00,31.505303013809794,34.30872743809084,31.601569851653768,42.17593677924093,18.0,32.6442509395147,24.965964351827193,27.481069368011163,28.111798495450216,27.485720987527884,29.784112940123123 
 06/19  17:40:00,31.249596521826547,34.14967957121044,31.340539826713997,41.79855155970806,18.0,32.292307809514895,24.93183693691659,27.338805642442253,27.97780123331279,27.343593858876375,29.539901495528852 
 06/19  17:45:00,30.98528627636733,33.95030354420078,31.07128254268133,41.3145573400917,18.0,31.94275551526648,24.89878806119467,27.197039038180037,27.83955471762522,27.201884312189577,29.294596634353184 
 06/19  17:50:00,30.714613354916825,33.71902936656659,30.796001651847426,40.75745476197521,18.0,31.556948871339262,24.86654049939416,27.05554185722599,27.69674300447207,27.060362466611878,29.047372871940127 
 06/19  17:55:00,30.441827155108694,33.45811785501349,30.518914198728574,40.133572199413464,18.0,31.173441283105213,24.834520821276016,26.91529537156464,27.54779678159241,26.920006586949853,28.7914830176411 
 06/19  18:00:00,30.163218751470517,33.17369222302141,30.236284071418336,39.47565789601057,18.0,30.771645202310424,24.802500558527587,26.773661055617765,27.39457718961478,26.778180104375906,28.538378413636906 
 06/19  18:05:00,29.871350671880393,32.85408319323565,29.940444768689314,38.76330760811345,18.0,30.353238887395328,24.770313151789527,26.63046007540413,27.230541004300676,26.634685402008472,28.273596175705393 
 06/19  18:10:00,29.57405322620843,32.508546073482144,29.639359598902537,38.01699212639456,18.0,29.92578826473048,24.732210852684943,26.491000752717582,27.0651774749208,26.494855375735938,28.010067616859146 
 06/19  18:15:00,29.273484194347105,32.13925523171239,29.33520188695504,37.24319215699559,18.0,29.503980933415907,24.704923845682703,26.390150320595012,26.937397594221295,26.393582893404243,27.78859815320004 
 06/19  18:20:00,28.970800482615026,31.746932165492677,29.029127454733892,36.44534409065064,18.0,29.078808852307247,24.78360709583457,26.29351738517687,26.808059740973874,26.296484660063925,27.567056807993595 
 06/19  18:25:00,28.66672832477045,31.33149618455673,28.721855954612575,35.62519145070164,18.0,28.659430160317232,24.843335017165714,26.185480435956492,26.660991525035342,26.187889504639713,27.3297332723385 
 06/19  18:30:00,28.361733993420245,30.89222837558502,28.41384463999647,34.78322604206957,18.0,28.244370849565193,24.888947749215927,26.07016715408423,26.500481632173432,26.07197003492513,27.08047670612541 
 06/19  18:35:00,28.090142815385764,30.54462545862846,28.13940490684675,34.13270804497764,18.0,27.884961701382426,24.92426770442602,25.96725771350225,26.38656086260147,25.968586802872778,26.92341106474305 
 06/19  18:40:00,27.830414216741964,30.225603309431722,27.87698396169822,33.54930101358219,18.0,27.541840367791057,24.95482880462475,25.862207096592215,26.270182338673237,25.86301320600967,26.768201623537948 
 06/19  18:45:00,27.577803894326316,29.923698099647325,27.62182976457323,33.01038954213561,18.0,27.202921494489868,24.977184374320572,25.754596310044917,26.151539790726588,25.75484388746861,26.61425702468057 
 06/19  18:50:00,27.330104824774857,29.63563090075422,27.37172693032595,32.50877976407045,18.0,26.887288055390172,24.997086902172803,25.645415155935723,26.032615084370832,25.645056363804656,26.46392119792938 
 06/19  18:55:00,27.067542820721496,29.10057864169412,27.106894071890693,31.563269007552258,18.0,26.576593435223412,25.016838270273638,25.52562389633863,25.78938911022192,25.524598445854622,26.07990820409725 
 06/19  19:00:00,26.821709645359316,28.67702122079321,26.858912779637077,30.847714366363732,18.0,26.287122028075245,25.025514456738893,25.412875037967865,25.636875621474303,25.410590927552903,25.889190916466987 
 06/19  19:05:00,26.61690719507374,28.297457237795008,26.651844906536628,30.201202262854352,18.0,26.05427453152989,25.03747755964742,25.372776418364708,25.550136389840077,25.36760905009794,25.759673791093405 
 06/19  19:10:00,26.43055679637457,27.931073158860023,26.463246616619365,29.586754488371444,18.0,25.848947894255705,25.04808234133037,25.333862662270235,25.463765828367855,25.327589898167048,25.63243904065132 
 06/19  19:15:00,26.257171031255115,27.566026938378634,26.287773059382836,28.98817938406037,18.0,25.649081625985982,25.05613928581614,25.29215056636167,25.372170115112112,25.286090006637323,25.501933416744293 
 06/19  19:20:00,26.094287469817868,27.190836913918794,26.122856469243104,28.389033758097526,18.0,25.47885075601594,25.061715031887434,25.24742158689662,25.27333500936561,25.24256870863678,25.362603430553804 
 06/19  19:25:00,25.816665672662307,26.4827190026893,25.843310184454417,27.35978121064414,18.0,25.17191007781946,25.064810319616758,25.1326851355019,25.016887238852632,25.131809142136717,25.01812077555462 
 06/19  19:30:00,25.673840858749838,26.14302744861006,25.69866165060716,26.858056440512776,18.0,25.05760333310044,25.05235145743891,25.113928153214033,24.994031690950578,25.113167577709987,24.99463577890333 
 06/19  19:35:00,25.570112018024492,25.909763612871235,25.593216430977986,26.51215196887281,18.0,24.94497639755293,25.054117857298465,25.09667773188255,24.973033256754604,25.095968281134276,24.97318389502749 
 06/19  19:40:00,25.48763483153854,25.734640018195737,25.50912702970914,26.2527568711487,18.0,24.874639836082174,25.055447862476854,25.07839044148801,24.95130416216182,25.077714059817367,24.951269012757507 
 06/19  19:45:00,25.418676593890595,25.59687844446435,25.43865799718032,26.049699190763818,18.0,24.804760223479654,25.056416892507194,25.05906873049821,24.92885483745124,25.058419437869247,24.928751708903974 
 06/19  19:50:00,25.35875184710359,25.48437032197844,25.377320863211985,25.88504625901573,18.0,24.756770258651308,25.056975128398943,25.038836007635723,24.905773642456097,25.038211401846752,24.905650282475335 
 06/19  19:55:00,25.305042131920064,25.389480011790987,25.32229374541647,25.74759394299435,18.0,24.70872280657832,25.05705518887519,25.017749832741174,24.882087825730537,25.017148571636312,24.881963397111804 
 06/19  20:00:00,25.255704168224998,25.30719608649914,25.271729489526376,25.629894750361345,18.0,24.672542224695334,25.056685657051116,24.995878334283702,24.857852272852483,24.995299672462295,24.857734093847057 
 06/19  20:05:00,25.19843226509147,25.22583070897778,25.21346729201057,25.52025072150038,18.0,24.607662494488764,25.055834851138865,24.94669840429617,24.810136654463065,24.946135300864057,24.810024731968667 
 06/19  20:10:00,25.139804856840406,25.148191446696362,25.153960398539702,25.418859794755157,18.0,24.544915257947217,25.05435753590982,24.900600890357396,24.765863900602483,24.90005507111823,24.76575751027258 
 06/19  20:15:00,25.0808449969502,25.073833051248105,25.094201209406958,25.32410970736084,18.0,24.481963974852672,25.052346814393793,24.85471812417643,24.721856628710952,24.854188976617422,24.721756484346486 
 06/19  20:20:00,25.021881633077257,25.002173548435056,25.034502980616757,25.234658939748126,18.0,24.41607378183279,25.049437850118846,24.808684452489047,24.67770469030677,24.808171752908265,24.67761064056947 
 06/19  20:25:00,24.96304690878752,24.932722721783893,24.97498777832531,25.14948204861251,18.0,24.349938887390525,25.04638918875557,24.762574358686322,24.633494120616092,24.762078248155944,24.633405406880456 
 06/19  20:30:00,24.90438819638367,24.86508653615547,24.91569588621832,25.0677951505163,18.0,24.282542046518735,25.042957313541002,24.71634447258367,24.5891752397431,24.71586472819149,24.58909139129412 
 06/19  20:35:00,24.84591264394281,24.79895066173961,24.85662913775472,24.988992921808645,18.0,24.214885052816687,25.039126902610594,24.669980792186777,24.544734070905633,24.66951767104132,24.54465465229447 
 06/19  20:40:00,24.787608294269173,24.734063810005384,24.797771385560875,24.912602255469906,18.0,24.146554004253215,25.03495062954412,24.623501416993747,24.500191732871826,24.6230554378148,24.500116147408676 
 06/19  20:45:00,24.729454604075826,24.670223863742066,24.739098650853865,24.83824875210754,18.0,24.07795095794604,25.030425260652386,24.57689686933884,24.455538015906086,24.57646740539252,24.45546575320202 
 06/19  20:50:00,24.671427763072764,24.607266959854233,24.6805842187265,24.765632456567825,18.0,24.00889086284016,25.025594405105068,24.530181054526565,24.410789331441833,24.52976796170185,24.41071975773366 
 06/19  20:55:00,24.613503367717403,24.545059072970588,24.622201168242523,24.694510167894798,18.0,23.939548096895052,25.02045432955544,24.48334649673808,24.365937819677015,24.48294950518016,24.365870373829807 
 06/19  21:00:00,24.555657720721136,24.48348957063766,24.56392357802504,24.624682424180396,18.0,23.869808191944472,25.015044335348907,24.436404711044247,24.32099711975343,24.436023612915733,24.32093112248731 
 06/19  21:05:00,24.52729316929377,24.44846385119966,24.53510245169538,24.581477902937774,18.0,23.84509881647938,25.009366003253476,24.436241358005873,24.31996712191318,24.43587846920218,24.319902483332612 
 06/19  21:10:00,24.509165132572146,24.423392668847804,24.516529274310294,24.548628160871395,18.0,23.828112192449108,25.00403380133339,24.43889935547412,24.321038358439864,24.438546074234182,24.320983874448984 
 06/19  21:15:00,24.49698426242161,24.404413571817692,24.503921640292898,24.522307440385784,18.0,23.811287179582408,24.99871781577768,24.44257355680702,24.322890486516883,24.442229263136937,24.322845283699507 
 06/19  21:20:00,24.488720893176872,24.38962915661919,24.49525225326128,24.50061479523475,18.0,23.806061691906624,24.99338759037536,24.44662798912384,24.325041828421263,24.446292548214387,24.325005051464814 
 06/19  21:25:00,24.48317113628491,24.377876440280208,24.48931792075389,24.482371256145328,18.0,23.800892615021613,24.988051797226184,24.45081830785807,24.327307275234432,24.450491479183825,24.327278365959614 
 06/19  21:30:00,24.47957046316977,24.36839291766558,24.48535396588944,24.466793283162897,18.0,23.801932576989298,24.982701369477567,24.45504036583617,24.329605743418654,24.45472179760634,24.329584370440045 
 06/19  21:35:00,24.47741360619273,24.360658580876162,24.482854521709317,24.453338048603854,18.0,23.80296256909449,24.977349368053016,24.459257364860832,24.331911312139653,24.45894671212085,24.33189719945392 
 06/19  21:40:00,24.4763556825256,24.354307435567122,24.481473869702363,24.44161658576151,18.0,23.807537127011113,24.971983873097486,24.4634475575279,24.334205214157805,24.463144432659988,24.334198191496284 
 06/19  21:45:00,24.47615446213242,24.34907469438723,24.480968830259656,24.431341806561296,18.0,23.812065556416,24.96662081754073,24.467609460862377,24.33648878566919,24.4673135218614,24.336488675562805 
 06/19  21:50:00,24.47663531891484,24.34476398283259,24.481163785074596,24.42229610500981,18.0,23.818683462424076,24.961246016571245,24.471735089545405,24.338753336736204,24.47144595503505,24.338760058592413 
 06/19  21:55:00,24.47766928794628,24.341226330003657,24.48192877603364,24.41431051530164,18.0,23.82523516712592,24.955890761956123,24.475831713584626,24.341008014761314,24.475549084045667,24.341021437732593 
 06/19  22:00:00,24.479158963989384,24.338346352084017,24.483165427831146,24.407250938018745,18.0,23.833048295201856,24.950538694363487,24.47989155381339,24.34324303144649,24.47961508771948,24.343263135216375 
 06/19  22:05:00,24.44512159468999,24.304442703457546,24.448917911174117,24.36969957594644,18.0,23.787004250371627,24.945204780712743,24.431329484029902,24.295405560330323,24.431056722148753,24.295431760274028 
 06/19  22:10:00,24.399698464408456,24.259953247953113,24.40330492597357,24.32186546741309,18.0,23.733129285465314,24.939166537628175,24.376210829745787,24.242693191085948,24.375951765484842,24.242714846897854 
 06/19  22:15:00,24.347968056061532,24.20940665716474,24.35139940887971,24.268213728239264,18.0,23.67916812622289,24.932884975078633,24.319976170382688,24.189154373692077,24.319729657495827,24.189173041314007 
 06/19  22:20:00,24.292211322335522,24.154922400302812,24.29547947151902,24.210827696907337,18.0,23.612542362382605,24.926380296120666,24.263423312698706,24.135376710588844,24.26318896741475,24.135392210496548 
 06/19  22:25:00,24.233722799177396,24.09774429377684,24.23683783770861,24.15092610908191,18.0,23.54564384668319,24.9196780545348,24.206692803302303,24.081465818474612,24.2064705087638,24.08147782382116 
 06/19  22:30:00,24.173289517690982,24.038651835576115,24.176260282605927,24.089269682308174,18.0,23.471860191375395,24.912781136108922,24.149803398408267,24.02743475737077,24.149593036196052,24.0274429624576 
 06/19  22:35:00,24.111408339879436,23.978151112043644,24.114242745858995,24.026349712559067,18.0,23.397704856926914,24.90571911951311,24.09276611168673,23.973295904795123,24.09256763075041,23.973299947068654 
 06/19  22:40:00,24.048401944616,23.91657944418504,24.05110719555134,23.962491415426914,18.0,23.319258697647143,24.898492349590697,24.03557625794639,23.919045235252156,24.035389575471584,23.91904481065353 
 06/19  22:45:00,23.984484677695207,23.854166451835525,23.987067407011335,23.897914206417855,18.0,23.24036904946445,24.8911275433683,23.9782399375448,23.864691146429323,23.978065038397347,23.864685899101914 
 06/19  22:50:00,23.919801459415755,23.791071111774254,23.922267826931105,23.832768266007612,18.0,23.158471538129596,24.883621378276608,23.920750190346723,23.810227358894736,23.920587027454076,23.81021699361611 
 06/19  22:55:00,23.854451518396488,23.727404946507573,23.85680727966544,23.76715740433077,18.0,23.07607171804059,24.875998024319347,23.863112108008863,23.75566112203603,23.862960707006664,23.75564528732491 
 06/19  23:00:00,23.788503269784062,23.663246911594612,23.79075382743978,23.701153726045145,18.0,22.991303880983363,24.868250967077444,23.80531731637393,23.70098462364888,23.805177670297667,23.700963028660112 
 06/19  23:05:00,23.726629391344154,23.603369130245447,23.728779210315437,23.63951705352639,18.0,22.914883639534384,24.86040203637292,23.7548467917743,23.654191045754715,23.75471915914227,23.65416325095714 
 06/19  23:10:00,23.66590054438498,23.544846759562876,23.66795426551576,23.579321487175783,18.0,22.838138321998624,24.852541821802575,23.70495449486384,23.607920838453197,23.704837347980742,23.607888366097427 
 06/19  23:15:00,23.60569937192224,23.487039662070124,23.607661480891995,23.519922824501872,18.0,22.760981702111497,24.844618575425983,23.655132688505603,23.561719906815256,23.655026251533968,23.5616822129233 
 06/19  23:20:00,23.545747243576216,23.429649648204805,23.547622036037332,23.461018700674824,18.0,22.68460252590585,24.836616380978874,23.60530121602301,23.51551373174931,23.605205541141913,23.51547052596021 
 06/19  23:25:00,23.485883974406047,23.372500918664763,23.487675552507095,23.402429303330383,18.0,22.6078103548741,24.828553258958877,23.555455214248127,23.4692992500876,23.55537040225545,23.469250207068626 
 06/19  23:30:00,23.42601021482243,23.31548207072731,23.427722490979622,23.344039425879814,18.0,22.530896190950674,24.82041594472057,23.505585255673395,23.42306641257852,23.50551136051024,23.423011275538272 
 06/19  23:35:00,23.366061330928336,23.258519362338195,23.36769803430059,23.285771738522552,18.0,22.45355054311262,24.81221986470653,23.455697136718186,23.37682142033043,23.45563428093243,23.376759875020298 
 06/19  23:40:00,23.305993401322315,23.20156208585741,23.30755808534865,23.227572155485458,18.0,22.375620250283173,24.803952645843708,23.40578375696748,23.330556334010907,23.405732022430925,23.33048812621456 
 06/19  23:45:00,23.24577522909219,23.144574045376423,23.247271279352315,23.169401300668238,18.0,22.297232543645187,24.795627559059508,23.355850428243684,23.28427662910906,23.35580995812859,23.284201453907144 
 06/19  23:50:00,23.185383606492532,23.087528394368938,23.186814248540525,23.111229331998217,18.0,22.217969036291528,24.787233488960062,23.30589069282769,23.23797500641649,23.30586159311224,23.237892613285 
 06/19  23:55:00,23.124800422711814,23.030404413538914,23.126168729715488,23.05303270597796,18.0,22.138216430138616,24.77878162030944,23.255909051717765,23.191655923246344,23.255891481696608,23.191566018466347 
 06/19  24:00:00,23.064010852685993,22.973185448213098,23.065319752793883,22.99479210249542,18.0,22.057374045114642,24.770262242230675,23.205899714723728,23.14531272830436,23.20589380083004,23.14521506624328 
 06/20  00:05:00,23.065735570184916,22.973039543513245,23.06697599734576,22.99354844501155,18.0,22.07405866716493,24.761684614157666,23.258071615547237,23.19570800395769,23.258076774692654,23.19560374367495 
 06/20  00:10:00,23.090422846482394,22.9943812194427,23.091594375515232,23.013805400976256,18.0,22.108907170541954,24.754308199841564,23.31719353240743,23.252034654197814,23.31718675674682,23.251946149473213 
 06/20  00:15:00,23.128771496098384,23.02874663745286,23.129875666212598,23.047118628375877,18.0,22.143972733118957,24.747382056886295,23.377323675622165,23.309282503407644,23.377307949413762,23.30920648724532 
 06/20  00:20:00,23.176184229595464,23.071909288989957,23.17722345361441,23.089269913711355,18.0,22.206941759181625,24.740816376401597,23.43757418009352,23.366689622720912,23.437550015959857,23.366625485921077 
 06/20  00:25:00,23.22984061547139,23.121250527513773,23.23081774998597,23.137644521178096,18.0,22.269732711301874,24.734620645044874,23.497808085164024,23.424141912366053,23.49777574370046,23.42408927114144 
 06/20  00:30:00,23.28789876087639,23.175043176646405,23.28881686902293,23.190516783744773,18.0,22.34777796101531,24.728733212347496,23.55797373669793,23.48158931529997,23.557933280321777,23.481547998629082 
 06/20  00:35:00,23.34911393648611,23.232108316706015,23.34997614575822,23.24670786910643,18.0,22.425408813745186,24.723162766296745,23.61807371248949,23.539035458615558,23.61802531555861,23.539005180406775 
 06/20  00:40:00,23.41262271532135,23.29161993238958,23.41343213005864,23.305390988907504,18.0,22.51153218780662,24.718194931333944,23.678147968451412,23.596523299555713,23.678091886265634,23.596503691867838 
 06/20  00:45:00,23.477812881538192,23.352986400402926,23.47857252885157,23.365973226376596,18.0,22.597121225253698,24.71323036284717,23.738090965221318,23.653937682011474,23.73802701915497,23.65392885371523 
 06/20  00:50:00,23.544241954751158,23.415775740079887,23.544954751696487,23.42802099957052,18.0,22.687299266249333,24.708472533599405,23.797933600747967,23.711312022024572,23.797861848870184,23.71131382735001 
 06/20  00:55:00,23.611584640213962,23.479667050910336,23.61225337482929,23.49121163491395,18.0,22.77688857932406,24.70394027163449,23.85768590711689,23.768656181046026,23.85760644129016,23.768668444594937 
 06/20  01:00:00,23.67959810243443,23.544418185887217,23.680225423962227,23.555301128945327,18.0,22.86876866214569,24.69960578230911,23.917335757879073,23.825955858143857,23.91724855087125,23.825978539014272 
 06/20  01:05:00,23.692177918441388,23.556008712642402,23.69276627268759,23.566267897582804,18.0,22.888784357623503,24.695477841902918,23.887886031014887,23.792929735753546,23.887791258695415,23.79296256330406 
 06/20  01:10:00,23.685553036715575,23.54848006454849,23.686104769514568,23.5581506251394,18.0,22.896976869894992,24.690116181111758,23.850854068317005,23.753434136467035,23.850769945761556,23.753456978088877 
 06/20  01:15:00,23.6678666244143,23.529679677086712,23.66838395697594,23.538794907729937,18.0,22.904276135643276,24.68467654603704,23.812519814763732,23.712852289916555,23.812444362157066,23.712867524438252 
 06/20  01:20:00,23.642984533911967,23.503413935010627,23.643469560402924,23.512005382001018,18.0,22.89296959473554,24.67900560272097,23.773751942659487,23.67192170656483,23.773684450999554,23.67192992504465 
 06/20  01:25:00,23.613199217031536,23.471984067578823,23.613653907654932,23.480081596519934,18.0,22.8810553770543,24.673119030246497,23.734714200315352,23.630782506187984,23.734654339085466,23.630783914791323 
 06/20  01:30:00,23.579961033984777,23.43687310068271,23.580387240417693,23.44450496219372,18.0,22.858948369351882,24.667036735179874,23.69544655299478,23.589469518701833,23.69539404923637,23.589464276477543 
 06/20  01:35:00,23.544221166703277,23.39907077747935,23.54462062880976,23.40626367330646,18.0,22.836413758802177,24.660777367414276,23.655966263414598,23.54799837644731,23.655920860026185,23.547986634816084 
 06/20  01:40:00,23.506621184661256,23.35925559949626,23.506995537723153,23.366034749682797,18.0,22.807890564878075,24.65435881798094,23.616285824455417,23.506380623292102,23.616247280183757,23.50636252465506 
 06/20  01:45:00,23.46760443625964,23.317903415576307,23.467955218158384,23.324292626438268,18.0,22.779043904951358,24.64779742053043,23.57641575398395,23.464625920266485,23.57638384522761,23.464601595456884 
 06/20  01:50:00,23.42748403189249,23.275354736694403,23.42781268987785,23.281376468971224,18.0,22.746519000028457,24.64110513942712,23.53636426271987,23.422741478931812,23.536338779174798,23.422711051633314 
 06/20  01:55:00,23.38648557076128,23.231857712766722,23.386793467625008,23.23753314923465,18.0,22.713734732655855,24.63429696512315,23.496140390502887,23.38073558941386,23.496121151220905,23.38069915740641 
 06/20  02:00:00,23.34477466116552,23.187596247226875,23.345063080771563,23.192945359118116,18.0,22.678588918589462,24.62737892165835,23.45574934813112,23.338612253500173,23.455736179792098,23.338569912867115 
 06/20  02:05:00,23.320338698876736,23.163616463844086,23.320612297756142,23.168694811786928,18.0,22.651689996285636,24.620365021808396,23.44728562957164,23.33379734848188,23.447278467853437,23.333748353150384 
 06/20  02:10:00,23.300986613290274,23.146277939251302,23.301247302089823,23.15111264391466,18.0,22.623968997414217,24.61368821281143,23.439304901226365,23.330261004345743,23.43929868524384,23.330212991646988 
 06/20  02:15:00,23.284171527955113,23.13257295875016,23.28442058104944,23.137183856616314,18.0,22.59542756939053,24.607135077847204,23.431457355597104,23.327190982390448,23.431452105784672,23.327143639340875 
 06/20  02:20:00,23.26875166948776,23.121097062456265,23.268990053910578,23.125500167361583,18.0,22.566835893946184,24.60066800200802,23.42352797740864,23.324231142295446,23.4235239153399,23.32418408554014 
 06/20  02:25:00,23.254074139197716,23.11102327692922,23.254302636606635,23.115232127461095,18.0,22.537365597480036,24.594298046571726,23.415420848018357,23.32123954484581,23.415418171264037,23.321192518385317 
 06/20  02:30:00,23.23973417177006,23.10182800046358,23.239953442547286,23.105854404454686,18.0,22.50673192601986,24.58799945611765,23.40707503986124,23.318137826199973,23.407073849270432,23.318090729215214 
 06/20  02:35:00,23.225466758165712,23.0931644410202,23.225677378539004,23.097018931133164,18.0,22.475118775036606,24.5817836907248,23.39846509622555,23.31489776689955,23.398465546509897,23.3148504536087 
 06/20  02:40:00,23.21108921814765,23.08479355266726,23.211291702733195,23.088485680230054,18.0,22.44165764778869,24.575625595750427,23.38955849537433,23.311485846650783,23.38956068638163,23.311438248039963 
 06/20  02:45:00,23.196468791726307,23.07654386785653,23.196663607759582,23.08008240034746,18.0,22.407084436705794,24.569536400488527,23.380340762067476,23.30789098866103,23.380344865824213,23.30784296176904 
 06/20  02:50:00,23.181503577935125,23.068287151183274,23.1816911546063,23.071680209912273,18.0,22.370094758410023,24.563493472257594,23.370783026490926,23.304085832114993,23.37078916745429,23.304037298905598 
 06/20  02:55:00,23.166110938820967,23.059923130151557,23.166291673651006,23.06317828956737,18.0,22.331826708171576,24.557507045057957,23.360870554599444,23.300059405027355,23.360878927938757,23.300010216725695 
 06/20  03:00:00,23.15022023455805,23.051369611491562,23.150394497940372,23.05449397315262,18.0,22.29056909890527,24.551557520391288,23.350573668868947,23.295783489313237,23.35058442648358,23.29573355671431 
 06/20  03:05:00,23.146208970814925,23.04903797563994,23.14637473027524,23.052011683548862,18.0,22.286244775919474,24.545653730045107,23.352593078231166,23.296980760230383,23.35260553641649,23.296930926199707 
 06/20  03:10:00,23.146468735928213,23.04902662777364,23.146625643286804,23.05184816407633,18.0,22.287205032322877,24.539923327283113,23.3567677611116,23.29901044435195,23.356778086359668,23.298962354002356 
 06/20  03:15:00,23.149225880126608,23.05040754211367,23.149373979108752,23.05307961850034,18.0,22.28813177409152,24.53427302337816,23.361577256709325,23.301274503542345,23.36158566359404,23.30122797800908 
 06/20  03:20:00,23.153608022353843,23.052715787937878,23.153747536465193,23.055243028836088,18.0,22.298563976145488,24.528676352559554,23.366579002711376,23.303595859946654,23.36658578076674,23.30355077640263 
 06/20  03:25:00,23.159080907934083,23.055661920853435,23.159212157458548,23.058049956855953,18.0,22.308835525110716,24.523141424081242,23.371615856909443,23.305917568180973,23.371621188926838,23.305873818626196 
 06/20  03:30:00,23.16529615443071,23.059054108273827,23.16541951067015,23.0613090753901,18.0,22.324127680384706,24.517653801285135,23.376618408241143,23.3082090112714,23.376622358621262,23.308166566620798 
 06/20  03:35:00,23.172018802657682,23.062760846740435,23.172134660434764,23.064889085205508,18.0,22.339182897107293,24.512220171742474,23.381565751317453,23.31046583434795,23.38156839002488,23.310424637489405 
 06/20  03:40:00,23.179086350283665,23.06668968726593,23.179195110923985,23.068697555181622,18.0,22.35689850435687,24.506828304853407,23.386444119357407,23.31267987868773,23.38644546928066,23.3126399191608 
 06/20  03:45:00,23.186384062882315,23.070774278955174,23.186486123584235,23.072668035895305,18.0,22.374342773207392,24.501850149999413,23.391321413518654,23.314930575377616,23.391321762221992,23.31489154214148 
 06/20  03:50:00,23.193829503909782,23.074966158861546,23.193925251154283,23.076751893550554,18.0,22.393103428885482,24.496252405842267,23.396008294923774,23.31700228066586,23.396007091585204,23.31696481482794 
 06/20  03:55:00,23.201362549793753,23.079229390790967,23.201452355377484,23.080912977202438,18.0,22.411581009157565,24.49133755034083,23.40073671862092,23.31916494826112,23.40073458375133,23.319128331099762 
 06/20  04:00:00,23.208938785850222,23.083536976817175,23.209023004647722,23.08512404891223,18.0,22.43059692381522,24.485812673410717,23.405285278950146,23.321157683058914,23.40528165849952,23.32112257836809 
 06/20  04:05:00,23.224229999619926,23.097921847651577,23.224309308931414,23.09942165676342,18.0,22.460190401874872,24.480959499199596,23.421506281020015,23.33872606719501,23.421502290674198,23.33869130429315 
 06/20  04:10:00,23.242244614448857,23.116005736612234,23.242319407537977,23.117424355299402,18.0,22.49204771165142,24.476046966315884,23.440325741542097,23.359151849804107,23.440318285999297,23.359122245276808 
 06/20  04:15:00,23.261861255580083,23.13631223240422,23.26193184669226,23.137654776943076,18.0,22.52390437019399,24.471243746672794,23.45999903788561,23.38051770286961,23.459988056724058,23.380492955049476 
 06/20  04:20:00,23.282546433298354,23.158122214662733,23.282613091751344,23.159393224078052,18.0,22.558872378184674,24.46651142195345,23.480004340114874,23.402254234745783,23.479989996065,23.402234014586952 
 06/20  04:25:00,23.58655282801984,23.424432453646254,23.453652288537725,23.33942228808549,18.0,22.77002727505756,24.461849816983165,23.632740959799435,23.54401221969016,23.573250909888714,23.50376182644743 
 06/20  04:30:00,23.664558243710243,23.514488103150573,23.543827093285483,23.437375688478923,18.0,22.85344297959907,24.468010298816502,23.6377459264491,23.557108594186843,23.60565120954857,23.53825806411885 
 06/20  04:35:00,23.892479690916055,23.708452096196062,23.66335602137657,23.566508869947945,18.0,22.994644008466807,24.4658355682073,23.734581199249646,23.64215454962107,23.655362998851047,23.592622432878386 
 06/20  04:40:00,24.164138665573617,23.930428911686793,23.79190252179975,23.70599278227051,18.0,23.138280266963434,24.468347235603062,23.832773194116385,23.724899739284865,23.706449963222212,23.64824513701501 
 06/20  04:45:00,24.45816814345115,24.16468421319035,23.92600005629785,23.85208160584306,18.0,23.281951795912775,24.47223107887405,23.930489103491936,23.80553932216992,23.757794856628834,23.704013863083958 
 06/20  04:50:00,24.76547554182951,24.40437974457631,24.06409233384876,24.00302523323952,18.0,23.437720870257042,24.477514714963952,24.027942284776486,23.884430410777327,23.809428483597685,23.76015327919731 
 06/20  04:55:00,25.033990994750734,24.62031402226664,24.20518898338073,24.15768752539142,18.0,23.59348267416763,24.483284332101764,24.103531008965092,23.94962999270797,23.86119071782082,23.816453679667006 
 06/20  05:00:00,25.258933556945827,24.811333234899095,24.34859435193059,24.31526437323439,18.0,23.755960550289938,24.488819602935827,24.16327329495789,24.005686926263024,23.912919070326552,23.872727564460774 
 06/20  05:05:00,25.50580726859575,25.020103270229324,24.520070085687642,24.499441316528277,18.0,23.939707354695653,24.49425271265267,24.25972604507581,24.097170159335178,23.99623268513085,23.96325865410722 
 06/20  05:10:00,25.761534868386466,25.23547307019494,24.705756639991865,24.696701611162005,18.0,24.137258374702803,24.500483464275398,24.360716507032862,24.192347765518775,24.083987445337698,24.057578221269694 
 06/20  05:15:00,26.026421721615485,25.45670011213715,24.903463797775828,24.904522989398867,18.0,24.341240787713826,24.50733556935608,24.464216285383714,24.28949044980311,24.174245750675368,24.153824688342524 
 06/20  05:20:00,26.301696910594778,25.684016258220744,25.11238551208626,25.106220771112877,18.0,24.56429037888992,24.514728586253387,24.57038384020268,24.38882312861415,24.266882264640515,24.26559816817712 
 06/20  05:25:00,26.633104497851292,25.91783115093368,25.33243910615826,25.325439752129085,18.0,24.794103323107556,24.5227637238116,24.68268382739751,24.48905131823153,24.362175859936258,24.36214323555612 
 06/20  05:30:00,26.943026376139116,26.158630720159334,25.563895828692576,25.556879771575804,18.0,25.05223749120605,24.531305491941467,24.796602171037875,24.590803544921698,24.460662991898175,24.460857734120907 
 06/20  05:35:00,27.47050507578698,26.516625838515665,25.85332927147151,25.846506770416678,18.0,25.395644707382093,24.540436955661786,25.019909437672823,24.75170714552121,24.585842609642384,24.58587127313922 
 06/20  05:40:00,28.083315691296278,26.918929750297803,26.174143204925972,26.16758628035193,18.0,25.79234375267859,24.555174025217926,25.247035518666394,24.91452003837935,24.716636203792405,24.71652026092329 
 06/20  05:45:00,28.752384037094217,27.34907363387841,26.521438368609818,26.515166136732233,18.0,26.21076550012145,24.571152492150407,25.476972739670657,25.07701076106423,24.851951426743312,24.851684011425903 
 06/20  05:50:00,29.46443476408456,27.799685203140175,26.893596905500345,26.887605917907592,18.0,26.70668806117211,24.58835520287107,25.710433135089772,25.239718564709847,24.992685620834834,24.9922785606243 
 06/20  05:55:00,30.235620709037892,28.27235247711447,27.28707602553631,27.281353798284066,18.0,27.229801295592658,24.60683537652946,25.960463698133708,25.4062914765924,25.13723194730295,25.136711504384493 
 06/20  06:00:00,31.022150178383914,28.755623851479122,27.706591750440744,27.70112353822827,18.0,27.840510152864166,24.626632903783822,26.203029905658468,25.571221343622824,25.28910680824572,25.288498739163174 
 06/20  06:05:00,32.320439775657505,29.3214473383272,28.034105582670946,28.028998001797344,18.0,28.247447326689898,24.647362475922527,26.655227051243344,25.730082669352328,25.346863205757074,25.34623089561137 
 06/20  06:10:00,33.164990035380775,29.71035234183662,28.31222139115841,28.307487089004074,18.0,28.65416288518987,24.677419202112397,26.764177285946516,25.776016632605547,25.393225079828653,25.39256938606377 
 06/20  06:15:00,33.87461025080757,30.030284490435513,28.559203902090708,28.55483401246804,18.0,29.04841666130988,24.700476909860274,26.869092626722477,25.814217347506542,25.434446401244543,25.433818143863505 
 06/20  06:20:00,34.501556114640024,30.303029861692917,28.782473681289787,28.778450066952683,18.0,29.387887328009516,24.723729576201755,26.968946350537863,25.847928123106954,25.47374030883725,25.473168450700882 
 06/20  06:25:00,35.06817599095811,30.539202963677972,28.98668292766656,28.982983097998964,18.0,29.71768702131275,24.74726703602332,27.064213844465485,25.87762554133974,25.51130675168315,25.510819662771382 
 06/20  06:30:00,35.58789748046874,30.745646987071314,29.1750806293768,29.171680434302463,18.0,30.004220311631666,24.77106520754353,27.155207038762455,25.90363592853174,25.54725516857809,25.546878054172794 
 06/20  06:35:00,35.97829164999395,30.88069309164962,29.315586329875885,29.312461179731443,18.0,30.23147963591477,24.795201980593987,27.19723528845077,25.9063689349274,25.564542719753945,25.564242215135437 
 06/20  06:40:00,36.17336279129663,30.98095683596596,29.43285093035471,29.42997698667597,18.0,30.41574848223713,24.816864737475495,27.188426259956884,25.904976680847255,25.58044595039962,25.580246927314533 
 06/20  06:45:00,36.382241262860724,31.056894787016308,29.533907070419072,29.60799684683936,18.0,30.596470529403327,24.83830168619693,27.214131740045104,25.901493713013792,25.595692341233757,25.614546797956905 
 06/20  06:50:00,36.56915256857109,31.11432005563152,29.622765241373447,29.742858879919254,18.0,30.737030478442225,24.859824188050375,27.24077645688783,25.896695815690805,25.610450577350832,25.63476164848737 
 06/20  06:55:00,36.73590622733577,31.157011150840756,29.70212799052888,29.863886219428853,18.0,30.87544469080899,24.881345394680245,27.266925798583202,25.8908603094294,25.624689807922493,25.654017838968684 
 06/20  07:00:00,36.88561273259155,31.187543932405887,29.77390903608327,29.976151145445787,18.0,30.987877457624563,24.902928028975797,27.29223992093739,25.884282077979265,25.638468712568397,25.672868036786667 
 06/20  07:05:00,37.11258992406728,31.26276238494648,29.900002169010317,30.133838478191628,18.0,31.201706938615775,24.92463525394654,27.395977676226664,25.940498646102924,25.719544747832288,25.75873376109257 
 06/20  07:10:00,37.35785969321265,31.348116919871767,30.04243246699561,30.30523811541554,18.0,31.4189827984349,24.947450324037735,27.503583821758184,26.00440752037747,25.804742788396197,25.848429685961264 
 06/20  07:15:00,37.60953506287531,31.436373616236683,30.193075923482738,30.483704176025082,18.0,31.635852674979574,24.970713218865978,27.610503470145147,26.069393410417433,25.8901037888906,25.938384469594098 
 06/20  07:20:00,37.86206122132849,31.52419187181235,30.34813997808912,30.666139015665628,18.0,31.872081732397803,24.994393466698394,27.715971339924522,26.134730687497267,25.975065238821458,26.028086708330534 
 06/20  07:25:00,38.11214150603245,31.609639882528764,30.50540374659533,30.850711867170496,18.0,32.107637289720756,25.018556764606295,27.819807460513857,26.200661935328185,26.059580075868098,26.117492020013287 
 06/20  07:30:00,38.35766929827977,31.691541199275115,30.663485758953925,31.036268631776256,18.0,32.352573264905146,25.043128539711415,27.921869174524886,26.2675315183958,26.14361502201382,26.206557174396266 
 06/20  07:35:00,39.65637416626216,31.843897212864796,30.85548154823857,31.2573587129016,18.0,32.76584033842626,25.06817046263106,28.50069774448707,26.36654064513681,26.24354546719394,26.312944916035462 
 06/20  07:40:00,40.63596905801695,31.961757493019324,31.049048360116775,31.480984914428586,18.0,33.22047606163765,25.10654730068279,28.781375837443306,26.447916455549944,26.341599592607167,26.41740637535264 
 06/20  07:45:00,41.57523363235333,32.05935669304014,31.24579855622476,31.708813298403474,18.0,33.679289142236975,25.14007890855527,29.052705945795196,26.529762713841876,26.438075635996256,26.52042282881041 
 06/20  07:50:00,42.489800920855735,32.1829785673894,31.489857461204753,31.9397791317961,18.0,34.19439391743715,25.174725151864582,29.315370090048987,26.621969064537495,26.541548970646545,26.6237225056135 
 06/20  07:55:00,43.37815068817603,32.35986223885274,31.806718543481608,32.17301379357898,18.0,34.71251391355132,25.211017991682272,29.56948394705296,26.725487136789297,26.659301491986014,26.727425804353288 
 06/20  08:00:00,44.86169765105798,32.53967410531388,32.170303572778714,32.39072289648972,18.0,35.26479274178194,25.249137210964506,30.087870935555998,26.82226028284697,26.786823495177032,26.82416727001049 
 06/20  08:05:00,45.93711185025758,32.75700229191879,32.59624245242428,32.63493102112613,18.0,35.85517226190606,25.29547417938996,30.360597682811772,26.941124281891007,26.94356357412005,26.942915158025585 
 06/20  08:10:00,46.913774123945345,32.9900373397658,33.06187879858014,32.887789409135664,18.0,36.47844681365279,25.33771479441749,30.62623625985816,27.060408844985602,27.108812957168368,27.062042176131058 
 06/20  08:15:00,47.82866119988738,33.23308309650573,33.56026314171159,33.145877906151675,18.0,37.10749063192042,25.38129248104249,30.884517776229927,27.18065322143252,27.282749181077293,27.182079015575823 
 06/20  08:20:00,48.69371335517507,33.48312415248398,34.08729907667547,33.40761819023486,18.0,37.7675316162301,25.425992091267897,31.135272266834363,27.30153863320527,27.465146077945292,27.302719754565373 
 06/20  08:25:00,49.51451925936572,33.73825098832905,34.6400908342089,33.672043938747244,18.0,38.43261912846012,25.471917791965375,31.37848384678523,27.42304445610648,27.662769188107745,27.423953999006017 
 06/20  08:30:00,50.29381800045583,33.997180274579854,35.21640479888302,33.93850866318459,18.0,39.121185697216156,25.518923579172174,31.61408389755485,27.54506728060585,27.862390582165972,27.545689764396172 
 06/20  08:35:00,50.41284768812456,34.18696105059628,35.66073536735831,34.13449360337543,18.0,39.44826250646477,25.567097983171212,31.572915224588996,27.63391722997926,28.008231271623117,27.634398207564345 
 06/20  08:40:00,50.33256813295789,34.352973003996745,36.058572236848576,34.30568834675363,18.0,39.721034614754664,25.607014527624557,31.531120447885996,27.71924924382438,28.15503610333394,27.719624458003466 
 06/20  08:45:00,50.142095476550104,34.504616614842796,36.42560861427779,34.461722653858054,18.0,39.989085966846375,25.64583953640755,31.49019767911517,27.803822714309945,28.30039274009266,27.804129320729203 
 06/20  08:50:00,49.88297214655872,34.646251043547394,36.76861601264727,34.607122632263646,18.0,40.16240936411427,25.683728521040102,31.450253759068403,27.88764058855611,28.44337209953261,27.88791827824855 
 06/20  08:55:00,49.579184591168236,34.78043215304993,37.091439648000446,34.74456813086258,18.0,40.331670195265886,25.720754364459307,31.411355988159812,27.970711910165846,28.583533941074847,27.970999575740166 
 06/20  09:00:00,49.24551189924373,34.90876574601024,37.39646466961603,34.87575856493731,18.0,40.44580638779343,25.75709844148266,31.37359522963561,28.053110923136046,28.720638453655738,28.05344533777054 
 06/20  09:05:00,48.771642564597705,35.004530883704085,37.622658092759615,34.97414117038457,18.0,40.44539491004623,25.79278756263475,31.297355973790843,28.12778313328795,28.834980597824767,28.128195879367922 
 06/20  09:10:00,48.25455733946535,35.08714709329392,37.81303301012363,35.05910976365807,18.0,40.393635916612794,25.827700733746777,31.221848107302208,28.201417170461582,28.943923537293472,28.201936633829177 
 06/20  09:15:00,47.716625829483604,35.16125569861404,37.97736622055824,35.13533396659514,18.0,40.34149779343576,25.861969579893287,31.14982628041912,28.274529428891697,29.04884251814667,28.2751815648337 
 06/20  09:20:00,47.16945334172308,35.22923392636449,38.12067130657083,35.20522002609654,18.0,40.2422882545628,25.895679012727207,31.081565299306703,28.347233287493168,29.150012703534344,28.348039619132578 
 06/20  09:25:00,46.62023968696497,35.29256892599714,38.246170174797726,35.27028094981564,18.0,40.14382666181504,25.9288512376531,31.016941370648397,28.41956293328292,29.247552926869844,28.420540511499325 
 06/20  09:30:00,46.07371238680562,35.35225264749652,38.35611386152758,35.33153114840166,18.0,40.02071362463504,25.961550694461117,30.955777084072338,28.49156238737703,29.34159616329282,28.49272362188981 
 06/20  09:35:00,45.75033345441304,35.45669115856214,38.56799358799126,35.437397752883015,18.0,40.08244897530917,25.99379740950416,30.989646583402703,28.584760763660938,29.479748226810102,28.586064379915 
 06/20  09:40:00,45.484545962232794,35.574201789380886,38.805752262015965,35.55621516640731,18.0,40.16015335357925,26.030406470019532,31.02547332030923,28.679187448014943,29.625740993740862,28.68065636891771 
 06/20  09:45:00,45.2445060606996,35.69819268925025,39.054708265156606,35.6814046617043,18.0,40.23821766144527,26.067689139568472,31.059051207037555,28.77339478941201,29.758505856858847,28.77504585796811 
 06/20  09:50:00,45.01592269972395,35.82562671174651,39.30834488132303,35.80994076319396,18.0,40.351391155542785,26.105494875764574,31.089769111288547,28.86732814057126,29.901531124929534,28.869174659940086 
 06/20  09:55:00,44.79085299890947,35.95475707849785,39.56298728411308,35.940086924863955,18.0,40.464141753322195,26.143834367157115,31.111394109574746,28.961018335092035,30.03140812435595,28.96307012092717 
 06/20  10:00:00,44.56463353111556,36.0845208408447,39.8164134284497,35.41236148887446,18.0,40.59277773271121,26.182525631002516,31.133918808031353,29.054410080809532,30.171712257193917,28.961534553297952 
 06/20  10:05:00,44.4735518784441,36.2539432329686,40.17084492265287,35.38679840652007,18.0,40.89062582160101,26.22131878211566,31.19654265123239,29.155059516603274,30.332310803960922,29.049670383432044 
 06/20  10:10:00,44.41171507594988,36.4360582764819,40.55508261799556,35.4641129573675,18.0,41.224175186866574,26.260854124358534,31.2042551875129,29.206975871772784,30.43957034692818,29.106735356319064 
 06/20  10:15:00,44.35818181205357,36.62511771708475,40.955281963691206,35.58795730013682,18.0,41.55911995800243,26.211762245895745,31.205410252118895,29.256030857444557,30.55229351685813,29.16240750649365 
 06/20  10:20:00,44.30329648309387,36.81843258987835,41.36519220914919,35.738201091153265,18.0,41.93937764215672,26.144637304086395,31.209307807463688,29.31451823784863,30.674469625097572,29.226266071808254 
 06/20  10:25:00,44.2414671413615,37.01444481923935,41.78120097229896,35.904512107629586,18.0,42.321239520235544,26.08009077634427,31.213627027124403,29.380782370993415,30.80360799983623,29.29686835250436 
 06/20  10:30:00,44.169197063870875,37.212200459119735,42.201031840212735,36.08105257278266,18.0,42.72815513952728,26.027368468311078,31.216771411085233,29.453739695447723,30.938380367374748,29.37325452770807 
 06/20  10:35:00,44.0542294111879,37.34955787588219,42.59183106477877,36.20748661227456,18.0,43.120178393996,25.985095670016555,31.20735528031446,29.504340589915273,31.06658106436248,29.43048274157661 
 06/20  10:40:00,43.913419137313504,37.468351922537074,42.97599500569815,36.32176432586605,18.0,43.52651884908769,25.94859057647046,31.190134166233577,29.557121334610088,31.19696533955289,29.489108158755528 
 06/20  10:45:00,43.74864476827828,37.577161330199175,43.35719204135047,36.43051131823882,18.0,43.935570946233256,25.9188321348812,31.164501679082832,29.61218474674763,31.329298275608323,29.54957496456251 
 06/20  10:50:00,43.56018263933852,37.67992406282174,43.736677662194616,36.53639808189968,18.0,44.35303924147613,25.89435132039341,31.129717665637486,29.668941419359328,31.462874435790525,29.611407125128608 
 06/20  10:55:00,43.354428535713566,37.548035159691615,44.18802815140183,36.426459597261385,18.0,44.77288533545028,25.874580417282218,31.087854310751027,29.626696116018366,31.635375640423604,29.587445011788077 
 06/20  11:00:00,43.1045043040469,37.56827308962675,44.59459921191251,36.46327064169915,18.0,45.20035296148519,25.852644770166812,31.027302658442807,29.681472435999808,31.765304212117883,29.645746001334828 
 06/20  11:05:00,42.725008858524724,37.57676211534913,44.88027149301925,37.03121934899742,18.0,45.45848753672406,25.837914043437898,30.922659861824513,29.71027566879434,31.857668430123,29.71909464259113 
 06/20  11:10:00,42.29270405373098,37.58613033318938,45.125266973101894,37.224858875983145,18.0,45.69150827630019,25.824921556563975,30.848787435297936,29.797260030254506,31.98961192599421,29.801815806945797 
 06/20  11:15:00,41.82372103464472,37.59675621565184,45.345166781334385,37.339657186916526,18.0,45.92167163947166,25.936656648691784,30.77438452933893,29.883131292201597,32.117901652702756,29.88701613263629 
 06/20  11:20:00,41.32576418364841,37.608561668392944,45.54679729125078,37.418058764716704,18.0,46.11062605864737,26.027448519289134,30.688523760313274,29.956739658765343,32.23106208201773,29.960395867636862 
 06/20  11:25:00,40.803457227686835,37.62155659928322,45.733834729911045,37.475698514117596,18.0,46.296868617865364,26.10741779251328,30.599378731419847,30.02474426624599,32.33928929555992,30.028216494841445 
 06/20  11:30:00,40.25983159663808,37.63579826530678,45.90834251074631,37.520917558880896,18.0,46.459544503884295,26.177370995095362,30.511927562535448,30.088601027327968,32.44122583228051,30.09189297168166 
 06/20  11:35:00,39.66667640035086,37.637713989671504,45.977884840260586,37.54497415854216,18.0,46.48869647862202,26.239863605186493,30.42385856601527,30.144017929533675,32.497615723137585,30.147123852164498 
 06/20  11:40:00,39.057517483535264,37.63671831702449,46.010574607086156,37.56023298798143,18.0,46.483564113924615,26.291324860353804,30.35086123508472,30.196626037009537,32.547413569417074,30.199578850299076 
 06/20  11:45:00,38.44082736942572,37.634869736543536,46.01975966978574,37.570614515625515,18.0,46.476953247592846,26.34386121070971,30.299004553901455,30.24836440510319,32.593615047359094,30.251205770342267 
 06/20  11:50:00,37.82108491241058,37.63316182389896,46.01155470538561,37.578318758184146,18.0,46.43153124063885,26.396164771526703,30.272657621706912,30.2992203966827,32.63644671815433,30.302013680754158 
 06/20  11:55:00,37.37113117058285,37.632179240184655,45.9894696057721,37.77130055574584,18.0,46.38500702781859,26.447015812542094,30.248219830077005,30.29910504472275,32.62850002901246,30.328646460859545 
 06/20  12:00:00,37.14285544884602,37.63227322075708,45.95566522807308,38.21045823477115,18.0,46.31757626130884,26.4082906054239,30.25207162411948,30.298180783199825,32.619632191397784,30.411534766659315 
 06/20  12:05:00,37.05122750931168,37.673202102926844,46.02191724095564,38.78427951914003,18.0,46.41251170772369,26.347113397781563,30.290403836078553,30.328924894553666,32.66190390068937,30.55644586340486 
 06/20  12:10:00,37.01937681321456,37.727856160985226,46.10897128810988,39.42712397511845,18.0,46.518091507099804,26.292552447877345,30.3390741515002,30.370337832140365,32.71427046280911,30.737166014565275 
 06/20  12:15:00,37.023216326073374,37.790625003407804,46.202593081488224,40.11410320128915,18.0,46.62145169934926,26.247274274564024,30.393217049038867,30.41793316462639,32.77013025026997,30.954415601805067 
 06/20  12:20:00,37.05017986207683,37.85888616802587,46.29666152963704,40.83097891332677,18.0,46.75113032655187,26.212155368891914,30.451392502320914,30.45729797414026,32.827664839900535,31.18425275313325 
 06/20  12:25:00,37.09283537699528,37.931068429530065,46.3877925480552,41.56872134469807,18.0,46.87868394455774,26.185074554017007,30.512258467630545,30.52384579228874,32.88541761856948,31.4297487500408 
 06/20  12:30:00,37.14653750545446,38.006138737549264,46.473953396381994,42.32129321156229,18.0,47.01635901562465,26.16493878116795,30.57510381187126,30.583396715672563,32.94262662707308,31.687112031230413 
 06/20  12:35:00,37.21947041888533,38.09559202192938,46.5411344486163,43.08221109471338,18.0,47.12803583461894,26.14986870565307,30.643768543297483,30.64849751625053,32.99220844226318,31.952573442281903 
 06/20  12:40:00,37.3020533684595,38.190946769914405,46.59812115743524,43.84691981642777,18.0,47.23925046346517,26.139585684090477,30.713824518500473,30.715014578464547,33.02711763077701,32.22083371730059 
 06/20  12:45:00,37.391425170461474,38.29020073375273,46.64621377975255,44.61251319651975,18.0,47.34855529908281,26.133113253394182,30.784846144714606,30.78272394919327,33.08447949388437,32.48922626704268 
 06/20  12:50:00,37.485940602978275,38.39231406521458,46.68587332885496,45.37686491656027,18.0,47.452132845986235,26.129594079014367,30.856498879513197,30.851275441997927,33.1306487328352,32.755446390812494 
 06/20  12:55:00,37.58449642979432,38.49661476759787,46.71731479744764,46.1383482513211,18.0,47.553828181997275,26.128568519219314,30.96713049698036,30.965274750058484,33.2147106095436,33.06342311592289 
 06/20  13:00:00,37.68630874276828,38.60263297815962,46.74064539663653,46.895679472863776,18.0,47.650702883340806,26.256656238744224,31.083018018769735,31.084798660487422,33.29959173742793,33.37051632779094 
 06/20  13:05:00,37.779499887368374,38.70520303041931,46.72326624159415,47.63130001143776,18.0,47.69204667411921,26.36445398928253,31.197256276272924,31.20245920416528,33.37203559598214,33.66464501886048 
 06/20  13:10:00,37.87142748722186,38.80724124746925,46.68886729065235,48.354143963766354,18.0,47.72058667484751,26.458890633600724,31.306361615007404,31.314180547420847,33.436128137036235,33.944276066500606 
 06/20  13:15:00,37.96327792981501,38.909189876770874,46.641999253416365,49.065295091773336,18.0,47.74735189728559,26.544305226130522,31.41209935173316,31.422100449471543,33.494392342163906,34.2115597721633 
 06/20  13:20:00,38.05544546666897,39.01117748135824,46.58473995316143,49.76496669429216,18.0,47.75736555537171,26.62066653646915,31.515211213018915,31.527055505402586,33.54777822084128,34.46749392492882 
 06/20  13:25:00,38.148077249773436,39.11323692100212,46.51830378023496,50.45312806907976,18.0,47.76571340980508,26.689974079010614,31.61589782768658,31.629270153829737,33.59649314018441,34.7124445245251 
 06/20  13:30:00,38.241208716339955,39.215358696657376,46.443468755791564,49.674183565285965,18.0,47.76361425737005,26.76216362280208,31.667613077052692,31.67464403006261,33.58998261968861,34.50395248381329 
 06/20  13:35:00,38.857063847816505,39.276917938754124,46.34126146223214,49.87831758280087,18.0,47.74810733906711,26.73684269456625,31.70326905446177,31.701597961317418,33.575706333268954,34.64176596168335 
 06/20  13:40:00,39.07910271903904,39.324227723665395,46.224222659402635,50.25249000893662,18.0,47.722184277894065,26.69042355696565,31.73895405742121,31.736845720051292,33.566902560960045,34.81208607390107 
 06/20  13:45:00,39.21301515107108,39.36260253817316,46.09469481979194,50.69600073003809,18.0,47.693539779982885,26.647943470939794,31.780704425991075,31.778819499936844,33.56169771299312,34.97651408290028 
 06/20  13:50:00,39.30388152511981,39.39443234416244,45.953715148888506,51.174088235820385,18.0,47.65453489017823,26.61483337327145,31.827703971868118,31.82615168031674,33.55869704347003,35.14116623760992 
 06/20  13:55:00,39.36848370594534,39.42106223590419,45.80186346039822,51.669140613679005,18.0,47.61276524838363,26.589220925581255,31.877809576229197,31.876603868553275,33.55589832238746,35.304840734355935 
 06/20  14:00:00,39.41572528374604,39.44329048204558,45.639483551814486,52.17130938841594,18.0,47.562318252531874,26.570612105489694,31.930157623542698,31.92929446535129,33.552490839329266,35.46711931921823 
 06/20  14:05:00,39.41534201698487,39.426170277952394,45.450124425112314,52.67477998306445,18.0,47.512214723311395,26.556664556403533,31.913157438540793,31.912620546555445,33.482313710171184,35.56127235648512 
 06/20  14:10:00,39.394382539011225,39.393869338161814,45.24477221635663,53.17824529278624,18.0,47.45428706845734,26.545784534428012,31.890763745106597,31.89054681368475,33.402938563313626,35.655941280816364 
 06/20  14:15:00,39.35974620166325,39.351505234294635,45.02536953427475,53.680013489690694,18.0,47.39305857006943,26.53747569173524,31.86760277573478,31.867678766172276,33.319599939935756,35.749401077219375 
 06/20  14:20:00,39.314943700630856,39.30144638836737,44.792684605108676,54.17883370394239,18.0,47.3243040416448,26.531054316298473,31.844085555093216,31.84442232909703,33.23288788938328,35.84158885811132 
 06/20  14:25:00,39.26208530648521,39.245051773469,44.5470775218568,54.67377292221312,18.0,47.252116408133695,26.52617296688227,31.820195772402485,31.820756248544114,33.14289379094856,35.93265551955301 
 06/20  14:30:00,39.202501737388694,39.18314700451791,44.288701645110145,55.164105687132235,18.0,47.17186394466512,26.522377356938403,31.842861644279026,31.84360678142059,33.09246127851168,36.070865038400655 
 06/20  14:35:00,39.12674562764449,39.105938051463895,43.84963682015486,55.09269650881231,18.0,46.7140990609018,26.650047885062715,31.86465008560043,31.865285329628534,32.98131636507776,35.977925552368106 
 06/20  14:40:00,39.04541552906213,39.02378161144574,43.365833108832646,54.832932334517864,18.0,46.19769382154217,26.747283752486627,31.872138122569368,31.872544312104992,32.86141875687042,35.855178403610125 
 06/20  14:45:00,38.96143357694634,38.9394288499457,42.8659550311152,54.448522491116485,18.0,45.68703470233769,26.829780685439818,31.873571232980453,31.87369958137498,32.7427940258533,35.71423832389428 
 06/20  14:50:00,38.87640868746662,38.85436570653117,42.36390736691982,53.966809596089206,18.0,45.09145108383074,26.898188986318615,31.87458426029241,31.874421821612486,32.62765497772864,35.550508458032596 
 06/20  14:55:00,38.829970581244424,38.8081337939119,41.78887902116301,52.884093818194344,18.0,44.50189578419277,26.952041696648045,31.823191733684666,31.822636603197168,32.42764374942783,35.10689687634931 
 06/20  15:00:00,38.75433202029701,38.732878921244755,41.28788870293398,52.09355889063439,18.0,43.8745534720213,26.89819633098129,31.75610306116141,31.755171927895162,32.27660558807827,34.86448471509698 
 06/20  15:05:00,38.68107359379693,38.66011411301762,40.829158811277715,51.33017368966059,18.0,43.296379210920655,26.833570507511944,31.70351497748834,31.70224241826071,32.14356802693055,34.62660986127696 
 06/20  15:10:00,38.60892374056697,38.58854313454145,40.39958736725992,50.54024856963335,18.0,42.70880509691947,26.775817525965206,31.659565964890703,31.657971565732282,32.02872665810963,34.38443857032462 
 06/20  15:15:00,38.5996138624066,38.57987421726286,39.97289682306799,49.158935370185354,18.0,42.12673722832549,26.723560718767125,31.64723907015224,31.645325665415726,31.914874638151446,33.90248347376121 
 06/20  15:20:00,38.5436661903608,38.52460794852153,39.59327380386103,48.103728602935476,18.0,41.55144883274221,26.672654470899708,31.608741098929727,31.606549125729543,31.82405100100243,33.63518423277105 
 06/20  15:25:00,38.47858751404183,38.460232855328194,39.24654415062359,47.06721751072212,18.0,40.98267389409554,26.629709522129726,31.573414196537556,31.57101048023992,31.745543576840817,33.360722929921906 
 06/20  15:30:00,38.437621906492325,38.419982357048944,38.90657346030639,45.43338436792097,18.0,40.423662478839105,26.59028181429136,31.551918318454113,31.549342545043032,31.66612309124241,32.82932189588553 
 06/20  15:35:00,38.37120638113069,38.35428352189183,38.6647445408463,44.810780152195015,18.0,40.15828210931089,26.547096575633848,31.51692984909414,31.51430773556598,31.611860236818757,32.809145433446304 
 06/20  15:40:00,38.29706093060655,38.280847983790686,38.45427960670984,44.445686694645175,18.0,39.944364631180306,26.515857884334906,31.485407376723572,31.482768798683935,31.562459958973193,32.79546013828366 
 06/20  15:45:00,38.21821744370817,38.20270222886357,38.26042943637618,44.21190142951317,18.0,39.72794152872944,26.487241794174896,31.45448533851055,31.45183085736886,31.514674636877658,32.78296265890293 
 06/20  15:50:00,38.13593330551944,38.12109939963607,38.07617073512218,44.056839241697446,18.0,39.586322840016976,26.460829289304407,31.42409216015494,31.421430412456232,31.46852558428884,32.77098837015842 
 06/20  15:55:00,38.05091063698225,38.03673839231642,37.89736131075731,43.951528847892,18.0,39.44325679741888,26.436249792685672,31.443322520737865,31.440662139192682,31.469041876254778,32.80640202615842 
 06/20  16:00:00,37.96357347313401,37.973245852934056,37.74353590206383,43.87875134525336,18.0,39.33912189770908,26.542899992813062,31.46822892579479,31.471513272141635,31.481847013314336,32.84628316969395 
 06/20  16:05:00,37.8032370189776,37.868527360080876,37.517311062835596,43.63339250008076,18.0,39.00579926345428,26.627672601428202,31.45880381552547,31.47550365119264,31.47439216790559,32.82686740653554 
 06/20  16:10:00,37.619754871280676,37.752788855010316,37.2752934873646,43.347576427629065,18.0,38.66629441347108,26.697580402205,31.447710995263492,31.47192965844556,31.465703133182615,32.79720875100395 
 06/20  16:15:00,37.424560046179906,37.63217697147874,37.02902500959525,43.0459644774293,18.0,38.338238859131714,26.7566962687411,31.427542545535857,31.470435455181075,31.449450237943267,32.76340494997794 
 06/20  16:20:00,37.22322940884303,37.50953572529332,36.78362955026952,42.739130501478265,18.0,37.98209143710423,26.804964691755934,31.402046143848338,31.46351622414636,31.428621629967324,32.73705614211997 
 06/20  16:25:00,37.01908537265256,37.386535985392186,36.54191124910013,42.4327940600024,18.0,37.63754304478859,26.84886296176784,31.31022105253203,31.392461033774225,31.349130578233826,32.63961255074298 
 06/20  16:30:00,36.81421300999415,37.26422293639321,36.3054500168789,42.130212835740416,18.0,37.29231805354725,26.797915814998643,31.226463160292667,31.32768061355398,31.27738731038562,32.55186981656152 
 06/20  16:35:00,36.59398761098213,37.123145202180496,36.06035795599046,41.782353969423745,18.0,36.933243780976085,26.725197797242725,31.14640578724078,31.265593496519728,31.209933757958538,32.45493143629312 
 06/20  16:40:00,36.370108487935326,36.97615279830156,35.81757568379203,41.425491542642625,18.0,36.58225689542342,26.659186613352063,31.075474768538527,31.212705926066747,31.15122924561399,32.36650673728468 
 06/20  16:45:00,36.14552367130185,36.82607015861703,35.579522692645945,41.06725685445243,18.0,36.24243563842342,26.600061654104017,31.0103906306756,31.165636612250466,31.098352027819487,32.2840777906124 
 06/20  16:50:00,35.92172556032644,36.67420829893469,35.3472352131515,40.71109040188274,18.0,35.91419080099124,26.54878071095385,30.950012814058482,31.12311790785901,31.050184366749534,32.20649738988482 
 06/20  16:55:00,35.69960108488277,36.521294178772884,35.12119505850198,40.358836197317196,18.0,35.596118557354046,26.503083398094724,30.89281173043696,31.083487632243987,31.005324847079464,32.13233534821052 
 06/20  17:00:00,35.47969001995011,36.36772927674235,34.901580514191586,40.011480477955594,18.0,35.293998912262616,26.461970504836618,30.838110175128918,31.04594448654177,30.963118625605716,32.060900731583956 
 06/20  17:05:00,35.22896926805651,36.18921673181945,34.6663144686539,39.73179934668733,18.0,35.003970192409454,26.424220432778974,30.66887827297859,30.896871298377107,30.789650606372334,31.884475841823473 
 06/20  17:10:00,34.96682230152806,36.000332698428004,34.42533315982754,39.467510572272055,18.0,34.719678968088736,26.38752739974132,30.489375346626957,30.737680738747258,30.611169003887085,31.70515083803889 
 06/20  17:15:00,34.69699179964763,35.803800115150885,34.17998785653028,39.20803871604542,18.0,34.432234310419226,26.352052308365423,30.30800219592288,30.576450278941024,30.43161438509435,31.524002484740492 
 06/20  17:20:00,34.42107286529219,35.600677208684345,33.930653641106275,38.94851222942081,18.0,34.1462365507217,26.317344624368236,30.125793807042896,30.414056406278632,30.25113075015213,31.340928771316953 
 06/20  17:25:00,34.139925164413164,35.391423980208714,33.677430538854615,38.686013459963135,18.0,33.85694645212969,26.28317826628175,29.984972962629683,30.293417489657145,30.11687108386218,31.204918800685334 
 06/20  17:30:00,33.85403022401343,35.176172746866705,33.42029071988234,38.41857186867924,18.0,33.56474279190962,26.376926616985916,29.83756500714901,30.165983466101068,29.964547343114077,31.06238873545084 
 06/20  17:35:00,33.56037009763042,34.91991910170187,33.15610290043658,38.034389301453565,18.0,33.247936742816975,26.44770547606903,29.697337673090033,30.02956031377471,29.822825126358907,30.848799851292767 
 06/20  17:40:00,33.26160633968048,34.64230367887762,32.887118005542916,37.60699482038887,18.0,32.92390049589879,26.501831424922376,29.540657302442014,29.87362080952613,29.66400113120892,30.636444295310525 
 06/20  17:45:00,32.95836912640278,34.346649989666375,32.61368565344315,37.14945947729512,18.0,32.597584598491935,26.544605891674163,29.37756725474901,29.707920720437812,29.49877221519762,30.416871846599577 
 06/20  17:50:00,32.65093251249421,34.03396244477801,32.33586061916351,36.666774004719244,18.0,32.261358968084814,26.5768103928134,29.209852537268034,29.53410664305244,29.329002458655737,30.189847194756908 
 06/20  17:55:00,32.339417012874655,33.70437988421651,32.05358169575703,36.16113147639708,18.0,31.922493631422896,26.599037428909384,29.038139329665626,29.352652468199267,29.155247841589585,29.955428735215264 
 06/20  18:00:00,32.0265437030148,33.351640623767395,31.769251455624822,35.612372409121214,18.0,31.57528331987591,26.621488787713677,28.81805528923718,29.10552323545778,28.927517470771818,29.660397256139106 
 06/20  18:05:00,31.722284441562074,33.000012584742464,31.493818032084125,35.07802109743654,18.0,31.2514601216808,26.549401972050042,28.60585557546534,28.88137642720585,28.714824559294186,29.379868590910633 
 06/20  18:10:00,31.41824259342526,32.63493172119606,31.217714536011197,34.528808955109284,18.0,30.923078400747258,26.454241378732462,28.400498034307134,28.654531842455185,28.506507735690093,29.099394254763638 
 06/20  18:15:00,31.112314838784833,32.25220278596449,30.938570355803144,33.95798186354366,18.0,30.590446306531497,26.362409630350232,28.20015701371392,28.427646546377105,28.30145053658913,28.817458800261875 
 06/20  18:20:00,30.803319179704538,31.84879605951881,30.655034043076395,33.36124940385579,18.0,30.254697965189976,26.279066670205943,28.00356649065145,28.199665804118695,28.106173362118284,28.532576723370767 
 06/20  18:25:00,30.472489568669115,31.29433952979145,30.348866789772753,32.46721084338356,18.0,29.914253126890124,26.202125655204593,27.799614309857134,27.901512501270076,27.896661950597945,28.120262389882384 
 06/20  18:30:00,30.148948941438558,30.80449767857455,30.04802190816009,31.742950964028534,18.0,29.56615614893425,26.125572286658233,27.603635626212963,27.673341017929715,27.69263768437844,27.83335375843899 
 06/20  18:35:00,29.872825253415925,30.455422888861815,29.79115795710468,31.286487540305558,18.0,29.285226175898494,26.057525309366106,27.433736895922323,27.507354038110577,27.512429910896344,27.66385166629061 
 06/20  18:40:00,29.61180774525745,30.156020992725754,29.546748844520494,30.923929713359517,18.0,29.007415583070337,25.998232211722527,27.26562291160235,27.343849734312016,27.333435928132133,27.49157394128588 
 06/20  18:45:00,29.35834637569027,29.88665830145409,29.30763582693491,30.617655432238085,18.0,28.724409666363787,25.94232020747831,27.097435369596838,27.181769131330725,27.153773234212736,27.320678182275742 
 06/20  18:50:00,29.1087067883913,29.63944997997651,29.07032081880337,30.35235060214641,18.0,28.451062430936368,25.88934175604283,26.928859970346934,27.02155749260953,26.97314199094899,27.152648550232186 
 06/20  18:55:00,28.860551131982884,29.403797624699898,28.83260317202809,30.107278238980793,18.0,28.17315231917104,25.83892281836026,26.759674172345626,26.860312807874948,26.791350232856644,26.982012715001815 
 06/20  19:00:00,28.61227852266749,29.157193082012377,28.592945597766125,29.84098195780129,18.0,27.896444169087367,25.79023099148047,26.633811150943018,26.734028677712445,26.65187302549117,26.837845790581014 
 06/20  19:05:00,28.321652429753385,28.860805240988338,28.308100947946734,29.51139746866069,18.0,27.570281338935526,25.864194864108974,26.45700699610677,26.554727068285615,26.47190633468051,26.648567646395975 
 06/20  19:10:00,28.014857576752206,28.543086276376467,28.00573929330558,29.155456286270734,18.0,27.23390694889552,25.916577534808738,26.281789724140253,26.375997791519808,26.294836514352482,26.46044497898515 
 06/20  19:15:00,27.698163998375257,28.207685484723783,27.69255490582744,28.777069568837643,18.0,26.89689367769874,25.95702015652377,26.081829172683,26.170172576657478,26.093036360276983,26.24368965666963 
 06/20  19:20:00,27.37495543858265,27.851021477772786,27.372153320893492,28.370008955221454,18.0,26.54298829476618,25.98702189053775,25.891715399171744,25.969077368223566,25.901582495255298,26.029492243801997 
 06/20  19:25:00,26.902195010074244,27.203349428764895,26.902162159644533,27.595683314286447,18.0,26.00237061372814,26.00850971789912,25.60173854832567,25.600033021967647,25.611065304737394,25.609786396958498 
 06/20  19:30:00,26.560462912896845,26.788920833660917,26.56236440655684,27.12233817863745,18.0,25.655847949461926,26.01223009912434,25.42703386964172,25.426351265578546,25.43470364458119,25.434752116978586 
 06/20  19:35:00,26.255439278597102,26.437243243430263,26.258620455248508,26.72983674872845,18.0,25.30891593236382,26.021812591332967,25.24794818107671,25.24730567088477,25.253985900274472,25.254004645773307 
 06/20  19:40:00,25.970365529090312,26.11908017615393,25.97432679966753,26.38045701922265,18.0,24.994243018808902,26.027824920376453,25.06721045007663,25.066603587270265,25.071685306084532,25.07167602947129 
 06/20  19:45:00,25.69813205166528,25.822432614059483,25.70248052992169,26.05882921826675,18.0,24.67890377830902,26.03391191908006,24.886060050190736,24.88549046442006,24.889058138396933,24.889016589015228 
 06/20  19:50:00,25.434634744275247,25.54046483144518,25.439058963469343,25.756181133536284,18.0,24.381102053326227,26.03886525376797,24.70436306205164,24.7038322196222,24.705969653763873,24.705895093274762 
 06/20  19:55:00,25.177274183713124,25.268789723046737,25.181525443334554,25.4669572031818,18.0,24.082731714340238,26.042165187929534,24.522024077059655,24.52153308636855,24.522322341049176,24.522214839545768 
 06/20  20:00:00,24.924331602718116,25.004519751965475,24.928209544796044,25.187491790740363,18.0,23.794676814250856,26.04378231591476,24.33914511627256,24.338695750395686,24.338217012028167,24.33807599949165 
 06/20  20:05:00,24.64483088405834,24.71591325281412,24.648194670612703,24.885629529032162,18.0,23.466438048161805,26.04360580324101,24.090341379179222,24.08993269986877,24.088217134510444,24.088044140066245 
 06/20  20:10:00,24.35601148677511,24.41963257856238,24.358749646673413,24.577545268105652,18.0,23.1357167431704,26.040703490882755,23.847607108052443,23.847253295285554,23.844431380595893,23.844213914017075 
 06/20  20:15:00,24.06164897891563,24.11906201937455,24.063664046543344,24.266325033480573,18.0,22.804527432130968,26.03604224251317,23.613750395890747,23.613456953610807,23.600527028193596,23.600263293824582 
 06/20  20:20:00,23.763518423649685,23.815695020397406,23.76472139771567,23.9532413475626,18.0,22.462856235466806,26.029601357801088,23.361772617548354,23.361538585917856,23.365262564974387,23.36494997950234 
 06/20  20:25:00,23.462683644942985,23.510388664767714,23.46299101164333,23.638983478615835,18.0,22.120622448661916,26.02144829382528,23.126536437678283,23.126362246598433,23.112121008405893,23.111760201226105 
 06/20  20:30:00,23.159827157906953,23.20367121049663,23.159159064026625,23.32395001238466,18.0,21.771214157660786,26.0118114683042,22.873898317307976,22.873786034777993,22.875735477576313,22.875327712402054 
 06/20  20:35:00,22.855401811431626,22.895878701545804,22.85368085332533,23.00837513669446,18.0,21.42118630165511,26.000224531474682,22.637772218529335,22.637721858999043,22.622064949887204,22.62160816267692 
 06/20  20:40:00,22.549715119667468,22.587229004991407,22.546865492542175,22.692395453902332,18.0,21.065659480287184,25.98764752929557,22.384648173278038,22.384661893717862,22.38506429370358,22.384559065550093 
 06/20  20:45:00,22.242979567839004,22.277864940964513,22.2389264412324,22.376087983960595,18.0,20.709465140641587,25.973718795805112,22.147949894239332,22.148028067386917,22.1312244924992,22.13066850050967 
 06/20  20:50:00,21.935343905301824,21.967880493119377,21.930012950216263,22.05949268594466,18.0,20.348710202338275,25.95866428337949,21.894471664156185,21.89461561481903,21.893770751486215,21.89316476957117 
 06/20  20:55:00,21.626913235200014,21.657337245801354,21.62023025929842,21.742626206323,18.0,19.98724512691005,25.9424293825379,21.65725403056979,21.657464356924834,21.639797536449237,21.639139117313334 
 06/20  21:00:00,21.31776224616985,21.3462749558614,21.309652910247237,21.425490466864005,18.0,19.621744945728675,25.925207256300023,21.403516798305816,21.403794542668834,21.401999463840866,21.401289119467037 
 06/20  21:05:00,21.117249973431342,21.143884717882745,21.108354405666347,21.217355341376937,18.0,19.409097281734574,25.90695016810941,21.36908182819991,21.36942362546506,21.362505243785677,21.361747992029166 
 06/20  21:10:00,20.960818208149227,20.985698682670897,20.951889874708097,21.0543097159752,18.0,19.229899914909723,25.89047386872436,21.337345698169543,21.337704228284565,21.33139860596424,21.330648478055537 
 06/20  21:15:00,20.83251156593996,20.85576449975295,20.824240371391056,20.92041295704374,18.0,19.052271219414937,25.8740150674911,21.30602972150416,21.306408799209407,21.301524015917664,21.300773717440393 
 06/20  21:20:00,20.724050422171853,20.74579623074069,20.717034846624834,20.807312837203757,18.0,18.930808053219383,25.857628154794405,21.27480697720773,21.27520727652984,21.271840353336756,21.27108826604814 
 06/20  21:25:00,20.63012123339851,20.65047183097289,20.624866993965956,20.709601509704548,18.0,18.810247465688246,25.841254882393564,21.24357264469495,21.243994177307627,21.24213015919645,21.241375582276078 
 06/20  21:30:00,20.547100881585514,20.566159248043494,20.54402875795516,20.62355973926528,18.0,18.726237223136234,25.82490192549148,21.21230769193619,21.212750483561877,21.212356025274914,21.211598255410536 
 06/20  21:35:00,20.472437247832847,20.490297705122504,20.471893802514902,20.54654538821996,18.0,18.64269690554601,25.808527926000526,21.180977186674625,21.181441100469215,21.182479153744453,21.18171765002637 
 06/20  21:40:00,20.404288381761937,20.421037169035877,20.406556858595245,20.476635417561358,18.0,18.5836988756309,25.792140375079153,21.149575400083734,21.15006035005581,21.152492720476516,21.15172689774073 
 06/20  21:45:00,20.341297834742562,20.357013788551143,20.34660812331493,20.41240173201975,18.0,18.524878263184736,25.77569565162,21.118074634213713,21.11858039811318,21.122368404106396,21.12159782634228 
 06/20  21:50:00,20.282449106106643,20.297204351890283,20.29098640555489,20.35276511459503,18.0,18.482668072523378,25.759475769099073,21.086518439100757,21.087045119139702,21.09214945474173,21.091373381669428 
 06/20  21:55:00,20.22696851639239,20.2408291269223,20.238880670413977,20.296897190558482,18.0,18.440439177041597,25.743129412859027,21.054848631526056,21.055395802733244,21.061777296199466,21.06099553674744 
 06/20  22:00:00,20.174258838265786,20.187285439841492,20.18966245545312,20.244153051598545,18.0,18.40946162877043,25.726581734987864,21.02306747412547,21.023634714312607,21.03125416709497,21.030466545933848 
 06/20  22:05:00,20.102376431349562,20.11465435772021,20.119542351433715,20.170907272294425,18.0,18.34074781743947,25.70986104025086,20.956216756167464,20.956806458598294,20.964312841721267,20.963513902454224 
 06/20  22:10:00,20.02404545742196,20.035633456890253,20.042375201957647,20.090866790800995,18.0,18.27187214334082,25.692517990083818,20.88736069049105,20.887981047145217,20.895253437661268,20.89443408476359 
 06/20  22:15:00,19.942129244696623,19.95307682307243,19.96127708893053,20.007102034482006,18.0,18.20298854197423,25.674893267283636,20.818150515685033,20.818800098888005,20.825819677815616,20.824980907268127 
 06/20  22:20:00,19.857993630486977,19.868344203564376,19.877733690895514,19.921070694621424,18.0,18.12688301063272,25.65701055259261,20.7488346565587,20.749513001273954,20.75627681590953,20.755418669079404 
 06/20  22:25:00,19.77245559234269,19.782247936277532,19.792633378844656,19.833640761640098,18.0,18.05076337694595,25.63886154710995,20.679448431376102,20.68015508925231,20.68666285054792,20.68578536614916 
 06/20  22:30:00,19.686034251791003,19.695303423436485,19.706540715994112,19.745361009738524,18.0,17.970774614667185,25.620475938909884,20.610014371766738,20.610748958954787,20.617000607172372,20.616103776684668 
 06/20  22:35:00,19.599068845253978,19.60784682259376,19.619824925139614,19.656587926487887,18.0,17.89077377073753,25.601853358363382,20.54053322974562,20.54129528537277,20.54729083113682,20.54637473823925 
 06/20  22:40:00,19.51178503981869,19.520101190330383,19.532732019951965,19.567556929336074,18.0,17.808612442201824,25.583018290957167,20.471017476181885,20.471806577784037,20.477545886383098,20.47661059214454 
 06/20  22:45:00,19.424334708842334,19.432216144946654,19.44542801295675,19.47842499419613,18.0,17.726440012467496,25.563976031710784,20.401468672575618,20.402284356330142,20.407767270655313,20.40681289161205 
 06/20  22:50:00,19.3368207218503,19.344292578852475,19.358025810996626,19.389297168119707,18.0,17.643075210650927,25.5447438642253,20.331894523041,20.33273634876184,20.33796260968461,20.336989252904175 
 06/20  22:55:00,19.249312839716133,19.256398498600074,19.270602440821307,19.300243533185085,18.0,17.559699876663384,25.525332258768678,20.262298659922635,20.263166183629835,20.26813548028929,20.267143269796634 
 06/20  23:00:00,19.161858140082,19.168579409880696,19.18321033597288,19.211310309093157,18.0,17.475696958130513,25.505750897893158,20.192684409705976,20.193577193736473,20.198289164794232,20.197278230959455 
 06/20  23:05:00,19.137615294331514,19.14400173841924,19.15807092384408,19.18478145866928,18.0,17.442822530860212,25.4860146309269,20.240591623009948,20.24151041301252,20.245615836443278,20.244582937192376 
 06/20  23:10:00,19.137798914639287,19.143873109670754,19.156648167213106,19.182070112851626,18.0,17.419128047798257,25.46809598289135,20.29533581206715,20.296252765204486,20.2997654132904,20.29873774714548 
 06/20  23:15:00,19.15307717391194,19.158858714925554,19.16972346907073,19.19394020241821,18.0,17.394002027517487,25.45030169954123,20.350992790652867,20.351910801810845,20.354706317534465,20.35368069847243 
 06/20  23:20:00,19.178740354329747,19.184246799924747,19.192675018155715,19.2157590925754,18.0,17.38425453565472,25.432920951026258,20.406777356413727,20.407696628508916,20.409632543886516,20.40860841527484 
 06/20  23:25:00,19.21183667434182,19.21708398499818,19.22262328910301,19.244639311576993,18.0,17.373239279537952,25.415994635706035,20.46254957862118,20.463469993058993,20.46440188259089,20.463378970716803 
 06/20  23:30:00,19.25039422767608,19.255397048064037,19.25765535923456,19.278661742504593,18.0,17.37056450113118,25.39945641222742,20.518230217636187,20.51915136189757,20.518935665163497,20.517913854502183 
 06/20  23:35:00,19.293047977352018,19.29781983751235,19.296454191588975,19.31650433803244,18.0,17.366689004107176,25.383331137821635,20.573816139341034,20.574738161113885,20.573232747491943,20.57221128555159 
 06/20  23:40:00,19.338826583660516,19.343380049865363,19.338087689564894,19.35723083353685,18.0,17.367153104432763,25.367562993877353,20.629252482181016,20.63017546695096,20.62723832353697,20.626218716068706 
 06/20  23:45:00,19.38702236213207,19.391369154192887,19.381880611956323,19.40016244351664,18.0,17.36643792731601,25.35217476584082,20.684542277160062,20.685465674786542,20.68095793223887,20.679940925605365 
 06/20  23:50:00,19.43710873335903,19.44125981663036,19.42733365094657,19.444796791406333,18.0,17.367524091525855,25.337100303004792,20.739634636887104,20.74055794573985,20.73434215119039,20.733327588028146 
 06/20  23:55:00,19.488686215244815,19.492651871302375,19.474070744510392,19.490755111204148,18.0,17.367422985823325,25.322366742802107,20.794538006027096,20.795460933057768,20.787402097317795,20.78639009766397 
 06/20  24:00:00,19.541446205531997,19.545236086149018,19.52180391944206,19.53774700260736,18.0,17.367405784705724,25.307908352649672,20.84920635064225,20.850128347880684,20.840093915278544,20.839084829686954 
 06/21  00:05:00,19.51627090770938,19.51988942051614,19.494417630769266,19.509622527615882,18.0,17.310649262429724,25.293757013358366,20.759428716212938,20.760348395677738,20.75049319935954,20.749489854749072 
 06/21  00:10:00,19.46064417075041,19.464097781909118,19.43750103220157,19.451988764659326,18.0,17.241237940457097,25.294558207760698,20.66040228052543,20.66136461209021,20.6519485365244,20.650906109408254 
 06/21  00:15:00,19.38600971432583,19.38930529078974,19.362077061395336,19.37587296968221,18.0,17.171804018832734,25.284513908390544,20.55741851256704,20.55840536517792,20.54944390263023,20.54838054449783 
 06/21  00:20:00,19.298191870971678,19.30133631284124,19.273775764991058,19.286906804582937,18.0,17.08157367521102,25.27351712293914,20.453811532349164,20.45482462000956,20.446321359392186,20.44523507801705 
 06/21  00:25:00,19.200869650472725,19.203869754729446,19.176164242466307,19.188657913586763,18.0,16.99131813014315,25.26167635573391,20.349693611883254,20.350732386459754,20.342684460473265,20.341575562020466 
 06/21  00:30:00,19.09651572376066,19.099378113326004,19.07164673318068,19.083530474676973,18.0,16.88763448520802,25.24914085278598,20.245151039565258,20.24621523754928,20.238619699695505,20.23748821443229 
 06/21  00:35:00,18.98684853453555,18.98957961904094,18.96189861203374,18.97319942505793,18.0,16.783927773025276,25.235982427917612,20.140236419816347,20.141325783479147,20.13418020001393,20.13302616539886 
 06/21  00:40:00,18.873092610348294,18.875698565834522,18.848116751463795,18.85886096266728,18.0,16.671140940651767,25.22227834042183,20.03500343598722,20.03611780834376,20.02942041930021,20.028243784907204 
 06/21  00:45:00,18.75613867559888,18.758625436102168,18.731173838883887,18.741386954439683,18.0,16.5583312736203,25.208088837720883,19.929495531971156,19.93063481901953,19.924384443702195,19.923185109447047 
 06/21  00:50:00,18.63664616282145,18.639019419464756,18.611717393120827,18.621424013768504,18.0,16.439231977136924,25.193456803948646,19.823748671248268,19.824912828543233,19.81910878357843,19.817886612870552 
 06/21  00:55:00,18.515110866613938,18.517376071344852,18.49023525655572,18.49945903415923,18.0,16.320109470415474,25.178402518705198,19.717789419656924,19.718978416952496,19.71362040885805,19.7123752637051 
 06/21  01:00:00,18.39191071161225,18.394073083684262,18.367099998664806,18.37586362096814,18.0,16.19654513633088,25.16294721984006,19.611646909692467,19.612860775926038,19.60794893804575,19.606680632638245 
 06/21  01:05:00,18.322302934251077,18.324363457321414,18.297915213316436,18.30622011620961,18.0,16.140618577879952,25.146666514225252,19.604214390028346,19.605450465009994,19.600899792031214,19.599612635920266 
 06/21  01:10:00,18.27374867198415,18.275711198798458,18.250104270936117,18.257966476868596,18.0,16.097276289788013,25.131972967341007,19.600472401124932,19.601702534073183,19.597543869718095,19.596266303279663 
 06/21  01:15:00,18.238380963021818,18.24024978575129,18.21575809147763,18.223196083600172,18.0,16.054193405063085,25.11708668420175,19.597957432414432,19.599184201045944,19.595402209433644,19.59413124773289 
 06/21  01:20:00,18.212182779077885,18.213962290950192,18.190817251058967,18.197850217914795,18.0,16.034355257541414,25.102243416424447,19.596012644875657,19.597237130123972,19.593831253940266,19.592565684620638 
 06/21  01:25:00,18.192607488180983,18.19430205563167,18.172696228715537,18.17934339070631,18.0,16.01464013747868,25.08747647759213,19.594352756039825,19.595575380826176,19.592547507064864,19.591286797688383 
 06/21  01:30:00,18.177938059411744,18.179551954429222,18.159644135573036,18.16592438751787,18.0,16.00989297210691,25.072770121511287,19.59283952603505,19.59406037094584,19.591413219801325,19.590157191837193 
 06/21  01:35:00,18.16697812662381,18.168515488553936,18.150435924471783,18.156367635646298,18.0,16.00517445500922,25.058146583281044,19.591432063002458,19.59265124949195,19.590388084454844,19.58913652369523 
 06/21  01:40:00,18.1588734162642,18.160338230158242,18.14419336797591,18.149794271322175,18.0,16.010473932933593,25.043582893974868,19.590089495386678,19.59130700400408,19.589430853062254,19.588183694602492 
 06/21  01:45:00,18.153001433060464,18.15439751796418,18.140274099089307,18.145561233222864,18.0,16.015738550548956,25.0290986185029,19.58881172302904,19.590027643686994,19.58854157648841,19.587298649834963 
 06/21  01:50:00,18.148900548342926,18.150231551894908,18.138200040812315,18.143189724110275,18.0,16.027799382007156,25.014669880888988,19.587575802993797,19.588790102506266,19.587696876786254,19.58645814110355 
 06/21  01:55:00,18.14622304555926,18.1474924427681,18.137609853396405,18.14231767792234,18.0,16.039782468276552,25.000314785156874,19.586389015073678,19.58760176192675,19.586904062752296,19.585669379106207 
 06/21  02:00:00,18.14470327840021,18.145914373265555,18.138226578682215,18.14266741651957,18.0,16.056403682606426,24.986010940668596,19.585233687953746,19.586444830136486,19.58614511292444,19.58491446798007 
 06/21  02:05:00,18.17687245832703,18.178027924340526,18.172590617898063,18.176776957312594,18.0,16.1059360591037,24.971775546399915,19.64449854459093,19.645705846201736,19.645877528280664,19.644653196309605 
 06/21  02:10:00,18.22291141417522,18.224014164976136,18.22091080854146,18.224855955278937,18.0,16.166247418245504,24.958305230281557,19.70626786797527,19.707457998155746,19.708099469742933,19.706894726884627 
 06/21  02:15:00,18.277905216710632,18.278958073401455,18.278268777535988,18.28198561016296,18.0,16.226741236714883,24.945222013956567,19.76870635843966,19.76988099581365,19.771041623000713,19.76985474709568 
 06/21  02:20:00,18.339295312813107,18.340300970671574,18.342097802938756,18.345598646970387,18.0,16.301563487585714,24.932455305046897,19.831516814064344,19.832676066893555,19.834411444353577,19.833242259782992 
 06/21  02:25:00,18.405437458081742,18.40639847856251,18.41074479191974,18.41404139115616,18.0,16.376484061933937,24.92002687054942,19.89465740109472,19.895801325147318,19.89816698473487,19.89701536831211 
 06/21  02:30:00,18.47520812381467,18.476126933533106,18.48307784969241,18.486181365980908,18.0,16.46078127931279,24.907884937565704,19.95808164228589,19.959210076338763,19.962260751836425,19.961126799163935 
 06/21  02:35:00,18.547813109157598,18.548692002042138,18.55829526852463,18.561216295096436,18.0,16.54511401079448,24.89605205133984,20.021793443904926,20.022906379225958,20.026695725557374,20.02557938296161 
 06/21  02:40:00,18.622676310008714,18.623517451033393,18.635814365326063,18.638562946847504,18.0,16.635815358279316,24.8844752176622,20.08575682078458,20.08685405231347,20.091434932213133,20.090336343498052 
 06/21  02:45:00,18.69937066133324,18.700176091110002,18.715202367078017,18.71778802277977,18.0,16.72650996249144,24.87317860065168,20.149981601042782,20.151063084437624,20.156487310595594,20.15540646193824 
 06/21  02:50:00,18.777573512367848,18.778345152255092,18.79613168464181,18.798563432544054,18.0,16.82160475406426,24.862109455868424,20.21443575243802,20.2155012458785,20.221819965964585,20.22075704127178 
 06/21  02:55:00,18.857036908656845,18.857776566193373,18.878350085252972,18.880636466407914,18.0,16.916664005947137,24.8512915000917,20.279132280764657,20.28018170072528,20.28744503360167,20.286400061483164 
 06/21  03:00:00,18.937567311916673,18.93827668644908,18.961660310138544,18.963809412320572,18.0,17.014799424592617,24.840669803389023,20.344042106301004,20.34507517033029,20.353332670131863,20.35230587753523 
 06/21  03:05:00,18.963276166837854,18.96395867700811,18.987453987702896,18.989480998394104,18.0,17.034505587083284,24.830261111438038,20.314978524324147,20.31600067087402,20.323713084005817,20.322697008241107 
 06/21  03:10:00,18.96816416984948,18.96882183360208,18.991559618192923,18.993473680461065,18.0,17.039956833742462,24.818769289014114,20.280607427109317,20.281640977538473,20.288598453684244,20.287570295370983 
 06/21  03:15:00,18.96029856121439,18.9609330075483,18.982441578700808,18.984250122645694,18.0,17.045651308823096,24.80695529655801,20.24535770024596,20.24639946299675,20.252582164312685,20.251545072371414 
 06/21  03:20:00,18.943715350432768,18.944327978845266,18.964314816098913,18.966024268294145,18.0,17.026367839560283,24.79509704521004,20.20990244145497,20.210952027581925,20.216367117817356,20.215321455910953 
 06/21  03:25:00,18.920925667934167,18.921517714593037,18.939791272126644,18.941407349499393,18.0,17.007175485436044,24.78321087632037,20.174350677169855,20.175408019756333,20.180067025573408,20.17901283185688 
 06/21  03:30:00,18.89359340090727,18.89416597834202,18.910595375939078,18.912123256774283,18.0,16.97262054360393,24.771217720581834,20.138713308686988,20.139778267515,20.143693339584274,20.14263072553115 
 06/21  03:35:00,18.86285925889872,18.863413382659886,18.87790546563684,18.87934989876938,18.0,16.93807980568754,24.759127073817563,20.103009927278833,20.104082420915006,20.107265582089042,20.10619460178043 
 06/21  03:40:00,18.82952558605033,18.83006219372474,18.842547914795475,18.84391329292984,18.0,16.89348089117387,24.746936218267766,20.067248387007908,20.06832830789449,20.070791458052838,20.069712192397105 
 06/21  03:45:00,18.794168864783313,18.79468883005809,18.805114928701084,18.806405339819317,18.0,16.848841958599994,24.73465716181445,20.031442426063677,20.032529706032733,20.03428462021202,20.033197111431946 
 06/21  03:50:00,18.757210977949818,18.757715121213373,18.76603891984834,18.767258184803037,18.0,16.797353841824187,24.72229019877518,19.995597363850948,19.996691919551097,19.997750315126666,19.996654620898994 
 06/21  03:55:00,18.718965727645568,18.71945482403694,18.725640907536548,18.726792608696528,18.0,16.745786608531702,24.709848978975735,19.959724777967267,19.960826575010913,19.961200131359647,19.960096260546777 
 06/21  04:00:00,18.679669957882265,18.680144743407322,18.684162802229242,18.68525030616956,18.0,16.68937985851968,24.697333204370313,19.92382730934014,19.924936301375283,19.924636703245085,19.923524676586226 
 06/21  04:05:00,18.642409042781782,18.642869180009615,18.64668277846756,18.64770591369051,18.0,16.65634210761854,24.684756785378898,19.887848277423473,19.88895985293493,19.889251404466336,19.888137969567993 
 06/21  04:10:00,18.605537340589727,18.605983152686825,18.61034656863078,18.611307402545503,18.0,16.624945409176675,24.672124252231473,19.851767794846637,19.852881745379477,19.85379728306009,19.852683089940683 
 06/21  04:15:00,18.56873003332772,18.56916198701184,18.574534953829925,18.57543600135642,18.0,16.593427221054974,24.659434862321458,19.815588739459884,19.816705049538314,19.818228039308792,19.81711304646842 
 06/21  04:20:00,18.531853108434916,18.532271731020778,18.538963317701928,18.53980724657485,18.0,16.567565654830535,24.646684106514456,19.77931143009812,19.780430105844744,19.7825353044517,19.781419483761795 
 06/21  04:25:00,19.435253076314215,19.15646500652445,18.714994813832273,18.715784669086904,18.0,16.81627653614023,24.633883021081417,20.216668955008572,20.083690258842694,19.87857091452537,19.883376226042515 
 06/21  04:30:00,19.724652784846512,19.348903782783623,18.787748012550978,18.788486578156434,18.0,16.880059619016137,24.644798641423847,20.167329613550237,20.04098851643687,19.86484592776185,19.869280851042845 
 06/21  04:35:00,20.774752515362664,19.983895035082206,18.88716582483308,18.88785570665392,18.0,17.004186816228582,24.637025459670873,20.57064487771197,20.27972192321647,19.892115986464546,19.90170291426068 
 06/21  04:40:00,21.91944182963376,20.64390005387939,18.98625124224903,18.98689499434946,18.0,17.140858061155534,24.643602964496363,20.88363217622168,20.456986065127182,19.91205222726029,19.92133471598862 
 06/21  04:45:00,23.579165190325686,21.567996385806413,19.107930569200526,19.10853072466695,18.0,17.286152167277496,24.649140301735464,21.410552547105226,20.743673866142444,19.933820477737186,19.935794575985824 
 06/21  04:50:00,25.129722295467715,22.390759301072773,19.22371605454787,19.224275281687294,18.0,17.462327895803256,24.66491779405369,21.772911390127433,20.92347851916429,19.944000367833894,19.942603494740297 
 06/21  04:55:00,26.546214819035303,23.105912342975,19.34094686850111,19.341468480261977,18.0,17.64691730261929,24.677406655740725,22.062893954951903,21.053314475349907,19.951842071384135,19.95114099125294 
 06/21  05:00:00,27.82061193400256,23.714799645155598,19.460476101329927,19.460965123134834,18.0,17.861218624735702,24.68934619115593,22.29319955422318,21.148495524706448,19.95892757235191,19.957210641339657 
 06/21  05:05:00,29.112472930619344,24.33653041910025,19.65565948432714,19.65612287799018,18.0,18.16945279715662,24.701098156113883,22.65680967477391,21.371667420703602,20.098272312635117,20.090397049537046 
 06/21  05:10:00,30.401632570051454,24.941002091488265,19.881716883057635,19.88216768089346,18.0,18.523632768509657,24.726102548645823,23.02584259391881,21.595466624406754,20.245018000659115,20.234306064466068 
 06/21  05:15:00,31.687448408890933,25.5237173395857,20.12753559241683,20.12799312509219,18.0,18.884621239572034,24.745368734390613,23.39504092113566,21.813728368805528,20.39296042080889,20.380195213637762 
 06/21  05:20:00,32.969083213514416,26.082502013646835,20.387340922879265,20.387830473886297,18.0,19.299756493531124,24.766467306560852,23.763645999419623,22.02585981753458,20.54164262657241,20.52706764743516 
 06/21  05:25:00,34.93854774032263,26.929046738949193,20.701692085036576,20.70224293014296,18.0,19.720561300153605,24.78861864361914,24.468215497563733,22.392620191254537,20.71378113836704,20.697594959863522 
 06/21  05:30:00,36.4517918900949,27.544321391146322,20.997987220800333,20.99862889358398,18.0,20.18125849386681,24.825717112081566,24.838068603938325,22.58756909996964,20.86819297025295,20.850598778847882 
 06/21  05:35:00,37.845321676013036,28.07503259679603,21.28792991125395,21.28868937523124,18.0,20.639609851243737,24.852976983305798,25.198266572562943,22.766148800628912,21.01671840465849,20.997954240892227 
 06/21  05:40:00,39.17566511442738,28.550414925872513,21.57703841840693,21.577932270324254,18.0,21.126715269453378,24.880291932209847,25.55603294032676,22.935142695384002,21.16550805909742,21.145811427029457 
 06/21  05:45:00,40.46178302327354,28.98066303587083,21.86616333102689,21.867201010406742,18.0,21.61547402615075,24.90740922362812,25.911262678259163,23.09435324545342,21.314578756420588,21.29419544017162 
 06/21  05:50:00,41.71339624000012,29.371401149173074,22.15564410312214,22.15682470647211,18.0,22.1386021990374,24.935412517962188,26.26384732939357,23.243741182086637,21.464041835808075,21.443218292933807 
 06/21  05:55:00,42.92641850798644,29.721961545473516,22.443956071089683,22.445269131157648,18.0,22.66780792876757,24.964366155137945,26.60911073754022,23.381126689232474,21.61310870661839,21.592089709118795 
 06/21  06:00:00,44.12078975082122,30.042115395975525,22.73386178055663,22.73528868781378,18.0,23.222357775010288,24.993894652973363,26.95622453559872,23.51073578821081,21.76330749729857,21.742333259394684 
 06/21  06:05:00,45.29354832100284,30.341249285690083,23.03948465927389,23.04099868772316,18.0,23.795767629244022,25.02444975861505,27.33037234809933,23.657333295048034,21.942942089350936,21.922306596715202 
 06/21  06:10:00,46.442747991470746,30.613644499185547,23.350962430567847,23.352533345638886,18.0,24.39252223255635,25.059258037366394,27.594256608844944,23.71379664155154,22.06727132059291,22.046757017553716 
 06/21  06:15:00,47.56786599977881,30.858726024224122,23.66582621314586,23.667421494459497,18.0,24.992560114362714,24.921103775180217,27.89015811797799,23.79029640656239,22.203842777444834,22.18448581576888 
 06/21  06:20:00,48.66844806305082,31.076580751047988,23.982782698951166,23.98436904236013,18.0,25.613654259470962,24.867985836546875,28.22350227505393,23.880254093359895,22.361179953845863,22.34287197344355 
 06/21  06:25:00,49.744021710308495,31.267513887092086,24.300998030481303,24.30254266088882,18.0,26.237382431499668,24.821385679631003,28.547229073396466,23.965397201160272,22.521426426807864,22.50429086298766 
 06/21  06:30:00,50.794092445747616,31.43194018009287,24.619897326630923,24.621369091234218,18.0,26.87711376354667,24.784647448870782,28.87102246594486,24.04712706248688,22.68579278640391,22.669936689655344 
 06/21  06:35:00,51.62708675290291,31.519916180704882,24.926135378294042,24.92750566081162,18.0,27.465149920551923,24.75580482562404,29.099252087212506,24.10215580736184,22.84680626374876,22.83254914269355 
 06/21  06:40:00,52.37913657762897,31.570071938057747,25.227387425376392,25.22863076513179,18.0,28.052647594253198,24.730870679739166,29.334088958393068,24.155783602182055,23.009443168936002,22.996807143994545 
 06/21  06:45:00,53.07609493996142,31.591867784762133,25.52523788740523,25.526332346184024,18.0,28.639210001672712,24.710962704043844,29.56810561837233,24.20935282030041,23.17413109692393,23.16311194253609 
 06/21  06:50:00,53.730333670649244,31.590302343709702,25.820395377928012,25.821322764263133,18.0,29.21590128084517,24.695020616893327,29.799804678080875,24.263360124277597,23.34039832837857,23.330971309042013 
 06/21  06:55:00,54.6857342243175,31.708489268728357,26.21339623384155,26.214142006458935,18.0,29.79161820746041,24.6826635450902,30.19135525954914,24.384824814192257,23.55383904034727,23.54598407541215 
 06/21  07:00:00,55.376724611105004,31.712742047006092,26.536575296640148,26.537128841170226,18.0,30.36138471922195,24.681171013240316,30.411309120437522,24.443300386844385,23.724516975428912,23.718152484329266 
 06/21  07:05:00,56.07138393048786,31.68647166653324,26.839823064336247,26.840179564669562,18.0,30.974329383271293,24.67618034946397,30.670678349728178,24.502364281438645,23.887585558791784,23.882566890751832 
 06/21  07:10:00,56.741814825649975,31.635151941458126,27.134059462518184,27.13421390873986,18.0,31.598490043098657,24.74582244370899,30.906546690218363,24.55426508930219,24.040655805265942,24.036859336987845 
 06/21  07:15:00,57.3879512204333,31.56209219611745,27.42303428062836,27.42298381463169,18.0,32.22881444686111,24.77281268972248,31.13487651579851,24.590055827663605,24.184699329068337,24.182066189561056 
 06/21  07:20:00,58.01029711565502,31.469345444438517,27.708740659282977,27.708484899949106,18.0,32.879536269257386,24.798721347813576,31.35791412686649,24.65020668318209,24.32815226549019,24.326553261564925 
 06/21  07:25:00,58.609045817151234,31.35827539699372,27.99236241253874,27.991903497043655,18.0,33.53621154420117,24.822764200921878,31.574823384991078,24.709417506921568,24.47101356869615,24.470308352766267 
 06/21  07:30:00,59.184172014119795,31.229850446880995,28.274633949225212,28.27397646831505,18.0,34.21153451739205,24.845587919883087,31.785573515661838,24.776280608201205,24.613492295500293,24.61352185340445 
 06/21  07:35:00,59.61359085715579,31.065816483547973,28.54151100550161,28.540661857757204,18.0,34.83932512328089,24.86774650214139,31.935923442025,24.846188886261416,24.749155057376697,24.74974377012319 
 06/21  07:40:00,59.98623960566174,30.882103655669823,28.80255259092634,28.801520804072936,18.0,35.472761867855915,24.887799630110543,32.08025899939298,24.929104443229278,24.88396866316657,24.884920490045772 
 06/21  07:45:00,60.317781694428376,30.682905344305492,29.059966518331446,29.05876309122552,18.0,36.109394204146106,24.9073349569043,32.219104992968255,25.027262637202455,25.018596165369786,25.019708048619577 
 06/21  07:50:00,60.61560191226566,30.591896014231253,29.43240624838448,29.31347058677248,18.0,36.74400557672542,24.92651545759628,32.35257371201294,25.14616305241509,25.1616360071925,25.154167975777796 
 06/21  07:55:00,60.883908884751484,30.649116942452718,29.956644073825817,29.566292941294268,18.0,37.38158217613133,24.945873617939153,32.48083463655735,25.27980788624808,25.33063956340726,25.288461219069518 
 06/21  08:00:00,61.125209536191015,30.76529025533735,30.544014918142516,29.8176417329627,18.0,38.0219078447339,24.966034298090864,32.60399526289734,25.413814891033496,25.51468592560269,25.422680978311803 
 06/21  08:05:00,61.334406793828315,30.93100267932052,31.182185274753795,30.080740579758714,18.0,38.65605836887729,24.98655811300443,32.82278952386986,25.670508982189006,25.834831165620983,25.678876203440495 
 06/21  08:10:00,61.51710515749387,31.124965943163772,31.849850296284377,30.346984123857446,18.0,39.29120725421052,25.254960413243154,33.02209881523709,25.904152426735777,26.14067878956064,25.909245692354602 
 06/21  08:15:00,61.67470101902526,31.33765520961545,32.537078149823266,30.61451703406146,18.0,39.92654335765445,25.3824765741482,33.18484058902271,26.104048180899554,26.42657087456405,26.103342033954448 
 06/21  08:20:00,61.807940475081104,31.563215272024927,33.23760602925729,30.88246362037084,18.0,40.56153555322114,25.49861359167716,33.32829333617644,26.291038595818236,26.707922372075473,26.289188193392533 
 06/21  08:25:00,61.91725925580861,31.7977812129419,33.94717372133886,31.150305179366907,18.0,41.19646437221779,25.58188781355268,33.456129047842296,26.46667697063583,26.986033170430915,26.464820399389282 
 06/21  08:30:00,62.00290837607915,32.03871782259726,34.66275721598376,31.417715094647956,18.0,41.8312429827073,25.645099170743222,33.577294457723156,26.638960855082132,27.267235238761714,26.637360445761146 
 06/21  08:35:00,62.016082652064895,32.27189189700006,35.36460226775372,31.67258327277742,18.0,42.43361512365912,25.701427662416638,33.671271944436796,26.803976103233822,27.545070614571898,26.80314677076217 
 06/21  08:40:00,61.99327370500028,32.50402118463604,36.06168362599236,31.922649128970686,18.0,43.0292979387774,25.752906297745746,33.7610262524874,26.967738230276268,27.82574647564229,26.96776002021477 
 06/21  08:45:00,61.94095112925038,32.73594738751844,36.754884418901305,32.169555239150014,18.0,43.6238998237767,25.80024672853822,33.84667742185104,27.130285623758482,28.10838230183367,27.131279813809613 
 06/21  08:50:00,61.86221721392775,32.9678387768686,37.44417708680993,32.41406688289503,18.0,44.207544402190116,25.84470700430156,33.928720505883064,27.291997770853698,28.39249552675642,27.2940684405811 
 06/21  08:55:00,61.75886502089709,33.19969011257743,38.129294473128795,32.656629771098345,18.0,44.78995087802079,25.886291537561426,34.007136906671235,27.452732585485876,28.677230669464166,27.456001025125033 
 06/21  09:00:00,61.63198092901364,33.43142937314725,38.809874707220274,32.89751803248747,18.0,45.364607581571796,25.925774444983272,34.08220003279234,27.612735485586313,28.962138434369933,27.617308827001466 
 06/21  09:05:00,61.28767698834069,33.59098517966895,39.342910902540474,33.04767307563099,18.0,45.63695705015836,25.963123071378384,34.02795845271061,27.69713666942573,29.14200831785257,27.703914015068676 
 06/21  09:10:00,60.87028456655273,33.724970342375904,39.81793876072369,33.165606759946876,18.0,45.84713914308475,25.973480715849036,33.971942098443094,27.78193375143661,29.325708031604165,27.7901609473015 
 06/21  09:15:00,60.405932653259114,33.843833387866596,40.253684263163564,33.26457088701476,18.0,46.0533249596825,26.002860231136875,33.91743990059342,27.869098266471383,29.509017537996897,27.878591230827283 
 06/21  09:20:00,59.90731735842277,33.9526766476804,40.659192174312416,33.35108062068489,18.0,46.167886970334926,26.03088010707737,33.861687702181484,27.95540077543785,29.694328062113527,27.966325541636422 
 06/21  09:25:00,59.38193551163194,34.05457946187367,41.039944507009345,33.429091456190754,18.0,46.28118019791751,26.05805594189846,33.80472878152989,28.041206222278788,29.869747931992265,28.053694309844616 
 06/21  09:30:00,58.83449109196794,34.15151231327741,41.39950145140289,33.50115251013046,18.0,46.34290953024537,26.08439825530103,33.74617507285433,28.126590579713252,30.040710282930604,28.140771077222553 
 06/21  09:35:00,58.1557938863141,34.216761637790114,41.68017309948976,33.542508338916235,18.0,46.31069505234261,26.109866551601776,33.63467401670647,28.19882625619249,30.176223773027004,28.21622073994041 
 06/21  09:40:00,57.43398021459441,34.270082366802924,41.924111993558505,33.572783885972136,18.0,46.23456197563922,26.132137650959258,33.521898906516356,28.270077328444415,30.310836637574823,28.290848396240108 
 06/21  09:45:00,56.68656972045385,34.31629438470836,42.14089331758391,33.59685284697573,18.0,46.15981814237248,26.153263812841217,33.4082465538595,28.34115562513034,30.441151288369724,28.365498394652036 
 06/21  09:50:00,55.92238511238753,34.357874443463544,42.335462766717555,33.61722610505138,18.0,46.04641198324176,26.17339708782784,33.29314536898278,28.412121053742226,30.566878293588672,28.440229439952077 
 06/21  09:55:00,55.1468266091726,34.39636427703349,42.5109819236601,33.6354591079496,18.0,45.935198822905264,26.192143531221532,33.17583427014682,28.482899397673748,30.688008804944616,28.514967793095195 
 06/21  10:00:00,54.363433708280795,34.43278116238638,42.6696321922672,33.652570031209855,18.0,45.804950751984656,26.210410615826824,33.05578460472668,28.553679863274965,30.804826387468722,28.589866552702006 
 06/21  10:05:00,53.651027397034476,34.49309112655134,42.89325373040349,33.70258101432761,18.0,45.82983957491166,26.22784432490366,32.9614216208912,28.634501032284504,30.94253456742439,28.672717151831876 
 06/21  10:10:00,52.95216782260859,34.560262834469995,43.126186529319796,33.761903867245294,18.0,45.864612789676734,26.239395301236115,32.8641313579152,28.717222692891994,31.07967720960562,28.757332076767682 
 06/21  10:15:00,52.256917803051046,34.63083871376007,43.3581632617096,33.82583853358472,18.0,45.896705142237025,26.254736703269415,32.760793811721555,28.800510303470446,31.213768224507476,28.842464058922815 
 06/21  10:20:00,51.56103657962655,34.7032850681094,43.58477878893067,33.89234062667993,18.0,45.95410219599563,26.269598785310748,32.65000764377055,28.883569216221474,31.34398542824539,28.92739766504576 
 06/21  10:25:00,50.862338751043325,34.77675758594793,43.803664193494264,33.960302091625394,18.0,46.00858137424558,26.283967726825725,32.531423846821326,28.96642813810479,31.470377669449874,29.012139127782234 
 06/21  10:30:00,50.15969941074117,34.85077368571964,44.01348315599619,34.029094819643056,18.0,46.0717467559939,26.297874043431857,32.40489844615081,29.049132555675556,31.593046262085863,29.096720756455852 
 06/21  10:35:00,49.45736307356878,34.93209650913209,44.21799589863387,34.104840620261854,18.0,46.134232933374285,26.311286466194105,32.272221943619456,29.13474066700394,31.713657824394886,29.183751925123374 
 06/21  10:40:00,48.75195183453027,35.015668872570025,44.41336119347389,34.18265337078862,18.0,46.19810169290167,26.32466414867018,32.13222558791233,29.220320470603497,31.830762174338588,29.270760329510722 
 06/21  10:45:00,48.042926588638565,35.100370520131364,44.5987021824146,34.261474791490954,18.0,46.25899502433569,26.337642335400844,31.985417718117333,29.305742679682794,31.94433605301515,29.357585943666265 
 06/21  10:50:00,47.33021229902589,35.1857037305032,44.77364118314398,34.34084687432498,18.0,46.317716759671285,26.350284503392036,31.831367576747994,29.39107186218655,32.05449788398931,29.444282218133537 
 06/21  10:55:00,46.613945483575904,35.27142038822296,44.93801737289082,34.420548155947195,18.0,46.3735459356423,26.362545364667117,31.67405336175682,29.476323051208624,32.161333036847736,29.530863611552718 
 06/21  11:00:00,45.894391771142665,35.35741337500968,45.091794132237176,34.50048755359436,18.0,46.42510842366072,26.37452821980566,31.513910329201394,29.561570745094627,32.264972200050465,29.617396437166576 
 06/21  11:05:00,45.163024889579184,35.42246488175853,45.241816796887875,34.56219027318148,18.0,46.49653031905694,26.386193684541563,31.311029154087294,29.603534128427043,32.33298070635408,29.6618752428667 
 06/21  11:10:00,44.42433955670993,35.48085400348667,45.38346888217597,34.61852187636421,18.0,46.565738073868715,26.40253783599493,31.106464968635635,29.640625375920365,32.39360683970631,29.700809745312426 
 06/21  11:15:00,43.679322017133465,35.535660309818574,45.51593883340688,34.67211058290961,18.0,46.63184016833188,26.41406095921502,30.904892451987507,29.676563887300404,32.45023694242809,29.738488345925134 
 06/21  11:20:00,42.9286204934151,35.58837942059017,45.638905698403846,34.72418061197193,18.0,46.696761745719115,26.42524577164397,30.710627667424774,29.71259436569926,32.50396520480183,29.776166905206253 
 06/21  11:25:00,42.17280613726815,35.639941926664704,45.752222613637414,34.775473302869656,18.0,46.758605108312906,26.436062184218745,30.52772976967009,29.748773896395562,32.55487491025144,29.813951255205893 
 06/21  11:30:00,41.412426678949494,35.690982186477434,45.85583290536589,34.826485327327326,18.0,46.816334922037775,26.446683980797975,30.36084779005631,29.785194435068092,32.60306049222993,29.851940952367954 
 06/21  11:35:00,40.649829815426365,35.737961662993996,45.97042173998221,34.8739114743193,18.0,46.90476581037351,26.457104284131315,30.216703664641102,29.82015890681555,32.657927798649666,29.888718721475357 
 06/21  11:40:00,39.88107044501835,35.78402152679236,46.081390117559465,34.920669616902586,18.0,46.99291436987423,26.46741368907137,30.095871335591255,29.855472616777888,32.71071464035691,29.92580133137386 
 06/21  11:45:00,39.1053608207476,35.829995219383356,46.1859940328327,34.96747233731917,18.0,47.078112957411946,26.47765970906074,30.00775868228925,29.891145772872505,32.76100709118657,29.963245436144405 
 06/21  11:50:00,38.322467738738155,35.8763278467031,46.28299153064567,35.01468013550067,18.0,47.16485651137577,26.487973893684117,29.959394534872786,29.927230905424892,32.80878647660501,30.00111977938701 
 06/21  11:55:00,37.748975675839226,35.92329489121855,46.37165853836677,35.26167788123821,18.0,47.24857595258475,26.49836928489469,29.963031859731927,29.963769796261545,32.85407234167701,30.057268167616485 
 06/21  12:00:00,37.457233638355646,35.51170062945383,46.45153047545944,35.76974803979995,18.0,47.32960421173352,26.509659267355463,30.001369859108365,30.068332873094164,32.897006335479034,30.167128066475016 
 06/21  12:05:00,37.26544812979826,35.417565861286775,47.94900353848571,36.37081613229685,18.0,47.47949789452418,26.522540018166286,30.000719682008025,30.072680618352592,33.251896050738424,30.27494565819279 
 06/21  12:10:00,37.13418660125115,35.386534918636244,48.45723532283188,37.03020529879882,18.0,47.63719587741963,26.520744957392267,30.001873839512314,30.074464215645776,33.264510197221,30.419099712127206 
 06/21  12:15:00,37.042785556573214,35.38388483891566,48.768487717213354,37.73026884338829,18.0,47.79347137351443,26.5316698530938,30.004763825040243,30.076314091721713,33.27484778601712,30.58683839911066 
 06/21  12:20:00,36.978888506310724,35.39764010741584,48.98444211591149,38.46064726420131,18.0,47.962966468048066,26.543093532528918,30.00784170119823,30.07784504083014,33.28131372403061,30.776787937674385 
 06/21  12:25:00,36.93469686467599,35.42173057755903,49.14133871918745,39.21485289729535,18.0,48.131070727251604,26.55521307349516,30.011160404912914,30.07937985633464,33.284257822765085,30.984165624902175 
 06/21  12:30:00,36.90509037959027,35.45272795153446,49.25788646096099,39.9886043116141,18.0,48.30440974949607,26.56784846329942,30.014735407697117,30.08106670537535,33.28382002453077,31.205201598030612 
 06/21  12:35:00,36.895909520955676,35.49722978659664,49.3356318591426,40.77805822947448,18.0,48.4569687706634,26.580940390938387,30.022130454472062,30.085935353151626,33.275564010839105,31.436562066028785 
 06/21  12:40:00,36.89873374649052,35.5482617441373,49.38744720397747,41.5796261973178,18.0,48.608045046607536,26.594809693330113,30.0303611711264,30.091698167543427,33.263498674061566,31.67343021014807 
 06/21  12:45:00,36.91061688031988,35.60391165794179,49.418474413689154,42.39116969664755,18.0,48.757785747877,26.609079029089358,30.038995079572203,30.097927685461514,33.24802317527758,31.912920412495282 
 06/21  12:50:00,36.92973798877792,35.663164673883756,49.431736115255056,43.21109679620177,18.0,48.90241457117615,26.623685578839357,30.047928629554576,30.104519000019536,33.22702058767243,32.152627667511524 
 06/21  12:55:00,36.95482589825341,35.72538651321576,49.429136364110505,44.03813930087737,18.0,49.04569244044277,26.638572905650715,30.057109394210215,30.111426510651825,33.20415268797376,32.39057158963516 
 06/21  13:00:00,36.98495164076186,35.790156112706356,49.41190762916394,44.87123937620613,18.0,49.18492914334724,26.653721419914742,30.06650811452488,30.1186272423094,33.177761590112766,32.62517932102048 
 06/21  13:05:00,37.01664475878863,35.850204534342204,49.363000476071,45.680410067598956,18.0,49.265124752469085,26.669083831544107,30.094539996399646,30.14302237718198,33.16114706075854,32.861638970429226 
 06/21  13:10:00,37.0510488060911,35.90974750951939,49.295304873081285,46.48158725774604,18.0,49.33131630292483,26.705467721589038,30.11883774704586,30.164421707573297,33.132587394961206,33.0878448106443 
 06/21  13:15:00,37.08805424824835,35.969476379503064,49.211594350009165,47.276897520518794,18.0,49.394943104251716,26.72434878212165,30.140651619846437,30.18078320349423,33.09994525563036,33.30414679982641 
 06/21  13:20:00,37.12744488330426,36.029630091217165,49.1132608753254,48.06685653679331,18.0,49.43895362613941,26.743135591285185,30.1627514406984,30.203144874944428,33.063910671709095,33.51265499701083 
 06/21  13:25:00,37.168999987549356,36.090305004568734,49.00115957354245,48.85148042128906,18.0,49.480405597420294,26.761511219973762,30.18488626412875,30.219982831543916,33.02411215254068,33.7132482753384 
 06/21  13:30:00,37.21251215037871,36.15153088724207,48.87585153121811,49.6305519009075,18.0,49.508431153362345,26.779620459122462,30.20703911940842,30.24270907603011,32.98049445923715,33.90613753434877 
 06/21  13:35:00,37.222064000428155,36.179729492631424,48.62366709139997,50.25647444876065,18.0,49.37027881838015,26.79750384859365,30.212207757347983,30.24756880354414,32.88121137638967,34.02117890502234 
 06/21  13:40:00,37.22150409108779,36.197965613002275,48.32744128155151,50.82336539288225,18.0,49.196977290028094,26.811645743681357,30.216974585507558,30.251998319027564,32.77828513955012,34.12809165035628 
 06/21  13:45:00,37.21581829105537,36.210972833925034,48.00397726654881,51.34774760154132,18.0,49.02272972418183,26.825303409923286,30.22183666549131,30.25645650309349,32.67354496915988,34.22500875306105 
 06/21  13:50:00,37.207306804536934,36.22089977792933,47.66143862719372,51.83673565027569,18.0,48.80079752600339,26.838343675351965,30.226758755056835,30.260945984446266,32.567241115886816,34.31244951632419 
 06/21  13:55:00,37.19729732056159,36.228976912631154,47.30480510126278,52.294226554995255,18.0,48.57813720054063,26.850747502460045,30.23168670110431,30.26542390572422,32.45956430009653,34.391171750255126 
 06/21  14:00:00,37.18660611814043,36.235960814304725,46.026043404853624,52.72249597626354,18.0,48.32861066971153,26.862639220197746,30.23665236386944,30.269913179619493,32.18513549070042,34.461988251856155 
 06/21  14:05:00,37.150790034220535,36.209307799638395,46.228488734790105,53.020169289529925,18.0,47.94139999398038,26.873439284163098,30.228456292483997,30.263746668429008,32.20612011525162,34.48577063956088 
 06/21  14:10:00,37.106985560429166,36.17205228733708,45.91030983188109,53.259175014962324,18.0,47.52059076596941,26.874701813984977,30.220727437306095,30.257637981602045,32.08521181985657,34.50173349930225 
 06/21  14:15:00,37.05904763825147,36.12919414907645,45.51465411410928,53.453413332428454,18.0,47.10431756091126,26.883333721775177,30.213798325877804,30.252175323651954,31.957198440898196,34.511884795082665 
 06/21  14:20:00,37.00885360899355,36.08309949496868,45.08807686741074,53.609517878362574,18.0,46.65108654822619,26.89160917441005,30.206732909075015,30.246599308605198,31.828793408611205,34.51765156475949 
 06/21  14:25:00,36.9575288210346,36.03516070399041,44.644962737186546,53.731477016030944,18.0,46.20299653254179,26.89966622980386,30.199651363900557,30.24098124086305,31.70154734328503,34.51811124954679 
 06/21  14:30:00,36.905789395266574,35.98625246521248,44.19281789352577,53.82189314320946,18.0,45.7403232173869,26.90745645962935,30.192635530981534,30.235388572184604,31.575984676128996,34.513625183426996 
 06/21  14:35:00,36.84483520694015,35.928282534983275,43.78262272911973,54.05402055852146,18.0,45.392846032799135,26.914925457824317,30.18223618323026,30.226989038416264,31.4701064730275,34.57149279741196 
 06/21  14:40:00,36.77983906394328,35.866361623734804,43.37869356612298,54.31338226295138,18.0,45.05487489237661,26.92319135869182,30.17144408067543,30.218128187419552,31.36342522363725,34.632239747740755 
 06/21  14:45:00,36.71188809899965,35.80159882728194,42.974330172540114,54.58034091260143,18.0,44.717357747268025,26.931316620377128,30.160134482669378,30.20878018946121,31.25542277996709,34.69167494969747 
 06/21  14:50:00,36.64149357614359,35.73453108419624,42.56659686439653,54.84641172665759,18.0,44.402269167081265,26.939266448505965,30.148344219234218,30.198986555988142,31.14646645363257,34.74928530937382 
 06/21  14:55:00,36.568956677106875,35.66548483068037,42.15388202185199,55.10695736392981,18.0,44.08747379453358,26.946989582641745,30.13608150070928,30.188759607670704,31.03699263190208,34.80498894856038 
 06/21  15:00:00,36.49446611106809,35.59467388378978,41.735259230661235,55.35928228475247,18.0,43.78367498065569,26.954496193721816,30.123366156325005,30.178120379362667,30.92753092348346,34.85875925214407 
 06/21  15:05:00,36.39301142888289,35.495860930699074,41.28557646610688,55.580024697176604,18.0,43.45274527309044,26.961736111822585,30.06740393622306,30.12436993738538,30.77860153584635,34.8725184554325 
 06/21  15:10:00,36.28143292671441,35.387251743680245,40.82111110842836,55.78394322185595,18.0,43.122936220410146,26.96791044549006,30.00968837772973,30.068228034167703,30.627505412147173,34.8805562138906 
 06/21  15:15:00,36.16334866483189,35.27262132789374,40.34505705248969,55.97321671641338,18.0,42.793051827192684,26.974025820050464,29.951241792721873,30.011281679800675,30.477880363880672,34.8859132967317 
 06/21  15:20:00,36.040466541963006,35.15370046910472,39.85889941640886,56.14868685123651,18.0,42.45946598548282,26.979870348726717,29.89227279497709,29.953844385377693,30.330922729934514,34.888870792781574 
 06/21  15:25:00,35.9137938383829,35.03148990224305,39.3635341946112,56.31078025612492,18.0,42.125905573316984,26.985391221098176,29.8328037439955,29.895969135587222,30.18756291284808,34.889345662854055 
 06/21  15:30:00,35.783965402207855,34.906612069393354,38.859557775462875,56.459729701602626,18.0,41.790479621055894,26.990639814699275,29.772872334920862,29.83770599972172,30.04937721836211,34.88723115864383 
 06/21  15:35:00,35.62216431931648,34.752547817372346,38.31071775233793,56.46855243252199,18.0,41.384779696897745,26.99557939673174,29.69977844018763,29.76820996679828,29.90317341965192,34.832992172254706 
 06/21  15:40:00,35.44830261177825,34.58835011609567,37.745428182906544,56.42789492337227,18.0,40.96951939332077,26.998096060379773,29.625407533922385,29.697512940125648,29.764409166274845,34.77277324083843 
 06/21  15:45:00,35.266753818580305,34.41804028465781,37.170193781012166,56.3536155008923,18.0,40.556818228107765,26.999732239193037,29.55049426301332,29.626433902103713,29.63496875173587,34.70859763504768 
 06/21  15:50:00,35.07961666167441,34.2434860107288,36.58830459346619,56.252827465721175,18.0,40.131030945024996,27.00079443885685,29.47513948804783,29.555107174727766,29.51611073653055,34.640665244395905 
 06/21  15:55:00,34.888146435402305,34.06577810337199,36.00183683228335,56.12958037702866,18.0,39.70801767947345,27.001275701400154,29.399328094468615,29.483551616172917,29.409029902110547,34.568963958316715 
 06/21  16:00:00,34.69314734406401,33.97608891157637,35.51086060782158,55.986374174721476,18.0,39.281363600544104,27.001311791810952,29.32315128331595,29.419609925154987,29.320915382725275,34.49357585890107 
 06/21  16:05:00,34.50569273542097,34.01785976970742,35.16241183859719,55.88896829021423,18.0,38.89853768591338,27.001315941878115,29.254538134299253,29.378699683519926,29.25202069230511,34.43709895043514 
 06/21  16:10:00,34.318659544329584,34.10300333999917,34.86549625855923,55.79098605025471,18.0,38.52008039130973,27.009541656756735,29.184340781423657,29.355042569777424,29.182087327277827,34.377575181270345 
 06/21  16:15:00,34.1306759163387,34.21063645813737,34.597647576517836,55.684933075166576,18.0,38.141884560740344,27.010988601725938,29.11274360422317,29.333158586940726,29.110963201815025,34.31369163835723 
 06/21  16:20:00,33.94116103815196,34.330737251376405,34.3477737566058,55.567731663357314,18.0,37.77228652115712,27.012074570115278,29.040760290280787,29.317323348683658,29.03962304804452,34.24605426683712 
 06/21  16:25:00,33.74980443907933,34.45746991680547,34.10931564448775,55.43779716908357,18.0,37.40309806658517,27.01268899227616,28.968313794294602,29.30805457943535,28.967975383696853,34.17461381991211 
 06/21  16:30:00,33.55643188186218,34.58719505552487,33.87816529316137,55.29427888929753,18.0,37.03838302470886,27.012938706324345,28.89544631677188,29.304957581893404,28.89605313501295,34.09944938000086 
 06/21  16:35:00,33.36860442901061,34.70146841737672,33.659311183515314,54.93130108522063,18.0,36.619814665626535,27.012782656420413,28.825296078120516,29.30518819391125,28.826891450773644,33.93488097965826 
 06/21  16:40:00,33.0911678871757,34.69431491448801,33.35591407505862,54.19316907185125,18.0,36.20021001637704,27.011041666345495,28.715435975792104,29.25968959785763,28.71810682266789,33.64725128209784 
 06/21  16:45:00,32.873932487508746,34.74871782766336,33.11656498111713,53.63397861443819,18.0,35.785788158729254,27.000449660065158,28.64168480106764,29.260024203495732,28.645471014305258,33.47662267244044 
 06/21  16:50:00,32.66996416590472,34.80527297237823,32.89344347419589,53.08021737135635,18.0,35.36789208514187,26.995931380480663,28.570520975107172,29.26195756886625,28.575439102465452,33.304769533431454 
 06/21  16:55:00,32.472468901606234,34.85542054229821,32.67915662220163,52.51651698480632,18.0,34.95540366449813,26.99098968408512,28.49961053636372,29.26261054268349,28.505663611032787,33.12971218394415 
 06/21  17:00:00,32.279014611542266,34.895909485372684,32.203922799637766,51.93933957173202,18.0,34.547178431171794,26.985736784187118,28.42896377553268,29.261072260615038,28.55133867705888,32.95167574503421 
 06/21  17:05:00,32.093463358684026,34.94589489364508,31.941460409213217,51.425866607932505,18.0,34.169419301678246,26.98048105376627,28.34070047884586,29.245789535203016,28.480227191528797,32.779217875317215 
 06/21  17:10:00,31.911115893856934,34.99017696156844,31.725189839513657,50.91616001089541,18.0,33.7998806836406,26.929962613646243,28.25855828303702,29.230556093335792,28.403981783445715,32.60852367301413 
 06/21  17:15:00,31.730637180654718,35.025140755564216,31.530295566521342,50.39969204445808,18.0,33.432503774499445,26.916830229396414,28.182412141734574,29.216788606959085,28.331212532901986,32.4387559117705 
 06/21  17:20:00,31.551330324335577,35.048870632190706,31.34765074089718,49.87209700666854,18.0,33.07587948596072,26.903684476209925,28.10599304526704,29.198959855195426,28.25778775568483,32.265294927411844 
 06/21  17:25:00,31.372774018900742,35.06007944524458,31.172481153451272,49.33120186756487,18.0,32.721738082903016,26.891515183934448,28.029746429504485,29.17613027233085,28.184209809955348,32.08854688092879 
 06/21  17:30:00,31.19470100634364,35.05781195615633,31.002030811010382,48.77594629234262,18.0,32.37580939320218,26.878902865535615,27.953472076519176,29.147667131156254,28.110327370630785,31.908449393544856 
 06/21  17:35:00,31.013249693821802,35.032963539480754,30.83121876927165,48.184625765436415,18.0,32.026439139646456,26.866672193123172,27.875680107988444,29.099570279601494,28.03481923425045,31.716627629448567 
 06/21  17:40:00,30.830741282583126,34.990043680199044,30.661312470318993,47.571957384086375,18.0,31.683737635079293,26.853977206398863,27.7977899589107,29.052494619226422,27.958887015443054,31.521384338436462 
 06/21  17:45:00,30.647621978893888,34.92942552243295,30.49209044944561,46.94070368949359,18.0,31.344260632221445,26.84107279799671,27.719909267574337,28.999763502715155,27.882632972016324,31.322960916718785 
 06/21  17:50:00,30.464080517153562,34.85098127716763,30.32329205448451,46.29229849551481,18.0,31.01101210400813,26.827913939970255,27.64202692241099,28.940320646200462,27.806040522289095,31.121463696404476 
 06/21  17:55:00,30.280219271293376,34.75443967488872,30.154705732958263,45.62777730134329,18.0,30.68124927684259,26.814432490132283,27.564115408219834,28.87392780738037,27.729077293067917,30.916984627006173 
 06/21  18:00:00,30.097784011350708,34.64398440646928,29.9877356097076,44.958018876111275,18.0,30.35881838231291,26.800632520928318,27.486928565305277,28.80241110273937,27.65239719676572,30.71385300315876 
 06/21  18:05:00,29.897488561847105,34.49475018677517,29.80098254850537,44.2528038646339,18.0,30.022632539638348,26.786674566924795,27.3393012507496,28.652801260405568,27.503122891168346,30.440773987910802 
 06/21  18:10:00,29.648495259654297,34.06203392959985,29.568094374350746,42.910079850734284,18.0,29.691894255912562,26.649718817901693,27.192908618995887,28.405849898839392,27.363190576160093,29.918834584857564 
 06/21  18:15:00,29.424892495818273,33.778319912490005,29.359441842828776,41.99121042688386,18.0,29.365253575442985,26.603925178083056,27.08071352862828,28.278942800749633,27.24873051495058,29.669125213016457 
 06/21  18:20:00,29.20566138206776,33.5082965249729,29.15450916640361,41.14466210155079,18.0,29.04345426648845,26.569040116581014,26.970346915094524,28.14361969265218,27.135550540908525,29.421700182006816 
 06/21  18:25:00,28.98815476892083,33.23393973334666,28.95077942819183,40.32647067051177,18.0,28.726099831965467,26.536712385982938,26.86024466192788,28.002439718083224,27.022294535112792,29.17360532546934 
 06/21  18:30:00,28.77158162297564,32.94943611764291,28.747504833592863,39.52263884492518,18.0,28.416668910934156,26.50573710562636,26.750283585334103,27.856067307299895,26.90888883589804,28.925013166631174 
 06/21  18:35:00,28.55467141415957,32.68251405284653,28.543481454199213,38.794412301966524,18.0,28.116891013397957,26.476230871586047,26.641423554423852,27.719613089665415,26.79636904502547,28.705090911962714 
 06/21  18:40:00,28.337542030888702,32.41381528318336,28.338822941426564,38.093421112472456,18.0,27.82882387490448,26.448048805892576,26.53309174186444,27.58057870202117,26.68408039744986,28.48646937549222 
 06/21  18:45:00,28.120121605103698,32.14041369976165,28.133447132539768,37.411765493545715,18.0,27.542150850121708,26.42058462036116,26.425246236741145,27.439311696898812,26.57200198583331,28.270038230602495 
 06/21  18:50:00,27.902368152718363,31.86301874874028,27.927294154220505,36.749478426239236,18.0,27.26350548280532,26.394336083930316,26.318228499211386,27.2971195108679,26.460400464103827,28.057756531571215 
 06/21  18:55:00,27.684324758822353,31.555502617902402,27.72035986030437,36.055277190872296,18.0,26.987345248639212,26.369340956336043,26.212188620633697,27.14295200974908,26.3493906757422,27.827295743197624 
 06/21  19:00:00,27.465893526439526,31.128140952576512,27.512598613275976,35.167158098111926,18.0,26.71857424164318,26.34443437284581,26.108319630242363,26.933227404446257,26.238746480041755,27.512803669512664 
 06/21  19:05:00,27.225931262100048,30.773204875356836,27.28080699753825,34.223387313590436,18.0,26.420368329768287,26.316736746071392,25.96243157550697,26.60113556034503,26.077650419603913,27.15632909159325 
 06/21  19:10:00,26.977680849396805,30.252778719939,27.039584784696906,33.241191249589924,18.0,26.121930038540924,26.280746875870395,25.805587471478475,26.341003080219593,25.909184353425644,26.797916181189862 
 06/21  19:15:00,26.709668178387748,29.547283490322144,26.77808658175988,32.05782980505386,18.0,25.824178028330067,26.250281073538204,25.632663654644603,26.00816787928943,25.72887202883726,26.358905764867927 
 06/21  19:20:00,26.449655019691072,28.88414752937931,26.523127015142837,31.007135807868746,18.0,25.52176151604823,26.215329751573265,25.457536010188676,25.74692021398846,25.548801128171476,26.015419949246507 
 06/21  19:25:00,26.02542733645165,27.542141837715043,26.107657260793417,29.066671630438346,18.0,25.034823398037698,26.184029848434164,25.15560632953509,25.145445243285053,25.248575955660613,25.246217439736142 
 06/21  19:30:00,25.755638683228558,26.882529774404173,25.84149168716134,28.147798996232492,18.0,24.751703339298192,26.130904536013027,25.01643915645559,25.01516199490385,25.105825795726787,25.10521496061915 
 06/21  19:35:00,25.52736493410279,26.407191047204925,25.613485355628885,27.503815784064702,18.0,24.463776261547377,26.10457627095781,24.885294189267142,24.884816978971912,24.964166309790016,24.963302239220184 
 06/21  19:40:00,25.320690076361522,26.029042018301734,25.404542471588854,27.00377257435301,18.0,24.206250831488003,26.07952232082241,24.754014091597924,24.753638166643952,24.82147772693179,24.820512136331445 
 06/21  19:45:00,25.12735363060492,25.712102209927085,25.206950380717178,26.593320179884866,18.0,23.94451608402628,26.056160670928602,24.62287477532277,24.62249751804609,24.678775504762143,24.677736101512778 
 06/21  19:50:00,24.94263033094664,25.43564414901909,25.01638903771386,26.24182877028412,18.0,23.694484664604044,26.03390937937895,24.491695972622097,24.49130740018444,24.536027174773267,24.534924112301212 
 06/21  19:55:00,24.763555414291336,25.186782600513585,24.830197013105213,25.930560656198708,18.0,23.440304084956015,26.01270376456268,24.360500270367254,24.36010485538884,24.393300823671836,24.392139662933687 
 06/21  20:00:00,24.588176322640805,24.957158411015175,24.646650567560613,25.647379758162746,18.0,23.18847724845838,25.992232145097045,24.22915229199009,24.228755493113567,24.250499639439454,24.249285224581513 
 06/21  20:05:00,24.42597766016206,24.749737986200874,24.480035164926967,25.390376103377402,18.0,22.986109493279773,25.972477707538648,24.094426909455365,24.094038082412965,24.115159923916735,24.113917096683167 
 06/21  20:10:00,24.27003189704142,24.55650090387897,24.320881532014514,25.152661408020236,18.0,22.795968090765154,25.891101009931436,23.97077927765406,23.970369563511383,23.991227899781563,23.990004644678834 
 06/21  20:15:00,24.11832226303112,24.37376296905847,24.166652682864633,24.929979327848805,18.0,22.605770675532636,25.850545232318968,23.856505754353634,23.856126059790142,23.87670834535197,23.87546461583611 
 06/21  20:20:00,23.969708099561643,24.19906241021062,24.015974406109983,24.719243431233338,18.0,22.433671214424336,25.810169100506688,23.742142232615663,23.74178346704963,23.762104805990134,23.76085718411673 
 06/21  20:25:00,23.823428899711143,24.03063103799911,23.86795007865534,24.51814254119652,18.0,22.26153117471433,25.771757731847966,23.628396745899522,23.628063787722738,23.648114592332377,23.646864955135243 
 06/21  20:30:00,23.678951972225583,23.867165123076486,23.721961309111066,24.324917082460022,18.0,22.100736864736074,25.73471347294506,23.515075580525718,23.51477153760038,23.534543617753002,23.533294567373673 
 06/21  20:35:00,23.535893059215887,23.70768551205712,23.57756750702145,24.13820851767785,18.0,21.939908463278094,25.69880339335078,23.402107578977052,23.40183541308147,23.421321420131676,23.42007475408502 
 06/21  20:40:00,23.39396853399273,23.551445340619093,23.43444670353737,23.95695441304252,18.0,21.786559150033636,25.663727453623014,23.289367376767416,23.289129271457398,23.308323590191947,23.307080974734333 
 06/21  20:45:00,23.252965057525582,23.39786721081797,23.292358629547213,23.780314052303375,18.0,21.63317918631546,25.62939505405042,23.17683747911701,23.17663558836034,23.195533113064414,23.194295424761947 
 06/21  20:50:00,23.112719623038252,23.246499431719464,23.151120801409306,23.607614907013414,18.0,21.484871138843438,25.59560776829297,23.064431918864955,23.064267721285205,23.082864681757712,23.081632710895292 
 06/21  20:55:00,22.973106025934705,23.096984918144102,23.0105925344275,23.438313549074138,18.0,21.33653439336853,25.562334623800016,22.952151874253673,22.952026864521315,22.97031978004884,22.969093639341907 
 06/21  21:00:00,22.83402543558734,22.949038681778923,22.870663950776116,23.271966710398505,18.0,21.19171919970794,25.52943122849275,22.839938695866465,22.839853822917235,22.8578402356178,22.85661997554098 
 06/21  21:05:00,22.698097979919243,22.805125689192643,22.733979144791736,23.11092696360608,18.0,21.04933574436628,25.496906750512625,22.730970559200614,22.73092678386979,22.74864786390674,22.747433040068017 
 06/21  21:10:00,22.56360839114805,22.663410287333836,22.598790117944702,22.95322459419833,18.0,20.909971104911403,25.461011187872536,22.6467464391892,22.646744298054614,22.663973610205858,22.662751046174265 
 06/21  21:15:00,22.430110325879088,22.523344638443298,22.46463994748908,22.79820709540826,18.0,20.770580938995774,25.545309355073584,22.560619732647524,22.56072401032185,22.577470189872656,22.57617022900837 
 06/21  21:20:00,22.297363133552658,22.38460362544458,22.331281470111367,22.645459835069122,18.0,20.633833756826412,25.517883640823097,22.446293474659285,22.446388638691133,22.463004467629503,22.46173200567364 
 06/21  21:25:00,22.165208650553677,22.24695846575171,22.198551796258673,22.494676024649966,18.0,20.497062067252724,25.467086769004542,22.331921784720066,22.332039391515195,22.348438675026102,22.34720071750894 
 06/21  21:30:00,22.03353746049938,22.110240377500727,22.0663378416836,22.34561827338209,18.0,20.362143822967123,25.420515536525112,22.219603463037174,22.219757578079566,22.235895320237773,22.23468072969638 
 06/21  21:35:00,21.902272205425174,21.974321819175838,21.93455926605003,22.19809825084698,18.0,20.227201532410586,25.37663293887988,22.108374655517423,22.10856825475787,22.124460706450236,22.12325588221063 
 06/21  21:40:00,21.771356888375898,21.839104124977695,21.803157561386193,22.05196305565739,18.0,20.093603638964197,25.33562050800326,21.998252246710308,21.998489534843713,22.01413623030311,22.01293184738438 
 06/21  21:45:00,21.640749276003096,21.70450856319497,21.67208832790412,21.907085243842207,18.0,19.95998203404036,25.296557459166333,21.888684575449247,21.8889660059574,21.904366133665803,21.90315563842563 
 06/21  21:50:00,21.510415618483652,21.570469976396552,21.54131591717897,21.76335564345691,18.0,19.827360239216972,25.25915955465645,21.779264658019542,21.779593055821692,21.79478832504026,21.79355645970145 
 06/21  21:55:00,21.38032730415315,21.43693257114523,21.410810037835073,21.620678490557136,18.0,19.69471498453755,25.22297475065135,21.670657765037504,21.671019556808687,21.685817602336897,21.684625630066762 
 06/21  22:00:00,21.250458996017006,21.30384736020665,21.280543857789553,21.47896835174351,18.0,19.562830218998204,25.187781443875267,21.562565733811425,21.562974916838698,21.57754873074191,21.57632641352768 
 06/21  22:05:00,21.115583196145366,21.166080028355097,21.14365894409073,21.331943773143625,18.0,19.411676149354587,25.1533882242777,21.4229613942706,21.423406201358944,21.43553578390754,21.434339242172996 
 06/21  22:10:00,20.978855897743315,21.026687119234943,21.004332763054112,21.18328437957878,18.0,19.256840885976032,25.064918196084857,21.29332371899045,21.293784120190026,21.30333967786089,21.302164703841356 
 06/21  22:15:00,20.84101234036398,20.886368047726588,20.863537208424752,21.0338094159194,18.0,19.101782282329456,25.013384629375246,21.203938571451715,21.20444037700281,21.211188031756706,21.210030494829084 
 06/21  22:20:00,20.702412269408093,20.745458712808592,20.72174754084066,20.883901615964778,18.0,18.940176227379297,25.075904286590447,21.13402629053212,21.134623930596376,21.138760974250772,21.13753546834414 
 06/21  22:25:00,20.563273996905576,20.604159175337003,20.579252699622483,20.733783098198685,18.0,18.77825691293339,25.124869814834224,21.055435962079514,21.056073523329474,21.0579005881458,21.05665695671155 
 06/21  22:30:00,20.42373782047081,20.462595085758135,20.43623929585503,20.583589149279117,18.0,18.611884169829818,25.162212457453027,20.97100568109471,20.971672841423356,20.971438699640828,20.970184369571257 
 06/21  22:35:00,20.283897417296778,20.320848027276977,20.292832704669802,20.43340416728857,18.0,18.44513332385078,25.191879734810197,20.883146383511757,20.883843238543705,20.881768468860287,20.880501453488478 
 06/21  22:40:00,20.143818788450126,20.178973812215517,20.149121452349377,20.283283009321313,18.0,18.274998054464028,25.214385348582706,20.792203163153317,20.79292662503383,20.789213128772417,20.7879351132392 
 06/21  22:45:00,20.003551923440003,20.037013714078217,20.005172153115197,20.133263997429932,18.0,18.1044305615186,25.232203833747622,20.699287679156214,20.700038849842258,20.694878035085026,20.693586712326237 
 06/21  22:50:00,19.863137464216823,19.895000823044334,19.861038229857044,19.983376335461283,18.0,17.93105483344203,25.245739662819975,20.604707790779116,20.60548662265171,20.599061522519776,20.59775575531512 
 06/21  22:55:00,19.722609999165826,19.75296310874294,19.716764544638483,19.833643813151927,18.0,17.75719817025093,25.255692217449123,20.508854945571272,20.509661881732768,20.502150729090943,20.5008285801361 
 06/21  23:00:00,19.581999333523186,19.610924512813387,19.572389559681316,19.684086286304233,18.0,17.580828148427766,25.262337987400517,20.41197692685614,20.412812621897615,20.404390363470384,20.40304919779794 
 06/21  23:05:00,19.44127138397048,19.468811361066567,19.428627418165128,19.5352189113156,18.0,17.411059997263006,25.26676589527413,20.30833686144541,20.30920247448745,20.300557295520946,20.29920171626418 
 06/21  23:10:00,19.300504599522856,19.32672063015651,19.285111492308275,19.386784720604126,18.0,17.240858361025342,25.259206345342587,20.20545170034245,20.206343126091156,20.197594593548274,20.196229971667094 
 06/21  23:15:00,19.15973348016959,19.184688381997592,19.14177020569818,19.23873001729452,18.0,17.070420889608716,25.257282507529446,20.102587898259173,20.103513332213083,20.094745262011998,20.093363787214457 
 06/21  23:20:00,19.018980800943915,19.042736401478482,18.998573159248195,19.09102782045287,18.0,16.90091074456125,25.25254222151429,19.999000343222065,19.999957507504064,19.99123920954554,19.989843038631477 
 06/21  23:25:00,18.87826185683906,18.90087810291875,18.85550255695967,18.943658370273916,18.0,16.731168107768145,25.246684538081844,19.895141983718077,19.896131795506335,19.887537267618654,19.886125611964474 
 06/21  23:30:00,18.737586082149527,18.75912059292799,18.712545972372194,18.79660440411853,18.0,16.561706176209487,25.23968838135752,19.79104962141082,19.79207267913023,19.783676265139945,19.782247616036216 
 06/21  23:35:00,18.596958223838293,18.617466059149407,18.56969327442954,18.649849287096448,18.0,16.392010879411966,25.231541925999704,19.686705432215376,19.68776188195386,19.679637502975538,19.678191007212604 
 06/21  23:40:00,18.45637934325885,18.475912903304632,18.426935192833636,18.5033762715927,18.0,16.222227791886283,25.222428597073165,19.582210030081683,19.583300510573167,19.575523843798806,19.574058075503046 
 06/21  23:45:00,18.31584768427251,18.334456696731618,18.284262694818075,18.35716831339582,18.0,16.052207962631265,25.212331820366437,19.4775477132888,19.478672411505045,19.47131915355027,19.469833122670934 
 06/21  23:50:00,18.175359407891147,18.19309097436569,18.141666770954554,18.211208156460646,18.0,15.88185982144572,25.201392680091317,19.372801798396267,19.37396130693736,19.36710917337757,19.365601468813452 
 06/21  23:55:00,18.034909195412762,18.05180787710339,17.999138417070046,18.065478527085837,18.0,15.711269929183205,25.18958960161387,19.267959831689836,19.269154365656448,19.262881626757576,19.26135122513392 
 06/21  24:00:00,17.894490730080648,17.91059865775639,17.856668699828703,17.919962351207797,18.0,15.540182068095936,25.17703661043102,19.163093375546623,19.164323488528453,19.158710912663025,19.15715645260906 
 06/22  00:05:00,17.76470648120677,17.780002709168436,17.726976995143932,17.787060282438716,18.0,15.413734835086446,25.163713913802,19.067426458306613,19.06868210639209,19.064364613607722,19.06280235260965 
 06/22  00:10:00,17.639201501435416,17.653705584906444,17.602523900686915,17.659441059920084,18.0,15.297300135354263,25.147830645379862,18.971408456266147,18.97268542810167,18.969529775526325,18.96796357012147 
 06/22  00:15:00,17.516377552978845,17.53011785317441,17.481398083895776,17.535241654778083,18.0,15.180586482381116,25.13229481613827,18.875167399414977,18.876494036074632,18.87433878708032,18.87277284913398 
 06/22  00:20:00,17.395390987581088,17.40839945935503,17.362578673521735,17.41346304483988,18.0,15.080404045586684,25.11618335107316,18.778838335213607,18.780169706286756,18.778898831942456,18.777310354014844 
 06/22  00:25:00,17.275693457808565,17.288003567154167,17.24539434073043,17.293444989572045,18.0,14.979741125619498,25.099487929289463,18.681833539625586,18.683181534846995,18.68263290907521,18.68104283648296 
 06/22  00:30:00,17.156906896463134,17.168552453585434,17.129376744815524,17.174724065847666,18.0,14.889299999537153,25.082291092444223,18.584260095712352,18.585626218761377,18.585632630288046,18.584039821848705 
 06/22  00:35:00,17.038762367429452,17.049776822051502,17.014188726974865,17.056964195945643,18.0,14.798265719730301,25.06458199645833,18.48613531575097,18.48751992730473,18.487921639898218,18.486325028966007 
 06/22  00:40:00,16.921064171560253,16.931480180830693,16.89958196025252,16.939915689096665,18.0,14.713471398546755,25.04643330081885,18.387513873394596,18.388917251637054,18.389560805263784,18.387959345600052 
 06/22  00:45:00,16.80366731198386,16.813516478096915,16.78537020266289,16.8233893728131,18.0,14.628022360980472,25.02783311341165,18.28839973169272,18.28982186509802,18.290558533625074,18.28895153437719 
 06/22  00:50:00,16.68646276267936,16.695775479319412,16.67141169474892,16.7072395629738,18.0,14.546146263186628,25.00884140991736,18.188834384584766,18.190275362453804,18.190960834735733,18.189347568982384 
 06/22  00:55:00,16.56936754174038,16.57817291164928,16.557597212604556,16.591352498588098,18.0,14.463588251257267,24.98944645411558,18.088818892708787,18.09027861694642,18.090772311677483,18.089152297657506 
 06/22  01:00:00,16.452317855842516,16.46064365544143,16.443841754584906,16.47563828725035,18.0,14.382801144094083,24.969698409642582,17.988387411067265,17.989865894549894,17.990030815041905,17.988403507752878 
 06/22  01:05:00,16.378551011683022,16.386446420019713,16.371147815863775,16.40122780963507,18.0,14.32072842300833,24.94958639834086,17.977226288945758,17.978738286566113,17.979063897679794,17.977409282823487 
 06/22  01:10:00,16.321972001133325,16.32946951143612,16.31472553356422,16.343233702680344,18.0,14.263828708685175,24.930298719623554,17.96949504684062,17.971014586666797,17.971520933400257,17.96986419483136 
 06/22  01:15:00,16.276222292432898,16.283348818882285,16.268539593819845,16.295590654447707,18.0,14.206560100361715,24.91117720579695,17.963119095898264,17.96464833236473,17.965334962237023,17.963673243748758 
 06/22  01:20:00,16.238050111863906,16.244829119162386,16.229507044376888,16.255198049026813,18.0,14.156610560924928,24.892218580224895,17.9573547033375,17.958894560049885,17.9597547152689,17.958086675004665 
 06/22  01:25:00,16.205393731216535,16.211846147785344,16.19567508823037,16.22009060923306,18.0,14.106336885531263,24.873425640655075,17.951896629120426,17.953447430971437,17.954472019776745,17.952797019827926 
 06/22  01:30:00,16.176861586437738,16.18300635885422,16.16572675523689,16.1889419738369,18.0,14.060587994927225,24.854779727641404,17.94660441117867,17.948166205254665,17.949345242905736,17.94766296698731 
 06/22  01:35:00,16.15148173927571,16.157336204924416,16.138742840415873,16.160825583053292,18.0,14.014539024811647,24.836698653296562,17.941533025406102,17.943106219920026,17.94443109373566,17.942740873975936 
 06/22  01:40:00,16.128557489007434,16.126876522872884,16.114064833591705,16.135076979695977,18.0,13.971357597964046,24.817990636977616,17.936327026607557,17.939169243052447,17.939367428312835,17.937670102987568 
 06/22  01:45:00,16.10757846601075,16.101769967627597,16.09947107937288,16.111209088648526,18.0,13.927890243049381,24.800153415905616,17.93138982892947,17.934470725663004,17.933206923428884,17.932862339495614 
 06/22  01:50:00,16.088163648712918,16.078910210919407,16.08235728114114,16.088857957091097,18.0,13.886218175079424,24.78208574680787,17.926390167734212,17.92963859982433,17.928100627508,17.92797847135205 
 06/22  01:55:00,16.070023718130525,16.05762755225073,16.065622697008116,16.067746931989454,18.0,13.84426787787311,24.76412804852793,17.921436444267215,17.92481739435982,17.92310840553813,17.923131108221526 
 06/22  02:00:00,16.052935567904306,16.037570481778705,16.049505928195533,16.047662418306263,18.0,13.803389915287557,24.746254638545537,17.916505007642172,17.919997609679967,17.918167343330992,17.918295404366518 
 06/22  02:05:00,16.02306408382266,16.00677886918688,16.02034184409795,16.016688135417652,18.0,13.769333984658738,24.728473754620044,17.87887101187033,17.882384135977418,17.88052239054616,17.880681696384386 
 06/22  02:10:00,15.988428529196446,15.972054316334802,15.986233753457427,15.98169096002323,18.0,13.737622877208885,24.70991305528753,17.838180974829015,17.841635369837263,17.839839281409468,17.83992739635272 
 06/22  02:15:00,15.950922823079301,15.93498263933145,15.949129939389264,15.944291634728701,18.0,13.705786338971095,24.691596385264592,17.797059268068836,17.800437431049147,17.798725052452482,17.798725244817888 
 06/22  02:20:00,15.91149383250239,15.896351107169929,15.910013004391748,15.905299953137868,18.0,13.677035423816884,24.673193567218096,17.755766804319137,17.759049441806894,17.757439828096153,17.757333479528484 
 06/22  02:25:00,15.87073117184286,15.85664816304837,15.869496743388696,15.865219500168374,18.0,13.648141910883432,24.654711079475284,17.714374136087372,17.717542349452287,17.71605424652722,17.715822691771905 
 06/22  02:30:00,15.829024833400268,15.816195655301753,15.827987929108634,15.824382465379117,18.0,13.621207146675491,24.636139355804406,17.672891296246178,17.675926383452406,17.67457826617948,17.674203148715492 
 06/22  02:35:00,15.786640670807166,15.77521190748942,15.78576431072512,15.78301428638619,18.0,13.594119009723713,24.617500081425156,17.63133583777818,17.634219546262443,17.633029503484977,17.632492787969227 
 06/22  02:40:00,15.743763780359856,15.733847937373804,15.743019573164522,15.7412708784794,18.0,13.568274301082953,24.59878444082475,17.589706160969968,17.59242041545258,17.59140629026581,17.59069026107329 
 06/22  02:45:00,15.700525146483134,15.692209705766281,15.699891002768917,15.699261552499745,18.0,13.542270160465874,24.580012428627732,17.548015534884712,17.55054263292334,17.54972196051301,17.54880915081668 
 06/22  02:50:00,15.657018665037576,15.650372336344235,15.656477186811248,15.657063687740253,18.0,13.517024690574711,24.5611757478752,17.506261070086566,17.50858346406369,17.507973567537988,17.50684678669029 
 06/22  02:55:00,15.613312340161116,15.608389472229641,15.612849668077633,15.614732401129007,18.0,13.49161690817021,24.54229327693371,17.4644543128029,17.466554768768276,17.46617272481808,17.464814967800976 
 06/22  03:00:00,15.569455821539517,15.566299576074762,15.5690607976997,15.572307066409603,18.0,13.466632281383738,24.52335599681624,17.42259122961684,17.424452652508762,17.424315346648086,17.42270985877275 
 06/22  03:05:00,15.509742461503661,15.505840407510819,15.509404762241196,15.511555919734155,18.0,13.40239811704535,24.50438203596624,17.36474305056447,17.36717428878319,17.36648330477101,17.365412717674246 
 06/22  03:10:00,15.443790080724774,15.438225770824747,15.443502138118525,15.443671803815384,18.0,13.330033254729248,24.485163413448678,17.30620287690931,17.309377770300102,17.307964022117403,17.307592538172912 
 06/22  03:15:00,15.373942432143377,15.366178247496116,15.373698218757472,15.371372025154757,18.0,13.257857976744024,24.465805715261855,17.24777186358631,17.25183307764928,17.249553550404528,17.25002440994126 
 06/22  03:20:00,15.301395562000062,15.291082163528118,15.301190175375705,15.296038103978896,18.0,13.171905895354094,24.446303649449586,17.18957274101888,17.194658417387075,17.191374920792725,17.19282630989244 
 06/22  03:25:00,15.226905222080482,15.21381013959134,15.226734622831476,15.218540802252033,18.0,13.085969448796353,24.426674642896856,17.131645289479934,17.137892532640706,17.133468009347553,17.136036905082165 
 06/22  03:30:00,15.150979540872871,15.13494808588214,15.150840365256832,15.139464697870526,18.0,12.991074781950573,24.406919799615377,17.074003875596645,17.08154887637022,17.075847159746615,17.079669685077192 
 06/22  03:35:00,15.07397189722532,15.054903413661266,15.073861318240418,15.059216194387098,18.0,12.896084089494755,24.387055629103408,17.016668451962346,17.025646374034068,17.018532369295087,17.02374354270023 
 06/22  03:40:00,14.99613436424709,14.973967143112068,14.99604998660613,14.978085514714698,18.0,12.79479229021558,24.36708281806706,16.95964932642744,16.97019369015925,16.961533920999045,16.9682671804145 
 06/22  03:45:00,14.91765055667429,14.892351978830755,14.917590336145183,14.896284707973024,18.0,12.693321490379166,24.34701638545024,16.902964743273515,16.915207079369623,16.904870103494545,16.913256820833737 
 06/22  03:50:00,14.838656644430499,14.810216612586775,14.8386188250637,14.81397190937759,18.0,12.587140495219362,24.326855474666687,16.846623965174558,16.8606929753754,16.84855015500517,16.858718936001992 
 06/22  03:55:00,14.759255209084126,14.727681719563115,14.759238273788647,14.731267308901822,18.0,12.480715286998272,24.30661379473799,16.79064475860764,16.806665804595923,16.792591888067022,16.804667919426265 
 06/22  04:00:00,14.679524608919596,14.644840757509535,14.679527240143273,14.648263932236008,18.0,12.37055065733225,24.286288940962034,16.735035909503154,16.753129919452704,16.73700406325196,16.751108164153493 
 06/22  04:05:00,14.618750704437351,14.58261333966835,14.618771660126809,14.585863051282875,18.0,12.306328063636776,24.265893283683084,16.699671188395087,16.71747176845895,16.70164673626209,16.71544494096429 
 06/22  04:10:00,14.565658938928788,14.528851989878444,14.565697026747783,14.531929332545522,18.0,12.250442219564835,24.245656451749078,16.665278607889377,16.68262801692606,16.667255436417463,16.680601742107 
 06/22  04:15:00,14.517464832128287,14.480537183660193,14.517518946863698,14.483446112298926,18.0,12.194638287798265,24.22549109943607,16.63106474840481,16.64792255883242,16.633043457125723,16.645896347888083 
 06/22  04:20:00,14.472720113822444,14.436085639497996,14.472789237955364,14.438831452809165,18.0,12.154985837210484,24.205386036470692,16.596895263668898,16.61324038194209,16.598875892932597,16.611214193083924 
 06/22  04:25:00,16.557718032975647,15.815513852213922,14.662240348452482,14.63100736426957,18.0,12.399851811449613,24.18534921506499,17.661341059949507,17.349185191888807,16.80462614122655,16.850688195553403 
 06/22  04:30:00,17.590029311592566,16.46100003765673,14.7440089033963,14.715354571161942,18.0,12.477016302095066,24.203979825340646,17.72417977298545,17.369049362778185,16.794778820634804,16.83833385828507 
 06/22  04:35:00,18.996417294989886,17.308847776085216,14.84424574790599,14.818532199355044,18.0,12.617567063250393,24.19568612243889,18.104858163033214,17.59099584280466,16.819139727129027,16.865605478742737 
 06/22  04:40:00,20.535782872955007,18.19892318005362,14.953106563477927,14.930553955379647,18.0,12.785867720642909,24.196361349277876,18.489953000253422,17.804198620191244,16.83876761247302,16.880363523871893 
 06/22  04:45:00,22.6736494119755,19.392250765839712,15.094493275766332,15.07542822864389,18.0,12.964514261357463,24.199166182889787,19.147342208626583,18.16106521900025,16.863633685333184,16.891219500030616 
 06/22  04:50:00,24.656480835408257,20.446514246689038,15.230606069378966,15.215033624559602,18.0,13.18845512399682,24.214098883196524,19.600809617318305,18.382311155812772,16.87303097514075,16.89268098440249 
 06/22  04:55:00,26.45524851534146,21.353913794509648,15.370139431087043,15.358009331597966,18.0,13.422349538025964,24.225468958388397,19.966704616369213,18.541403207800954,16.88207808905065,16.89829318795779 
 06/22  05:00:00,28.03283460941716,22.1024430722412,15.513513802559304,15.505113301940476,18.0,13.69902900857162,24.23678385355881,20.242399618528168,18.64898250433231,16.907845450854893,16.90450058874694 
 06/22  05:05:00,29.64928094393838,22.8816828592955,15.759298772817578,15.752752171662118,18.0,14.088413657730605,24.24755388838242,20.737596484245728,18.956050965208306,17.098525877589964,17.10264504992574 
 06/22  05:10:00,31.26295899187335,23.642757888083484,16.04930142221889,16.044589321248992,18.0,14.544471129459305,24.27212907203208,21.223058675095558,19.263500004413004,17.3128137647941,17.313621517516367 
 06/22  05:15:00,32.872547807379696,24.379420033994666,16.369296387113764,16.366489542657664,18.0,15.01201758085008,24.291923378374804,21.725995519180287,19.565056122502483,17.529996507694477,17.52794296746663 
 06/22  05:20:00,34.47751159691133,25.089047180242204,16.711806540855264,16.711069473122652,18.0,15.561330218232346,24.314881492475365,22.212076058386288,19.859386394548892,17.748798535179787,17.74416096605853 
 06/22  05:25:00,36.07656475991888,25.76981754507863,17.07184990409267,17.07340044098558,18.0,16.12147441900701,24.338924850540668,22.7139739681528,20.145258602415993,17.96848797542509,17.961518079107236 
 06/22  05:30:00,37.668000810851574,26.420362833398134,17.44589663032579,17.449889993916855,18.0,16.74935290488611,24.364222850468078,23.197862039718927,20.422901455752708,18.189055559307235,18.180053991868476 
 06/22  05:35:00,39.01669415386132,26.950110529328427,17.834088587556625,17.84070297771978,18.0,17.357610548963724,24.390932217414655,23.574128513344817,20.636012092535793,18.408972893864927,18.39903449277267 
 06/22  05:40:00,40.2756841845402,27.42091252723251,18.231931015888865,18.241313065415284,18.0,18.011502141097996,24.416409257823688,23.95076422809109,20.84003984537162,18.628703383453512,18.618125257700456 
 06/22  05:45:00,41.475791387535146,27.847312652311388,18.637197040958224,18.649457759629396,18.0,18.68936651687224,24.442378284659238,24.325336549299436,21.036333961476487,18.849108722051938,18.838184093180416 
 06/22  05:50:00,42.63208029052974,28.236859110861563,19.048322338254945,19.063536770747195,18.0,19.402094430400798,24.468751651503183,24.697601750281024,21.224096032585408,19.070013091741828,19.05901922046951 
 06/22  05:55:00,43.74326687873626,28.589744391878924,19.46230195238931,19.480499831313452,18.0,20.12096618148159,24.495634765599167,25.06238073009763,21.401014357187364,19.29045633134308,19.279643396994743 
 06/22  06:00:00,44.8330192174484,28.917197814990068,19.881246707509966,19.902444440079563,18.0,20.87723083884922,24.522732088330418,25.430292021445325,21.572206469582568,19.512262914527355,19.501892073779914 
 06/22  06:05:00,45.778366557753195,29.13727418262474,20.279727931358412,20.30000086500861,18.0,21.582188688618125,24.550551804563757,25.71209270232987,21.668993093129757,19.697437927016324,19.682994765856392 
 06/22  06:10:00,46.65917801024981,29.302671331602493,20.66949957486708,20.68630271786993,18.0,22.295080235292996,24.581423501184204,25.934089052683362,21.719850378689785,19.836777035768932,19.81793949794917 
 06/22  06:15:00,47.49185096113513,29.426537305633644,21.052968625135357,21.064013421452444,18.0,23.001260962898435,24.525269970072703,26.154852856196953,21.756531914760103,19.976706442057548,19.953968833073986 
 06/22  06:20:00,48.2848533197493,29.51629313520224,21.43125825774283,21.434394774778898,18.0,23.696331743804855,24.46649016907925,26.384218268655616,21.79798437737037,20.129664349287168,20.103393943950607 
 06/22  06:25:00,49.043421567432425,29.57705551352672,21.80505845380864,21.79824931261278,18.0,24.385285484730552,24.414374467451164,26.618240282822967,21.842410399859375,20.29350303437559,20.26394169196095 
 06/22  06:30:00,49.770943964603056,29.612595892670633,22.17482877799345,22.156138770115486,18.0,25.061475940668515,24.371625260056945,26.855215966628066,21.889493718998324,20.460470095096184,20.428659687047116 
 06/22  06:35:00,50.471419960333115,29.64138715774477,22.56060789791174,22.528019701252926,18.0,25.74788633029093,24.336103076214837,27.094261476909423,21.945974045949924,20.6389949513636,20.604783285204235 
 06/22  06:40:00,51.14375587287477,29.655335643782742,22.94967370623476,22.9012227433207,18.0,26.4225952205188,24.308841501693614,27.33246501820537,22.004270336568197,20.819921838582445,20.783351326344246 
 06/22  06:45:00,51.788529220840545,29.654055352796348,23.338973553412675,23.27275286982732,18.0,27.09076926132271,24.287145547483274,27.568604218468806,22.06420323284169,21.002583469901197,20.963678789493997 
 06/22  06:50:00,52.40632408068406,29.63805620773551,23.726972168557595,23.64114563686901,18.0,27.748198542796224,24.27030570936891,27.802025486917614,22.12622287580757,21.18666493751715,21.145430674041904 
 06/22  06:55:00,52.99763868450884,29.608092863677154,24.112729782317952,24.005542352165644,18.0,28.399474483300885,24.2576869177001,28.032286046043396,22.191049414391784,21.37197262416265,21.328388240136178 
 06/22  07:00:00,53.01413136747458,29.56501161470356,24.49564630965204,24.365430855263362,18.0,29.03748539025902,24.248410690558774,28.022398892756883,22.25934554751808,21.558142297672248,21.512173084957794 
 06/22  07:05:00,53.64621502212476,29.594912646505417,24.886016717933842,24.74864339145909,18.0,29.83722626229298,24.24166726457377,28.34745417839713,22.354174185694205,21.748574533382566,21.706091305553628 
 06/22  07:10:00,54.40351548427668,29.63906859685534,25.280264130473736,25.14220391102716,18.0,30.678355666766375,24.310900270418436,28.67149458347876,22.44157943086725,21.928425569198566,21.890368493467292 
 06/22  07:15:00,55.21869013933224,29.68461756716491,25.67791677475509,25.54378478589446,18.0,31.53632709559236,24.338032520649662,28.975696419077963,22.52181655522901,22.09866158100425,22.06565344313583 
 06/22  07:20:00,56.062914452039315,29.725278049168526,26.0788453134006,25.95242682244934,18.0,32.470764168421056,24.36458786181581,29.28532094855035,22.6055775313921,22.26897213960757,22.241207821590706 
 06/22  07:25:00,56.91957451919848,29.75720505273998,26.483011740390804,26.367601197266932,18.0,33.42257785059241,24.389778867629136,29.59223954983497,22.694432857905213,22.4391565145188,22.416824739322806 
 06/22  07:30:00,57.77820070011466,29.777860094181126,26.890421434343143,26.788988039167435,18.0,34.443975840890154,24.41407731362178,29.895460552699433,22.790431456610236,22.609374469144655,22.59262720274694 
 06/22  07:35:00,57.91294141179694,29.710451797837816,27.254122097224872,27.169584331779664,18.0,35.16530539911058,24.438041121908896,29.85651730560005,22.868500128552682,22.755761584681863,22.74495040078807 
 06/22  07:40:00,57.83402497941067,29.61893064998456,27.60093404072932,27.535717795413557,18.0,35.868794575232556,24.45375447926391,29.81378627936988,22.957514539306715,22.897989863308112,22.892958062792218 
 06/22  07:45:00,57.62778841719358,29.51901211957572,27.93657597376628,27.892746955391498,18.0,36.569232280473464,24.46794558549989,29.765118091352065,23.05990853996218,23.038821352388197,23.039383944687415 
 06/22  07:50:00,57.335279613755375,29.467782522771568,28.312781042528812,28.243079278674042,18.0,37.189208085124136,24.480547694373676,29.71091703356342,23.182300061304375,23.186096560423152,23.184128503989882 
 06/22  07:55:00,56.98037893418342,29.585919412046433,28.846281236079708,28.588057156829407,18.0,37.80527631008069,24.492242108801214,29.651652465596385,23.32553475582631,23.360140337803273,23.327360354390407 
 06/22  08:00:00,56.5778612964678,29.766262301679813,29.42616685397257,28.92843806694069,18.0,38.36361227635265,24.503929954316142,29.587727910325896,23.46744513827423,23.544790373509613,23.469229923772332 
 06/22  08:05:00,55.802892844422416,29.906207018051347,29.95926918982395,29.191709775474447,18.0,38.71696795674017,24.51512071521408,29.419697252940978,23.650805081706437,23.781500469880484,23.652422749711945 
 06/22  08:10:00,55.04759862438405,30.04031795908621,30.46674819389183,29.42180615685612,18.0,38.9795686462661,24.77337583895907,29.29414825388926,23.796255444213614,23.98598462310713,23.797547212656013 
 06/22  08:15:00,53.554582900711424,30.170515017908965,30.886421771210813,29.62825032374276,18.0,39.23276420831689,24.888507957874342,28.783549648216876,23.898918608882582,24.12020853874094,23.90006991100364 
 06/22  08:20:00,52.53489684950668,30.30328120267762,31.309327675630918,29.82274228905554,18.0,39.36803249405529,24.9827843961986,28.627805490319815,23.996264110131847,24.27458294929437,23.997267316210014 
 06/22  08:25:00,51.588932206547305,30.43466297021632,31.70801942469076,30.004942581708235,18.0,39.495278660700045,25.071008618874863,28.463533574755274,24.08904185485426,24.42277203248932,24.089921294209375 
 06/22  08:30:00,50.6761922314583,30.563534457476184,32.07810872651959,30.176282260884925,18.0,39.53231776274322,25.150033513717254,28.297977973602656,24.17658179355874,24.562848255998176,24.177383303965712 
 06/22  08:35:00,50.523549731549366,30.698576030352594,32.53808348747789,30.347303046049937,18.0,40.014538163342934,25.22166158516459,28.501196833281597,24.264063115833437,24.73263899519077,24.26457025344115 
 06/22  08:40:00,50.596767156128394,30.8367288510966,33.035732366929615,30.516313061035905,18.0,40.53112002325556,25.29084185373147,28.685147146915597,24.34751836515477,24.90563527511216,24.34771466727028 
 06/22  08:45:00,50.790218725869565,30.977504427484156,33.561887204605426,30.683840332165936,18.0,41.05353726158796,25.34474421636191,28.860106874531937,24.428132802659263,25.08327430605624,24.42803168937246 
 06/22  08:50:00,51.70120022415001,31.08362929491908,34.21903142208584,30.81334920699247,18.0,41.70348890704395,25.395428415186625,29.348965215399346,24.490533630536106,25.322489634298904,24.49012978635426 
 06/22  08:55:00,52.18752079617659,31.16405282046425,34.90006981812433,30.960861904298575,18.0,42.35530420552296,25.450588776413785,29.49891562563687,24.549806636507128,25.548983288139766,24.56977363668517 
 06/22  09:00:00,52.59844432143046,31.279065949931102,35.5493430720365,31.111726764168278,18.0,43.093135950233865,25.49647609537349,29.646470807635183,24.62629576858251,25.75182578523186,24.647070462400166 
 06/22  09:05:00,52.944951565232984,31.385010903938895,36.18291033727186,31.24510054050212,18.0,43.79595009048714,25.540340959372102,29.74248308384489,24.65629877887801,25.913042992157443,24.67684204528291 
 06/22  09:10:00,53.247186313567816,31.490024834684387,36.81806140968392,31.372643791869976,18.0,44.55280103542555,25.557505482759293,29.83598150812861,24.691487275551026,26.084717280247617,24.71184451470549 
 06/22  09:15:00,53.509981226667904,31.595179040448127,37.458955839863215,31.49689908813408,18.0,45.311845607968124,25.593137622881446,29.92503636091942,24.730495116134534,26.26489313520443,24.750738037373708 
 06/22  09:20:00,53.734998402923324,31.700879124179885,38.107291510653944,31.61915439994707,18.0,46.10281361307834,25.627743742949978,30.005856654496426,24.769209174564708,26.449073849652336,24.789405524400365 
 06/22  09:25:00,53.922556220398796,31.80735450988904,38.763672832650755,31.7402219036536,18.0,46.89583213247503,25.66146411181156,30.078461745882123,24.807910349883628,26.637053007266445,24.82813062263392 
 06/22  09:30:00,54.07233249691921,31.914740586095384,39.42808098611462,31.860641040526136,18.0,47.714272718160395,25.69435680412749,30.14249105249519,24.846662234641087,26.82838174259473,24.866979204902748 
 06/22  09:35:00,54.20127516678262,31.903955261501384,40.03742443919542,31.860950270070983,18.0,48.38605510589606,25.72635784335531,30.204739455797835,24.82457965836693,26.990832479113863,24.844329310478997 
 06/22  09:40:00,54.141724204578146,31.889453647917264,40.59280052419795,31.856290109353157,18.0,49.05071332911174,25.754121871600972,30.180254700395153,24.821699898400254,27.135244698776262,24.841229673141584 
 06/22  09:45:00,53.99900538081976,31.86416483279413,41.12589506745071,31.83976750631006,18.0,49.717363151171725,25.77931326745438,30.146722405576952,24.818359950434797,27.28026538817096,24.837732610176772 
 06/22  09:50:00,53.79158823716403,31.831313277629754,41.644971815462085,31.814777660711897,18.0,50.3485244539832,25.803169610504614,30.102050846414613,24.81529605568494,27.42550208878629,24.834568956760847 
 06/22  09:55:00,53.52842450833886,31.793546316747534,42.15416612696841,31.78410365898714,18.0,50.98239108814284,25.825666126503542,30.04536435041382,24.81242076252215,27.570494349262844,24.83164547257195 
 06/22  10:00:00,53.21483042072554,31.752710011157674,42.655755263150304,31.749699856998536,18.0,51.59593874972785,25.847066879136563,29.975761882141228,24.809850114478195,27.714969528902202,24.8290743484705 
 06/22  10:05:00,52.745931386327356,31.714783074892235,43.04023817122517,31.671843526340925,18.0,51.89746284316296,25.86732226324084,29.87012064881617,24.842499814642622,27.83502462100097,24.842547287577247 
 06/22  10:10:00,52.20382060633064,31.632985602138564,43.36032134559511,31.579329813852347,18.0,52.12288192158641,25.8807554783207,29.754601469242004,24.860020474267117,27.945876568224037,24.86144691760012 
 06/22  10:15:00,51.605755606648394,31.53770176731865,43.70118882009375,31.4796934966836,18.0,52.343572640976724,25.898473128895922,29.628164921031043,24.88228725227947,28.082467334361354,24.884518387333912 
 06/22  10:20:00,50.846639296812434,31.524021178642187,43.971802336455056,31.464718498397083,18.0,52.44264987458221,25.915275269015858,29.434160620453895,24.95493872252115,28.187570264120495,24.95786867970537 
 06/22  10:25:00,50.1442803991158,31.449179375151015,44.27985034466543,31.390355571206698,18.0,52.541898931453964,25.931040076863013,29.291242097388476,24.977565631759944,28.323548082733623,24.980969269451407 
 06/22  10:30:00,49.424247249199986,31.361082827824315,44.58841541117865,31.30378702311265,18.0,52.56317025893059,25.946695114888513,29.132567369904223,25.00455640136397,28.457145820433766,25.008365001462266 
 06/22  10:35:00,48.59049904252592,31.27036388092616,44.81105117811151,31.2152160279941,18.0,52.4375631042073,25.96173191925813,28.911005352443226,25.041269375132117,28.545745820855245,25.045414546435268 
 06/22  10:40:00,47.71351464116566,31.179039599481225,44.99931362886829,31.126389317824714,18.0,52.23785627423555,25.97533143332946,28.681065616239437,25.075095059669536,28.631154064648626,25.07947696801301 
 06/22  10:45:00,46.807798654158915,31.088987586581624,45.16287575227535,31.03901092503996,18.0,52.0409650658311,25.988259215989952,28.44312505374495,25.110163111171858,28.71345747905781,25.114689977771263 
 06/22  10:50:00,45.4843661862604,31.0014822473772,45.30639473893405,30.95424286160601,18.0,51.77010946075032,26.000647202907924,28.05592369768283,25.146926215320377,28.792730599610195,25.15150926498302 
 06/22  10:55:00,44.37799195467977,30.917375290387998,45.432685065737644,31.031433326233106,18.0,51.50383751593377,26.0122088080539,27.797087227717952,25.18526187599457,28.868875495373118,25.228970763413713 
 06/22  11:00:00,43.305002576491205,30.837231863866297,45.54355302893253,31.025650494974705,18.0,51.19643795954367,26.02367512933507,27.53962798203395,25.225441250230574,28.942235045090342,25.273438442305633 
 06/22  11:05:00,42.21659745959869,30.79141142126662,45.47430538372468,31.0174162031808,18.0,51.20699562039735,26.034678853438407,27.17345734336044,25.204792386191457,28.86352347541856,25.25188758984018 
 06/22  11:10:00,41.25631268945555,30.734666503339444,45.55828536405879,30.983213077312026,18.0,51.241707536191456,26.04628677037044,26.86580527254813,25.157931661895873,28.877590947229407,25.204109245813015 
 06/22  11:15:00,40.323644149547256,30.677003770602074,45.668265628593744,30.93933264204473,18.0,51.27241563280648,26.056501256026717,26.55607643370797,25.113725336667585,28.88790805620488,25.158666433233975 
 06/22  11:20:00,39.39755117339672,30.61925672430342,45.78561414749634,30.889733691052527,18.0,51.37370394246712,26.066440132532623,26.248994989244807,25.069840550681192,28.89700841785492,25.113467597997897 
 06/22  11:25:00,38.467899252291375,30.56152730312605,45.90258304712082,30.836368572240648,18.0,51.46984425026511,26.076050207949958,25.949924615154373,25.0260190413627,28.901885509731983,25.068293638064745 
 06/22  11:30:00,37.52868590447167,30.50380678699611,46.01474802333275,30.780388405499135,18.0,51.60116389234218,26.085478247744323,25.66531193901119,24.982273614065377,28.90259735697407,25.02318552413999 
 06/22  11:35:00,36.58821813044219,30.476836254465027,46.07427166852575,30.753977453569533,18.0,51.64685370292699,26.094731853292533,25.419799038977374,24.958736635360935,28.874970120021146,24.99867500073458 
 06/22  11:40:00,35.64455316851931,30.459675030701117,46.10856858857775,30.736383200756833,18.0,51.694396766876864,26.105096198309152,25.20297775029013,24.931504939727233,28.834507237309595,24.97066266649233 
 06/22  11:45:00,34.69752898574746,30.447767477581216,46.122267921290685,30.72326635003544,18.0,51.73755243521207,26.115546405375746,25.026723192632517,24.902882875404373,28.795063060038274,24.941358383160946 
 06/22  11:50:00,33.74728018874941,30.43901272722552,46.117521970468744,30.712676810665105,18.0,51.76125209105755,26.1261447721981,24.899547787317545,24.873674801285574,28.752104612099856,24.911570049138163 
 06/22  11:55:00,32.89254294185338,30.422046589378894,46.35132278368416,30.810795074823236,18.0,51.78128008183216,26.136893911379794,24.831493581655877,24.832286164687503,28.824119149349713,24.88925826245361 
 06/22  12:00:00,32.44111884561671,30.42556122917159,46.408940119449134,31.339803598337824,18.0,51.78547681418309,26.15174932155837,24.813703500485758,24.814120321897576,28.78099689063822,24.937379638095024 
 06/22  12:05:00,32.156191249435494,30.45463730929952,46.45019823483264,32.04195005407824,18.0,51.879557360973315,26.165362403585657,24.79801585751767,24.798127409353185,28.7477707392419,25.054043703181947 
 06/22  12:10:00,31.965341227921677,30.495473635331976,46.47217792891484,32.842056176536055,18.0,51.9763034085665,26.163890201525213,24.788225155283385,24.78799526022715,28.71576358564863,25.22286802515862 
 06/22  12:15:00,31.837054363223054,30.544586191114348,46.4773185866027,33.704024603987726,18.0,52.069939736956236,26.17598390066531,24.782517831875566,24.781921440481995,28.682733685124276,25.431185536384874 
 06/22  12:20:00,31.75279448623397,30.600250610388667,46.467248007278386,34.60546915430617,18.0,52.18038653606398,26.18891117927525,24.777896592281195,24.776907135734746,28.646263069793918,25.667480632033175 
 06/22  12:25:00,31.700807189285303,30.661460142061166,46.44300246387996,35.53151095449248,18.0,52.287576635613405,26.20263607952173,24.774334632449836,24.772948475395197,28.606546500558466,25.924072588462877 
 06/22  12:30:00,31.673347684254665,30.727600770164752,46.40528532227446,36.47185939164101,18.0,52.401313187132516,26.21697044143812,24.771845882641117,24.770080322226704,28.56359505031753,26.194087843516684 
 06/22  12:35:00,31.61976029762585,30.752786527605085,46.41259265949172,37.428856082314226,18.0,52.63240207493009,26.231825347575242,24.749669499131983,24.747523106647122,28.55381351295148,26.4718299854826 
 06/22  12:40:00,31.563930437957648,30.76428822113663,46.423549185250984,38.40287974570908,18.0,52.884632065558144,26.24552107056702,24.7263447771237,24.72386813349692,28.53807141305697,26.761105214220038 
 06/22  12:45:00,31.50879000029094,30.76753574725,46.42967223818034,39.392416061824854,18.0,53.13289280408192,26.259320223269214,24.702845950272604,24.70009622227616,28.51728781871816,27.05800064990069 
 06/22  12:50:00,31.45488499851808,30.764893256706902,46.42658051951712,40.39576404919364,18.0,53.415707774108135,26.273218744150284,24.679208086129393,24.676257450001003,28.488221872345434,27.35895971955358 
 06/22  12:55:00,31.402121706562784,30.757618911075003,46.41143824790283,41.411245720371404,18.0,53.693786917351,26.287161111816108,24.655347589877465,24.652280307578167,28.456479515977094,27.660887751733867 
 06/22  13:00:00,31.350147315790057,30.74638288038501,46.382245818755514,42.43725747542219,18.0,53.98875820285896,26.30115621165799,24.631199911127055,24.62810949513937,28.419501599430987,27.961214766625858 
 06/22  13:05:00,31.248522362804835,30.684886959860087,46.2530588665922,43.3962191571571,18.0,53.951556154173694,26.315136997632425,24.606027403366284,24.60304398348876,28.35191581036247,28.233076942978244 
 06/22  13:10:00,31.129452509239293,30.60331229080259,46.0805402944183,44.33138936606165,18.0,53.863004605051316,26.349728599327566,24.566073798208663,24.563335945939457,28.272475515699966,28.48927632529353 
 06/22  13:15:00,31.045710383638284,30.554426164791717,45.698088265041235,45.039422770470175,18.0,53.77051732639691,26.366578279936554,24.553622384540404,24.551155107111185,28.09940821430922,28.632170981919785 
 06/22  13:20:00,30.93685022110987,30.477897014832628,45.426457726004955,45.8781720980529,18.0,53.572186426594044,26.379108015058836,24.51649760129891,24.514433693527167,28.01397311579126,28.864853875508288 
 06/22  13:25:00,30.819351820130798,30.390343685077973,45.158752243167925,46.73402379759801,18.0,53.37272400466955,26.395192544770715,24.48268224043335,24.481092487102273,27.922497809304446,29.086313905475947 
 06/22  13:30:00,30.695714660640327,30.29445910980186,44.64210685957303,47.59289564694488,18.0,53.10489206567901,26.41067119801463,24.448187753848003,24.447134785675132,27.730400524854645,29.29650923865927 
 06/22  13:35:00,30.61724459592903,30.339247269352114,44.17663188187576,48.307220766669566,18.0,52.65533523143168,26.42510702417843,24.440112914717247,24.465585458037594,27.573091452994163,29.41612801198778 
 06/22  13:40:00,30.50496194336301,30.29317030540723,43.84697811071929,49.22226822907167,18.0,52.13572144166337,26.440913833795772,24.402480390183086,24.434521810787714,27.485149795509642,29.643025333927085 
 06/22  13:45:00,30.44952468430188,30.291653634635164,43.42121988504466,49.9305929688297,18.0,51.621707443856714,26.460344831907214,24.402008385364354,24.437432369209716,27.335806461323045,29.7440463960163 
 06/22  13:50:00,30.41407271467788,30.30374888331746,42.9713617990642,50.56555355119573,18.0,51.03084773752426,26.476669522808468,24.399617551544566,24.43808841768407,27.1852202848944,29.830872443546014 
 06/22  13:55:00,30.391286980040753,30.324336421982984,42.507390509599325,51.14439663480775,18.0,50.446830271279175,26.49315656528262,24.397011837300397,24.43845487378553,27.034354427267772,29.90464281611804 
 06/22  14:00:00,30.377715727286258,30.351184159923598,42.033742621102746,51.67389425560021,18.0,49.821686011395826,26.509460638473506,24.394518074286566,24.438868925419115,26.883448502931685,29.9664849539397 
 06/22  14:05:00,30.33902340385646,30.331791396855706,41.70402402786024,52.44862497194366,18.0,49.520075131538015,26.525527778227655,24.390208590066095,24.4332428121387,26.815036548289868,30.175813165733814 
 06/22  14:10:00,30.3955331014218,30.401046674743156,41.39984488799484,53.13153905652934,18.0,49.24482190175634,26.53171088336791,24.444042828057945,24.487087727109326,26.745501027780392,30.318097747031572 
 06/22  14:15:00,30.486312278967034,30.500222414209606,41.11106610499119,53.786020847869054,18.0,48.966924749587726,26.546640118244888,24.501711531584306,24.544171335924432,26.676895852625307,30.455615824990446 
 06/22  14:20:00,30.599013737831378,30.508405126384826,40.830593658055584,54.413334395355854,18.0,48.7673120288837,26.561703808007827,24.560544700329046,24.566436259359307,26.607372500871293,30.58625314740948 
 06/22  14:25:00,30.727863349421497,30.608012491657483,40.773837952452055,55.012007048470856,18.0,48.56484860149584,26.576730960411393,24.620489548948,24.62448343864719,26.61523686766941,30.710394663838088 
 06/22  14:30:00,30.869412150685672,30.736421226879425,40.55046865493486,55.58050782438991,18.0,48.40706204263689,26.59213974517156,24.68178699607563,24.685517653145666,26.54082514431741,30.828442874151335 
 06/22  14:35:00,30.94269511696328,30.80405419655224,40.27199030262291,56.23520957636875,18.0,48.30788644766123,26.607196180799377,24.70213819961225,24.70596253831934,26.45061902689406,30.99852981610377 
 06/22  14:40:00,30.994187881602457,30.854180958661445,39.96245386316227,56.90492296590501,18.0,48.24169606059478,26.6196390710442,24.72437994841738,24.728287739462758,26.3559267662489,31.166580510889958 
 06/22  14:45:00,31.032952885817846,30.8941596426988,39.62889421227479,57.577682598360845,18.0,48.16998167140384,26.631531692425664,24.746955496691385,24.75088646062295,26.25782891679279,31.33357259644015 
 06/22  14:50:00,31.06302510814048,30.92701899340173,39.27479246767139,58.247786837558245,18.0,48.12723883224632,26.6429629624123,24.769435877934313,24.77331863991685,26.156900718287602,31.49956937594476 
 06/22  14:55:00,31.08669595205117,30.95443171611184,38.902060826211276,58.91183294939322,18.0,48.079266257010005,26.653879510465003,24.791588801716784,24.795346769000332,26.053672094841033,31.664541764476894 
 06/22  15:00:00,31.105347402202636,30.977388858901513,38.51176673599479,59.56764227408367,18.0,48.04448232041015,26.664400801059443,24.813394114132848,24.816949673905015,25.948865229519015,31.82848606628852 
 06/22  15:05:00,31.050350000091104,30.92755654429655,38.02840427014942,60.08716499203621,18.0,47.76914025649764,26.674458012744356,24.770742274444274,24.77398772935726,25.773352617941043,31.893112697928018 
 06/22  15:10:00,30.966744959578925,30.849390250808572,37.50443548299569,60.556949133037016,18.0,47.457144909627196,26.683241299823496,24.719455686226922,24.722342309949454,25.59567867123843,31.951793214404347 
 06/22  15:15:00,30.864890638800876,30.75305232135702,36.95120891178525,60.991439944743384,18.0,47.143901682117225,26.691494590251203,24.66638473884501,24.668849609354425,25.419740681311737,32.00705995247563 
 06/22  15:20:00,30.750010290177688,30.64365181102308,36.374394131257496,61.39749909418381,18.0,46.7556578554196,26.698911832079116,24.612447525221796,24.614442149113472,25.247100338512723,32.05918383143876 
 06/22  15:25:00,30.62534114916146,30.52435433492581,35.77746668934773,61.779093085768324,18.0,46.36760076349877,26.70622016231372,24.5579277279042,24.55941817180542,25.079270023036145,32.1081293375978 
 06/22  15:30:00,30.493011888548125,30.39724360094543,35.16269109108398,62.13863981825861,18.0,45.93222969661614,26.71318562309076,24.50283247614766,24.50380277923398,24.917704429548337,32.15365693812737 
 06/22  15:35:00,30.30804900373621,30.217307513974767,34.431734272068994,61.7310787198452,18.0,45.09407260138725,26.71976043790831,24.424065910154468,24.4244533381206,24.730650322070687,31.847017633990163 
 06/22  15:40:00,30.10410980016598,30.018184391143254,33.67492627230942,61.074208723392566,18.0,44.16852057303999,26.71883181571274,24.343615839665404,24.343506579264385,24.55911823664951,31.531209251540417 
 06/22  15:45:00,29.889640522871485,29.80831897873827,32.91591648415604,60.253883068816194,18.0,43.26085847038503,26.715886292709484,24.26388830786169,24.263394006073327,24.40544646761407,31.2034374538855 
 06/22  15:50:00,29.59204474590057,29.515100653553873,32.08409221716629,58.97417988524179,18.0,42.230226754030426,26.71168265367154,24.147113559288357,24.146383734562733,24.227599451272795,30.697708926848634 
 06/22  15:55:00,29.335028152791605,29.26224670129018,31.32476016181288,57.83846059290947,18.0,41.218998517421305,26.69936555629111,24.064355796600466,24.063530944169315,24.106020563442883,30.354984857087516 
 06/22  16:00:00,29.08594701635543,29.06653247290468,30.652831916143047,56.66311829758397,18.0,40.15234833764114,26.69214177932968,23.984380112233282,23.991886344142017,24.01015079720105,29.995710805982867 
 06/22  16:05:00,28.827667494292786,29.005321139388805,30.142439382797626,55.47155026208005,18.0,39.18152211659757,26.683773652440426,23.846593843964,23.882913536008118,23.869907081021665,29.582975434809327 
 06/22  16:10:00,28.567104640677798,28.9783647439928,29.697864838774485,54.23404617439032,18.0,38.19740948894475,26.68336427727931,23.70403718151715,23.779329166819025,23.725163007866513,29.161888843089514 
 06/22  16:15:00,28.30564505280126,28.958073032573594,29.294481169593826,52.94546373988505,18.0,37.21972468513047,26.674927120684757,23.560241771569963,23.6812091856375,23.579302726752417,28.727766917247777 
 06/22  16:20:00,28.04404420430849,28.92928190745882,28.919587135245816,51.60386814700872,18.0,36.257092209751455,26.665986008177402,23.417266885753293,23.587302465812684,23.434357763778507,28.28205755640488 
 06/22  16:25:00,27.742344454575353,28.781327533253396,28.524715582055897,49.41931900045703,18.0,35.301302545771215,26.656103001709234,23.253896494413084,23.443761237438252,23.26876065120723,27.43940203591751 
 06/22  16:30:00,27.464278315652532,28.6581250972634,28.1684953934253,47.717813440404974,18.0,34.361037130995,26.635116708021076,23.108045126979505,23.33905357358526,23.120982227804348,26.978549150301205 
 06/22  16:35:00,27.2156721741969,28.662624986364477,27.85300450953055,47.26964875918821,18.0,33.84836867743494,26.621775780537053,22.978101803134848,23.279353191043697,22.989703709359787,27.07718000136572 
 06/22  16:40:00,26.97509703409747,28.723449813195145,27.554141512747755,47.224259553794866,18.0,33.41508307862539,26.618471983237864,22.851119250380066,23.24411056180122,22.861563549188418,27.17361727527043 
 06/22  16:45:00,26.785370128310884,28.979378552999663,27.31293582445447,48.21705968238034,18.0,32.96672746774028,26.61616818570639,22.748710910477257,23.278651103901552,22.758285540608938,27.660460417560444 
 06/22  16:50:00,26.565892482450938,29.187424150723857,27.04726960128895,48.81001725149218,18.0,32.64706937882088,26.62586010003122,22.62381907467085,23.2640248047486,22.632525742308246,27.754440445782564 
 06/22  16:55:00,26.337174981721926,29.411179612093363,26.77677886800338,49.39761461635256,18.0,32.31252134337783,26.62716646873524,22.49525971418882,23.259547022515335,22.503279246977797,27.85113902921563 
 06/22  17:00:00,26.101093928325717,29.657626033160465,26.502614225114744,50.001110858822976,18.0,32.043315145718815,26.628803281979064,22.365901030815337,23.266866337060208,22.373439383175537,27.94678763063189 
 06/22  17:05:00,25.86347280492415,29.911930302706274,26.23827963034656,50.55668137374449,18.0,31.681447912326767,26.63064004576713,22.267720923639445,23.306470290824905,22.27964404028546,28.0404152777067 
 06/22  17:10:00,25.622462770212902,30.1816334854059,25.976009417784333,51.100487807111925,18.0,31.33579545346063,26.588714778081936,22.181180514510856,23.365466852337192,22.197707619869504,28.13980249609847 
 06/22  17:15:00,25.377836644352943,30.46782985700969,25.713874959114538,51.63560850434003,18.0,30.981650822768433,26.584651247426567,22.102793491722764,23.439887898435813,22.12406342502959,28.242175972079735 
 06/22  17:20:00,25.129524551401474,30.770651106940267,25.45079634200158,52.16164574586868,18.0,30.611863999799287,26.58119752437427,22.02363608119765,23.520346091671627,22.04967034163451,28.339809731517278 
 06/22  17:25:00,24.877497767682907,31.08984775426099,25.186030506730102,52.67716250369565,18.0,30.234438782964325,26.578922483730373,21.944383817192715,23.606680683320292,21.975189503522984,28.4332133651248 
 06/22  17:30:00,24.722589107210506,31.591752513294058,25.02038945730569,53.52901111716691,18.0,29.83970428231028,26.577332172299837,21.921404376818373,23.779964880041007,21.957066750094896,28.68870026741706 
 06/22  17:35:00,24.499290428061908,31.775876754832595,24.78734601864025,53.30564470656286,18.0,29.26931731753776,26.58450671059654,21.83682536466631,23.76639423875372,21.875555456666007,28.394994789331577 
 06/22  17:40:00,24.260138715870724,31.852450498137582,24.539265871815054,52.78256198661761,18.0,28.666802383935554,26.5779814920895,21.751468458610532,23.73639913525153,21.792579073071124,28.10297569180534 
 06/22  17:45:00,23.917919180799394,31.69346023530545,24.18784545105338,51.76571234354428,18.0,28.078291805371943,26.570065420867053,21.618680341805202,23.6064671521508,21.660923275914456,27.648374297082967 
 06/22  17:50:00,23.634401011985478,31.58943260917996,23.89563396203559,50.86774581595678,18.0,27.447555922038138,26.55283355041663,21.53411044595009,23.55183581974677,21.57788685752996,27.36398049096624 
 06/22  17:55:00,23.36462434932357,31.465663374503563,23.617335272622388,49.93438910218637,18.0,26.83131836452046,26.54169401939947,21.452600294947104,23.49014099624287,21.497443101477472,27.07307021563679 
 06/22  18:00:00,23.104197847140334,31.320499244091824,23.348449122227382,48.97436631745835,18.0,26.206559099297426,26.52988652626664,21.372682553055427,23.421225944043385,21.418189834665725,26.78524303769501 
 06/22  18:05:00,22.782743566730144,31.06488598696214,23.02091667815412,47.88722510238129,18.0,25.51269644791047,26.5175791374806,21.12579789475444,23.176673239001275,21.172167245611945,26.320080365056697 
 06/22  18:10:00,22.441745755677186,30.754783254735944,22.674374146680428,46.74789005910771,18.0,24.81526858536545,26.3801677025205,20.905060976824302,22.944974312485044,20.950760405565916,25.88427375041556 
 06/22  18:15:00,22.090686721324534,30.402996215865542,22.31777680575926,45.57365535570656,18.0,24.134345718717253,26.346010136700325,20.706721074631787,22.723560362779494,20.75333853946745,25.466872597676854 
 06/22  18:20:00,21.734285189225588,30.016332825576697,21.955551207267572,44.374562886946386,18.0,23.452857991967573,26.312130969010887,20.508610223781716,22.492865351624857,20.555651571262842,25.04970257723437 
 06/22  18:25:00,21.37547417018051,29.599366176504475,21.59043974193629,43.15772872084495,18.0,22.787706032763428,26.280334954220915,20.312255785457864,22.255181488091523,20.35944853776573,24.634175220627412 
 06/22  18:30:00,21.016189620520144,29.155487409303586,21.22424961285436,41.928694363466356,18.0,22.14084192733701,26.249328572847123,20.117427548706132,22.01092422235905,20.16452026844439,24.220303107608345 
 06/22  18:35:00,20.66197042392754,28.64644457475935,20.862541658168304,40.59564226497529,18.0,21.50510757334713,26.21920754504323,19.924649994162962,21.72805141773449,19.971131550513974,23.763526871534964 
 06/22  18:40:00,20.31141577603449,28.100397120487866,20.50385504431018,39.23160967838343,18.0,20.89925506584709,26.18868917180047,19.73284775119987,21.448888120437687,19.778501101495067,23.310900479728275 
 06/22  18:45:00,19.964660558166358,27.525819185297873,20.148295877088163,37.85571866015622,18.0,20.310876175173462,26.157440693802332,19.542259976436753,21.165354416444018,19.587002222312492,22.86327748017976 
 06/22  18:50:00,19.621913137664656,26.929232207952435,19.796059928383578,36.481576870675305,18.0,19.75814724631187,26.127101125654256,19.353771959737287,20.878847385852396,19.397484340854703,22.422987964261495 
 06/22  18:55:00,19.283346787184733,26.288300243708118,19.44731942835004,35.065395831528285,18.0,19.221942713508014,26.097748199163323,19.167661162960144,20.576956292833756,19.210186352443486,21.965029742615513 
 06/22  19:00:00,18.94910028252566,25.484917252080812,19.10222040113689,33.38784992418622,18.0,18.724901688855816,26.0683660740322,18.984028363940638,20.204039840095902,19.025129041838568,21.38817345200448 
 06/22  19:05:00,18.615944427891517,24.66040895314929,18.75716648328699,31.698726457143426,18.0,18.240841592813883,26.03489273255953,18.80448536419175,19.84695619986246,18.82957323501347,20.827667807658997 
 06/22  19:10:00,18.283800668382614,23.789883573861655,18.413080827563874,29.984288595741695,18.0,17.788441043718333,25.994059541206425,18.614859580197788,19.465164247765983,18.628312219988572,20.267364144723615 
 06/22  19:15:00,17.95256972497398,22.87308556889407,18.070178578946283,28.25507040758078,18.0,17.343663527195243,25.95804866147721,18.41089200595934,19.087366197229926,18.419337916670884,19.706348308486554 
 06/22  19:20:00,17.622441707249404,21.913296763136344,17.728827986734725,26.52323122352203,18.0,16.931495659712713,25.91949809936799,18.191351276276578,18.70371260109073,18.200170832804247,19.16115352371071 
 06/22  19:25:00,17.284547965208176,20.832280897968268,17.380031883315276,24.673314523995735,18.0,16.521280013879338,25.876984896429192,17.95272644800076,18.27550656843698,17.965750182056922,18.565724134132665 
 06/22  19:30:00,16.848396159557833,19.148200821451784,16.931065450544473,22.01654637595503,18.0,16.024709945995657,25.82877850982182,17.573103267572037,17.574973304863647,17.602328850566778,17.60026040812903 
 06/22  19:35:00,16.528680814075006,18.272630958314416,16.60129299010758,20.639476626839276,18.0,15.691614471208764,25.76210704813194,17.399090066922383,17.400645064523815,17.427835624695774,17.425149986857946 
 06/22  19:40:00,16.242974364878005,17.627866623203012,16.307446640854963,19.643083881155658,18.0,15.359678936673582,25.719357584346504,17.22764305191174,17.22889351741304,17.2562143172089,17.252946260780277 
 06/22  19:45:00,15.976015429011408,17.108203299920966,16.03371770323781,18.859959297997417,18.0,15.025647271320334,25.677060078180325,17.05633655829712,17.057503868804986,17.084408683845027,17.08095179128395 
 06/22  19:50:00,15.720708942997081,16.668353360171654,15.773229329249022,18.215914715718593,18.0,14.723659458948715,25.63601649148175,16.886248178081132,16.887383243047793,16.913504313147996,16.909934133265892 
 06/22  19:55:00,15.473538682620076,16.282239083998032,15.521735403967654,17.667355902663452,18.0,14.420138707697488,25.595985681202063,16.71750602591942,16.71862819964798,16.743611033474508,16.739951790060104 
 06/22  20:00:00,15.232038417188456,15.933545933880936,15.276662371975291,17.186570083657184,18.0,14.13419475721345,25.556680054875248,16.550059519974866,16.5511812512392,16.574664213278083,16.57093058934879 
 06/22  20:05:00,15.05166191148255,15.661949117532883,15.09060213402962,16.797992445961214,18.0,13.9371094811901,25.518016180035033,16.43490213138466,16.436014941683766,16.462452413313827,16.45869787898971 
 06/22  20:10:00,14.89709551203806,15.431589686320878,14.929958376445873,16.465388543717772,18.0,13.770805924283994,25.417900408061442,16.331734152495017,16.33280021702967,16.362414577852974,16.35869830365425 
 06/22  20:15:00,14.759118561975919,15.230339513711513,14.785852507356491,16.17412980618293,18.0,13.605573998231721,25.35552242117552,16.238851491562627,16.239923735916932,16.273026257999845,16.2693143395137 
 06/22  20:20:00,14.632822409004959,15.050843894860044,14.653533395772783,15.914726989913962,18.0,13.477502163829417,25.296561138241284,16.147352494172765,16.14842935109243,16.185081781461463,16.18139206597948 
 06/22  20:25:00,14.515028671146714,14.888011517938073,14.529910373416993,15.680403552523813,18.0,13.349865792921184,25.24068471906211,16.056925859263174,16.058013308572185,16.098306589388017,16.09464585114506 
 06/22  20:30:00,14.403560668965836,14.73799150275688,14.412855904442882,15.466160608471778,18.0,13.245023290270126,25.187375522160536,15.967256951907075,15.968359887701922,16.012382184492026,16.008756032537065 
 06/22  20:35:00,14.296881451849107,14.598146632798219,14.300858975022374,15.268230966921472,18.0,13.140227025909155,25.136195358012973,15.878145265008811,15.879267913382364,15.927105872117863,15.923518553964641 
 06/22  20:40:00,14.193880581070362,14.466410793048578,14.19282074700545,15.083725777609896,18.0,13.049721992464722,25.086626971941232,15.789358073771723,15.790503373735532,15.842237131975082,15.838692407326732 
 06/22  20:45:00,14.093740498829511,14.341207735886456,14.08792634393986,14.910396262366364,18.0,12.959028738929524,25.038500792050353,15.700838350229503,15.702009034308162,15.757719657013013,15.75421985858236 
 06/22  20:50:00,13.995849544458887,14.221319553615789,13.985561279079876,14.746468566999278,18.0,12.877282688033628,24.991461449440155,15.612438302165287,15.613635979507762,15.673398062383683,15.669945266353864 
 06/22  20:55:00,13.899743657428578,14.105794420996142,13.885255347053189,14.590526734430753,18.0,12.795211060843622,24.945453167925876,15.524154656413543,15.52538086165697,15.58927068328478,15.585865775274897 
 06/22  21:00:00,13.805066348984768,13.993880824335879,13.786644011878593,14.441428212147068,18.0,12.71867299429657,24.900226785825055,15.435889244333225,15.43714460705553,15.505232475401954,15.50187621923294 
 06/22  21:05:00,13.734010607249653,13.908018219683877,13.71134566246144,14.321364987774468,18.0,12.66102625815292,24.85577716597487,15.392036556913695,15.393328446329406,15.463353908267209,15.460034228195525 
 06/22  21:10:00,13.67222347304917,13.83313895590225,13.645589483802192,14.215099429419478,18.0,12.610794942002673,24.808769219149934,15.392335955191697,15.393649915369792,15.467862938185704,15.464609855819958 
 06/22  21:15:00,13.616259707766895,13.765473623190346,13.585984820289223,14.118547971043064,18.0,12.56060648295526,24.875075185657387,15.405158889831512,15.40653155359621,15.485547196436869,15.482298820501683 
 06/22  21:20:00,13.564388438959915,13.703064694873975,13.530792082558204,14.029437973517481,18.0,12.518619218312107,24.93378679997002,15.407772587928207,15.409164602798114,15.492219404531625,15.489008595912537 
 06/22  21:25:00,13.515531668004762,13.644660780796606,13.478908437407725,13.94632625235472,18.0,12.476637026326966,24.981076261016185,15.355608368376068,15.357019430646119,15.440246389776632,15.437053737295287 
 06/22  21:30:00,13.46897387986504,13.589409479719256,13.429589772950436,13.86816040442565,18.0,12.439740960153571,24.911364589591173,15.291324808391778,15.292725266146704,15.37557678537496,15.37246880436328 
 06/22  21:35:00,13.424223764778928,13.536709251389572,13.382317271357724,13.794165342710015,18.0,12.402822921600588,24.834765163010168,15.234914029996503,15.236333776467177,15.319460644886817,15.316408142329578 
 06/22  21:40:00,13.380935417713207,13.486124042603135,13.336720448272624,13.72375527671445,18.0,12.36924103513942,24.765143743158013,15.184718760532519,15.186166994897576,15.269954705649354,15.2669465308432 
 06/22  21:45:00,13.33885923696708,13.437329515046992,13.292528485762846,13.656476262435458,18.0,12.335619786916912,24.70131694398585,15.138115206851467,15.139591293373655,15.224250655497599,15.221285039074587 
 06/22  21:50:00,13.297809517995347,13.390077204188684,13.24953760503254,13.591966896135753,18.0,12.304267286303359,24.64264155321202,15.094207037897945,15.095712118502377,15.181418153803861,15.178490838342384 
 06/22  21:55:00,13.257642781117584,13.34417030057201,13.207588920438239,13.529931102002166,18.0,12.272863911847065,24.587933136947996,15.052046263731654,15.05357908306246,15.140445934050263,15.137555115354814 
 06/22  22:00:00,13.218243654786702,13.29944764949128,13.16655381590641,13.47011972012833,18.0,12.243052698755664,24.536531105278105,15.011206231481992,15.012765975340699,15.100886699320142,15.098030067026343 
 06/22  22:05:00,13.166511335303879,13.242777237210937,13.114969669555627,13.401009673625618,18.0,12.20419376561166,24.487698307676556,14.932149382447562,14.933734296468629,15.023240883173116,15.020417947473788 
 06/22  22:10:00,13.11061713574437,13.182288653422779,13.059799602774437,13.329430268063566,18.0,12.164655637000408,24.3860559256343,14.85240048465846,14.853992463021882,14.945564893002825,14.942790001564617 
 06/22  22:15:00,13.052381115503286,13.119770378486583,13.002624030901648,13.256869842967971,18.0,12.124851337961907,24.306049624714667,14.779690285020024,14.781315826833634,14.87565532110466,14.872899664719512 
 06/22  22:20:00,12.992654374435396,13.056046307421889,12.944192854797777,13.183998956857,18.0,12.083121344341658,24.2319209805437,14.709525635188697,14.711180833329536,14.808489710908475,14.805755488789487 
 06/22  22:25:00,12.931933018721127,12.991588710298082,12.884948423182687,13.111189714450754,18.0,12.041135580432822,24.162806306811383,14.685148655238208,14.686826012717063,14.788827104544339,14.786126297305032 
 06/22  22:30:00,12.870523150947731,12.926682637504346,12.82516619636344,13.038654737263933,18.0,11.998048284797292,24.20059774688752,14.651691309659839,14.653425001346022,14.763324126412613,14.760608063492725 
 06/22  22:35:00,12.808618311804134,12.861502917643707,12.765021333255742,12.966512559405786,18.0,11.954714193640832,24.22779599333035,14.616208970955824,14.617962904357228,14.743347802540995,14.740646724238673 
 06/22  22:40:00,12.746343059881596,12.79615739096488,12.70462674985564,12.894824795770514,18.0,11.910655608186259,24.245324268884584,14.586423911354416,14.588192148970336,14.70077688537117,14.698094609496025 
 06/22  22:45:00,12.683779666764346,12.73071333638791,12.644056929106437,12.823619286195074,18.0,11.866356531546236,24.25659029314666,14.533475374035334,14.535259536862213,14.670412681784967,14.667748898218463 
 06/22  22:50:00,12.620985111843668,12.665214253014536,12.583363407563832,12.752905065807411,18.0,11.821519745693397,24.262092167165306,14.485073151410234,14.486867613629215,14.620345640468258,14.61769910768271 
 06/22  22:55:00,12.558001627350984,12.599690222056749,12.522584519401674,12.682681669793844,18.0,11.776447409040799,24.263827508195202,14.435683992178838,14.437490290261962,14.57519541371721,14.57256510775278 
 06/22  23:00:00,12.49486271648244,12.534163757963054,12.461750955526487,12.612944296409099,18.0,11.730929606721672,24.26206629160184,14.384667067369833,14.386484536092212,14.529139232992407,14.526523838079925 
 06/22  23:05:00,12.473680925302586,12.51073181877303,12.44036713491855,12.58312717624812,18.0,11.73559614729312,24.25691694201816,14.39385653167733,14.395684671016795,14.542098990865497,14.539495926222344 
 06/22  23:10:00,12.467366674840896,12.502300922234253,12.433709871046284,12.568513613843006,18.0,11.748896973873975,24.241016651987312,14.409075901799952,14.410900495050441,14.56087353419457,14.558299622440074 
 06/22  23:15:00,12.46974796581311,12.502691175083436,12.435962239819313,12.56326127152294,18.0,11.762150113253828,24.23074332454999,14.426063842356484,14.427890193092708,14.581268407743778,14.578718074171718 
 06/22  23:20:00,12.477870993737085,12.508941358677632,12.444265357744127,12.56448648054463,18.0,11.788607631775955,24.217654876587073,14.44321995575433,14.445047564912556,14.601726394892125,14.59920096541373 
 06/22  23:25:00,12.489968202455497,12.519276929917503,12.456868422891134,12.570414613362566,18.0,11.814964609809248,24.203650858883336,14.460339300576493,14.462167980641425,14.622131416041498,14.619630329886604 
 06/22  23:30:00,12.50490847191395,12.532560165372502,12.472626414674329,12.579877891536519,18.0,11.848404694408211,24.188877906717025,14.477304986912031,14.47913461218252,14.642381764391871,14.639904501022556 
 06/22  23:35:00,12.521939394441569,12.548032392896475,12.490761965625719,12.592077290822587,18.0,11.881698276506183,24.173412698497433,14.49406036129102,14.495890616302745,14.66242515966303,14.659971378456191 
 06/22  23:40:00,12.540544610077612,12.565171290668982,12.510731389845459,12.606448541102026,18.0,11.919005368008166,24.157375924219632,14.510611607369242,14.512442219553918,14.682274091202316,14.679843359402753 
 06/22  23:45:00,12.560359815131498,12.583606876244662,12.532144408702727,12.622581801402628,18.0,11.956140554082094,24.140823967608515,14.526961872118363,14.528792485507097,14.701932795586913,14.699524765590184 
 06/22  23:50:00,12.581121386953171,12.603070126143663,12.554714165082407,12.640171621869305,18.0,11.99558965306079,24.12383761655777,14.543131560901884,14.5449618518943,14.721424502845935,14.719038798073939 
 06/22  23:55:00,12.602634006101567,12.623360599721407,12.578225161192258,12.658984831974177,18.0,12.034852505690472,24.10646467071038,14.559132914317843,14.56096252408122,14.740761970836388,14.738398299826827 
 06/22  24:00:00,12.624749726296669,12.644325510425567,12.602512174534743,12.678839403830914,18.0,12.075448913372394,24.08875947517417,14.574982058476849,14.576810637490553,14.75996263595755,14.75762081127391 
 06/23  00:05:00,12.609875321683045,12.628281629429605,12.590530490657018,12.66248042326834,18.0,12.06555278804623,24.0707667479294,14.523924862833724,14.525738371346506,14.714057692321944,14.7117474202592 
 06/23  00:10:00,12.582164355197708,12.599445792833638,12.565356950163883,12.633120556400732,18.0,12.04737313393564,24.049468172371363,14.461246926480271,14.463058231026878,14.657154351161012,14.654859984589848 
 06/23  00:15:00,12.547113120378185,12.563326641431603,12.532403995487172,12.596172348100653,18.0,12.028575459852197,24.028293830694672,14.397221586072362,14.39902998206287,14.598980751642046,14.596702700122194 
 06/23  00:20:00,12.507343272043158,12.522551082780831,12.49431816271951,12.554303518838699,18.0,11.997101174229302,24.006732054744017,14.33315509136753,14.334959800494289,14.540679049056166,14.538417143983054 
 06/23  00:25:00,12.464412978692302,12.478676723896372,12.452708972168935,12.509127008772502,18.0,11.965254955008701,23.98482089210598,14.269274665316857,14.271075292876276,14.482450425881154,14.480204053905538 
 06/23  00:30:00,12.419308891778478,12.432657648798829,12.408618334080401,12.461676587786402,18.0,11.92669482017607,23.962611997342265,14.205622380844375,14.207418641223285,14.424334400811915,14.422102892956673 
 06/23  00:35:00,12.372679383236475,12.385167756593235,12.3627434304818,12.41263967811104,18.0,11.887909625739303,23.94013585701916,14.142200212594673,14.143991829016159,14.366334194361684,14.364116937943322 
 06/23  00:40:00,12.324942563265399,12.336636615530148,12.315562433535074,12.362484121883377,18.0,11.845355057057597,23.917421998737105,14.079005885059246,14.080792603524628,14.308450120375369,14.306246537514596 
 06/23  00:45:00,12.276395091450405,12.287358009199625,12.267410043836412,12.31153427790635,18.0,11.802655442376167,23.89450140483867,14.016037907936948,14.017819508859418,14.250683738896328,14.248493269466508 
 06/23  00:50:00,12.227257368457138,12.237536509142688,12.218524623571572,12.260018526703012,18.0,11.757777634322787,23.871388862625853,13.953289985788956,13.955066251864025,14.19303104475847,14.19085318024429 
 06/23  00:55:00,12.177677581014253,12.187316838159042,12.16907844852383,12.208099782747595,18.0,11.712800304088518,23.848115618573416,13.890762448052499,13.892533216305424,14.135495829240995,14.133330048477774 
 06/23  01:00:00,12.127762473110861,12.136802863788986,12.119197661125993,12.155895552931073,18.0,11.666531523195149,23.824686500604383,13.828447091146018,13.830212187671066,14.078071740412952,14.075917583495709 
 06/23  01:05:00,12.082518247321481,12.091062252857908,12.073704990232295,12.108406088290565,18.0,11.621526749094068,23.80113230057747,13.792935353595624,13.794714399193253,14.042126280820412,14.03996860503969 
 06/23  01:10:00,12.038629026169438,12.04674985381964,12.029619486665306,12.06248730402497,18.0,11.575963413068425,23.777751262229692,13.760499433460836,13.762289873823192,14.008180259916912,14.006021598018151 
 06/23  01:15:00,11.995448268384976,12.003187242478608,11.986291194405139,12.017455820831724,18.0,11.530364259361686,23.754369733194224,13.728626100373049,13.730428429002018,13.974589964406846,13.97242945745569 
 06/23  01:20:00,11.952685754188266,11.9600571705051,11.943426320511316,11.972998090821147,18.0,11.484585844497479,23.730970432854537,13.696928637938754,13.698742921334656,13.941110838561713,13.938948098077162 
 06/23  01:25:00,11.910180894790518,11.91720248201931,11.900856772337411,11.928932425307266,18.0,11.438770236379899,23.707581165720853,13.665350591062861,13.66717684998946,13.907713301052013,13.905547962346702 
 06/23  01:30:00,11.867838566979731,11.874530940924277,11.858479693382245,11.885146037190367,18.0,11.39278705659938,23.684180032925088,13.633872086343786,13.635710262595637,13.874380005334558,13.872211805163602 
 06/23  01:35:00,11.825600297044728,11.831982245323852,11.816229933408781,11.84156621250907,18.0,11.346764585820104,23.660793031931,13.60250006339595,13.604350174742876,13.841119716888954,13.83894831892519 
 06/23  01:40:00,11.783429110244873,11.789517812803766,11.774065159147577,11.798144750339933,18.0,11.300597810603376,23.637398626074354,13.57122651961788,13.573088526578204,13.807922454189566,13.80574760684351 
 06/23  01:45:00,11.741301061850942,11.747112359737802,11.731957279043643,11.75484928187484,18.0,11.254389800596574,23.614021319742097,13.540060498141884,13.541934435952271,13.774798168252403,13.772619548829766 
 06/23  01:50:00,11.699200317741381,11.70474891300408,11.689887313364881,11.711660712403969,18.0,11.208055545406184,23.59064068628956,13.508995128995707,13.510880977064858,13.741737992075059,13.739555359273254 
 06/23  01:55:00,11.657116209611965,11.662415816575594,11.647842235119779,11.668541002117468,18.0,11.161678191584068,23.567279368758708,13.47803932493639,13.47993713154068,13.7087516090902,13.706564656175374 
 06/23  02:00:00,11.61504142688476,11.62010488904548,11.605812977495303,11.625486771982585,18.0,11.11518661961748,23.54391832346752,13.447186978014656,13.44909673777147,13.675831044976348,13.673639542324963 
 06/23  02:05:00,11.567960185198118,11.572795788771938,11.558970452421892,11.57762932265497,18.0,11.063929319753969,23.520578203544133,13.401539159793913,13.403453488931746,13.630008142686847,13.62781702742518 
 06/23  02:10:00,11.519200263343327,11.52379782071646,11.510391797396968,11.528077540137843,18.0,11.011844801779995,23.497067870339016,13.354331095142015,13.356251831011775,13.583064172326658,13.580871113727255 
 06/23  02:15:00,11.46948972939809,11.473856405933962,11.46078612600081,11.477546872079254,18.0,10.959755780491042,23.473514649267866,13.306875818899698,13.308802669474176,13.535944156718756,13.533749203655248 
 06/23  02:20:00,11.419163974396891,11.423315468683116,11.410494867335844,11.426378408985475,18.0,10.906495565669799,23.449908163910514,13.25936278727113,13.261295604222823,13.488777341232549,13.48658038261624 
 06/23  02:25:00,11.368418362686013,11.372371551696629,11.359723595960594,11.374776674054448,18.0,10.853229914707889,23.426265204882842,13.211831418455517,13.213770157129375,13.441593490349533,13.439394327248465 
 06/23  02:30:00,11.317376077428722,11.321147800523894,11.308604658761444,11.322872939182526,18.0,10.799360538765654,23.40257859459429,13.164285003442785,13.166229599422081,13.394393396247153,13.392191870175452 
 06/23  02:35:00,11.266117585760655,11.269734851619688,11.257226498896783,11.270755817356216,18.0,10.745486880532331,23.378863160284197,13.116730042943743,13.118680469339893,13.34718404385228,13.344979965674383 
 06/23  02:40:00,11.214696730059847,11.218136635164585,11.20564995175215,11.218486740311343,18.0,10.691278461580598,23.355111995689537,13.069164116855745,13.07112031977232,13.299962437956424,13.297755661757833 
 06/23  02:45:00,11.163150462011602,11.166424472767225,11.153917910380091,11.166072851469389,18.0,10.63706629505415,23.331337790641477,13.02159180614683,13.023553763942289,13.25273386907702,13.250524222481204 
 06/23  02:50:00,11.111504787383359,11.11462231621456,11.10206129292693,11.113569275555212,18.0,10.582661208326153,23.307533777668404,12.974010477858712,12.975978144634723,13.20549521192703,13.203282561302444 
 06/23  02:55:00,11.059778447221976,11.062748113547997,11.050102840992178,11.060997189614284,18.0,10.528252652474366,23.283710892632126,12.926423986018449,12.928397345143367,13.158250942771588,13.156035130371606 
 06/23  03:00:00,11.007985249327685,11.01081511784524,10.998059598817962,11.008372013154023,18.0,10.473729439223765,23.25986256943957,12.878829744088932,12.88080875719288,13.110998008946808,13.108778911751756 
 06/23  03:05:00,10.938184314667527,10.940892971638492,10.929928296774095,10.939705408519334,18.0,10.394631721304096,23.235998286430807,12.820070511309154,12.822071406992222,13.048764940904334,13.046531391746385 
 06/23  03:10:00,10.862524030926885,10.865127845498924,10.85607116591102,10.865369363887178,18.0,10.311623327350706,23.211950782208202,12.760634271944753,12.762661020956216,12.985562426948377,12.98331009660933 
 06/23  03:15:00,10.783627389325071,10.78613506002023,10.77888521438469,10.7877356993314,18.0,10.228742734022596,23.187758660262958,12.701601649565873,12.70365476468288,12.922517887770482,12.92024658840927 
 06/23  03:20:00,10.702693620496083,10.705111961405409,10.699510333324469,10.707939381350748,18.0,10.139909855918976,23.16342822354544,12.643154121812472,12.645233981484694,12.859812533569539,12.857521969526431 
 06/23  03:25:00,10.62041667585553,10.622751442719085,10.618630644010786,10.626661497157041,18.0,10.051095426233713,23.138971727775402,12.585345925578565,12.587452927887,12.797494855886953,12.795184683352659 
 06/23  03:30:00,10.537228097822043,10.53948433997159,10.536685716143573,10.544339389947726,18.0,9.959098820628816,23.114398860929356,12.528208221897103,12.53034277315146,12.735589190284884,12.733259059897364 
 06/23  03:35:00,10.45340796464402,10.455590225731212,10.453969209890161,10.461264987070058,18.0,9.867067553179712,23.089719582761667,12.471768675839996,12.47393119395656,12.674116144779191,12.671765700935225 
 06/23  03:40:00,10.369144580488312,10.371257021738227,10.37068351742203,10.377639268530759,18.0,9.773119988186734,23.06494312950253,12.416054438230617,12.418245352976328,12.613095569580878,12.610724450282532 
 06/23  03:45:00,10.284568661956728,10.286615141682844,10.286972012163307,10.293604413840393,18.0,9.679101544699229,23.0400767628979,12.361092392275964,12.363312142761231,12.55254679186828,12.550154631006023 
 06/23  03:50:00,10.199773726795174,10.201757854071392,10.202938854748574,10.209263545299116,18.0,9.583809234953613,23.01512841241415,12.306910421769203,12.30915946151606,12.492490050482616,12.490076471588907 
 06/23  03:55:00,10.114828656158027,10.116753828624649,10.118661542663867,10.124693237864653,18.0,9.488418304308029,22.990103221140576,12.253536116572036,12.255814907352828,12.432945086168274,12.430509708518514 
 06/23  04:00:00,10.029785655272132,10.031655086855677,10.034199074618483,10.039951657365375,18.0,9.392087844699702,22.965007896839246,12.200998620539565,12.203307639599132,12.373933247071022,12.371475676873501 
 06/23  04:05:00,9.975503527349382,9.977307859490178,9.977823757262252,9.983287752467023,18.0,9.332469737398249,22.93984591509274,12.18175608732804,12.184072833156733,12.349330131973886,12.34686412818877 
 06/23  04:10:00,9.932290074146502,9.934024402704251,9.931981239884209,9.937154358780111,18.0,9.278862509238499,22.915024552824715,12.157648259158577,12.159966917940778,12.327351335638468,12.324885154888875 
 06/23  04:15:00,9.895520746438727,9.897194178840477,9.892446490988188,9.897353531111646,18.0,9.22523862565886,22.890408920765704,12.140527947133592,12.142848681832447,12.30584556602912,12.30337854328252 
 06/23  04:20:00,9.863028366702755,9.864640024555982,9.857180163464182,9.861825675060368,18.0,9.181315927452282,22.86604834319727,12.11763359328637,12.119955732998164,12.287400762678942,12.284932910907969 
 06/23  04:25:00,10.223207167846015,10.135742724397705,9.987364262956918,9.991756709796723,18.0,9.320678177177163,22.841880496200826,12.275472819838228,12.235551918031831,12.346594405803728,12.345928234778512 
 06/23  04:30:00,10.299330091785022,10.196864230311418,10.036765817797988,10.04091903045072,18.0,9.332742758823269,22.830278876975914,12.243259632223499,12.214135595460732,12.339518641797213,12.338825127501195 
 06/23  04:35:00,10.38412154774747,10.263062866362048,10.089479474979392,10.09340142370677,18.0,9.367774554193053,22.80877751168771,12.242642507935443,12.21194438553465,12.335861006326638,12.334967419011605 
 06/23  04:40:00,10.457678890757832,10.321879317491858,10.143061225593346,10.146762582540603,18.0,9.401519692701983,22.789767612146314,12.241062122908488,12.20907675961655,12.333124204156661,12.33185272158687 
 06/23  04:45:00,10.522957126918246,10.375612258401764,10.197653142074975,10.201144221474408,18.0,9.435401026506407,22.77068176190503,12.238491130429622,12.205631752283239,12.330418748130342,12.328574023224633 
 06/23  04:50:00,10.583121967126944,10.42646026642277,10.25331852431143,10.256609398220393,18.0,9.473872070701079,22.751855355161645,12.235540424692545,12.202051029322547,12.327775024392054,12.325526626639316 
 06/23  04:55:00,10.636934053069616,10.474122557044854,10.310014171319347,10.313114699125782,18.0,9.512480764145144,22.733346130114207,12.23128177238442,12.197911802375756,12.325395465352813,12.322994051736998 
 06/23  05:00:00,10.687869609723645,10.520649279682672,10.367653863618145,10.370573740951446,18.0,9.554093174275044,22.71509790372309,12.226920665632349,12.193865798966044,12.323236437725768,12.320737408659852 
 06/23  05:05:00,10.755297942740876,10.583495299893654,10.44284629110624,10.44558993425754,18.0,9.628428373171312,22.697158685083576,12.240244835197927,12.206984704454499,12.346311480650513,12.343734353775176 
 06/23  05:10:00,10.83046755698923,10.653030418217712,10.524771020907924,10.527346568650712,18.0,9.709848172695594,22.68911720150146,12.257259882399126,12.223200538966466,12.370550885226919,12.367928792913688 
 06/23  05:15:00,10.911154970318128,10.726790857419216,10.610731622860822,10.613148239395864,18.0,9.790519988662615,22.67422787752134,12.27571078864537,12.240324415841883,12.390840787787056,12.38819745861548 
 06/23  05:20:00,10.996010084584489,10.803380841796738,10.69933786103108,10.701605147740091,18.0,9.88014065035862,22.661139261607758,12.29517474215811,12.258010636475547,12.418763952563268,12.416098226716827 
 06/23  05:25:00,11.084884894104825,10.88212461731935,10.789607029382886,10.791734668586008,18.0,9.968739872198562,22.648128266481827,12.319947942531769,12.275879486216866,12.439133916997037,12.43645963969368 
 06/23  05:30:00,11.177186100600014,10.962320231281975,10.880893536005562,10.882890973400526,18.0,10.062067390097015,22.635203933031132,12.337574697575633,12.29374627713969,12.466754092430847,12.464074014160019 
 06/23  05:35:00,11.338766524653566,11.098071138060309,11.02287058611337,11.024746541272362,18.0,10.21042291420611,22.62241719044165,12.391967756258964,12.339415952989157,12.51377134405709,12.51115667701572 
 06/23  05:40:00,11.525870523186196,11.252219046674231,11.18276027694588,11.184522622972063,18.0,10.370593718443494,22.612657769430054,12.444997511256815,12.382070722493552,12.5611066388185,12.55857102953081 
 06/23  05:45:00,11.725275433142404,11.415020879378943,11.35289888727247,11.354554813852868,18.0,10.529705786059155,22.60370586998855,12.496937173164497,12.42347405654948,12.60820212196245,12.605749068965906 
 06/23  05:50:00,11.930691083402436,11.581816453572221,11.529399780957457,11.530955712228906,18.0,10.703596906489947,22.59539278704993,12.547738835548557,12.46383213229251,12.655045982170861,12.652677538761111 
 06/23  05:55:00,12.147380305856696,11.751966693691188,11.708663009009701,11.710124627454247,18.0,10.876231289865189,22.587733683741117,12.601321827134711,12.504170865777155,12.7011491400134,12.69886555237781 
 06/23  06:00:00,12.357395145938543,11.919986837219612,11.89108610393916,11.892458423606525,18.0,11.055546947946219,22.58071472536591,12.649748337660071,12.542607284117025,12.747567096019566,12.745368356575227 
 06/23  06:05:00,12.585884407825914,12.106443293490603,12.09074605093869,12.0920357974081,18.0,11.249641699834278,22.57418480861516,12.731996112845309,12.614744820629085,12.822871047492356,12.820751146034695 
 06/23  06:10:00,12.819590970761343,12.298547913730115,12.29745578104532,12.29866742360222,18.0,11.450590015466291,22.57217100129794,12.82554992499746,12.698490461856977,12.910231186278907,12.90819480679636 
 06/23  06:15:00,13.055410028879697,12.493335365340561,12.508568605819319,12.509705874040344,18.0,11.651554288579833,22.58865705033561,12.919226954403257,12.78259777266328,12.998118724309677,12.996159080023517 
 06/23  06:20:00,13.291829104705851,12.689383830832535,12.722685181363124,12.723751378181648,18.0,11.859166293874651,22.60392262691904,13.010473410101383,12.864518264969888,13.083930527736698,13.082051277873745 
 06/23  06:25:00,13.527956554480934,12.885862606047015,12.938908510230375,12.93990667445279,18.0,12.066774642911525,22.61848870789009,13.099979103067028,12.944952233330241,13.168460915515368,13.166659611425928 
 06/23  06:30:00,13.763247437233066,13.082264008091576,13.15662858897733,13.157561601105224,18.0,12.278321597904899,22.632098488100095,13.18792920340502,13.024086243810189,13.251870865077251,13.250145785027371 
 06/23  06:35:00,13.91879693926363,13.228647721588358,13.330816071846074,13.33168680419672,18.0,12.435685800054413,22.64513973354699,13.24056425183494,13.080679987482256,13.314072372749024,13.31240108545245 
 06/23  06:40:00,14.04935031086799,13.359097574812122,13.489719028953568,13.490530346720648,18.0,12.58577930280553,22.654737030529805,13.291617825837534,13.13571537826158,13.37450412889541,13.372878618657296 
 06/23  06:45:00,14.166960723161726,13.481105659363934,13.639686800671477,13.640441500347471,18.0,12.735776470103113,22.66331228590496,13.34278118188422,13.190511961233483,13.434274388539677,13.432693080350361 
 06/23  06:50:00,14.277181726136309,13.598123205118714,13.783762299800301,13.784463142274996,18.0,12.872940058550874,22.671054459590234,13.39415864335092,13.245182792929313,13.493517109845925,13.491978668601632 
 06/23  06:55:00,14.383170679705353,13.712119357863529,13.923769813820035,13.924419537152106,18.0,13.009954899028473,22.678109996933966,13.44576234949335,13.299777412606318,13.55232831849537,13.550831276603788 
 06/23  07:00:00,14.486819607141076,13.824281533282429,14.060875822631946,14.061477143029455,18.0,13.140173700317842,22.684615341352643,13.497594543243792,13.354334071293579,13.610790205101239,13.609333033885832 
 06/23  07:05:00,14.625687038665511,13.96897070155897,14.223049588914524,14.223606587945376,18.0,13.310757418705672,22.69064743610938,13.622868267402112,13.481188171064787,13.737805992315316,13.736381693154044 
 06/23  07:10:00,14.77698259767902,14.125060536246286,14.393842080498475,14.394357665124616,18.0,13.48590250153995,22.77659750265096,13.709259716323118,13.56856316714584,13.818946115117342,13.81752166854875 
 06/23  07:15:00,14.936141001128941,14.288229267919094,14.569839523487417,14.570316304020226,18.0,13.662163744514876,22.73345602894799,13.78570743980788,13.645828601981862,13.889045005557819,13.887687195923604 
 06/23  07:20:00,15.10113548413739,14.456542749100246,14.749497595309577,14.749938008231606,18.0,13.848996914892146,22.68614410811563,13.87013909962593,13.730994402671683,13.96777703164571,13.966461122164674 
 06/23  07:25:00,15.270803806012935,14.628893433371752,14.931926803942414,14.93233315363757,18.0,14.037170605412356,22.640273995480154,13.959598773798348,13.821089516698805,14.051639346039451,14.050365587031479 
 06/23  07:30:00,15.444425014371344,14.804599494299639,15.116579875288652,15.116954353312313,18.0,14.23272284070703,22.6000685969961,14.053398883373347,13.915422949385174,14.139907653265368,14.13866995495789 
 06/23  07:35:00,15.706516984791271,15.028739592296871,15.34893896138725,15.349283625025222,18.0,14.492891191629521,22.56493658305347,14.188610112380104,14.03313395636934,14.252914915344434,14.251722906759369 
 06/23  07:40:00,16.000725728569854,15.27061700139254,15.599809483705934,15.600126277903376,18.0,14.772469308266068,22.53790872425349,14.331754643220165,14.158188146585871,14.373681694933452,14.372543174550742 
 06/23  07:45:00,16.31446956841655,15.523270537862487,15.862485840718405,15.862776641014817,18.0,15.055184509442586,22.525733611297415,14.477564994826139,14.285724359606661,14.497134129533322,14.496045490037147 
 06/23  07:50:00,16.64172864098689,15.78502849620889,16.13541814322122,16.13395245421416,18.0,15.364141111827356,22.516493132774272,14.624023046012951,14.41447900757396,14.621902515481224,14.620169037052676 
 06/23  07:55:00,16.978899707363876,16.05841606787745,16.42130033022859,16.411657012682905,18.0,15.676721376487546,22.50952864187638,14.771226462631603,14.545973318668644,14.749731446206624,14.745061691452293 
 06/23  08:00:00,17.323671588006455,16.33933884305685,16.715933692385732,16.694596905585914,18.0,16.008907718533514,22.50430893729041,14.919035062627927,14.678343771913376,14.878675906378533,14.870586706010727 
 06/23  08:05:00,17.631267387227933,16.59071089009947,16.9946853708723,16.958896257076315,18.0,16.290145389674628,22.500468792633434,15.123876168984452,14.870486608977046,15.085422077075236,15.073414400520164 
 06/23  08:10:00,17.925247664376098,16.83219052274246,17.269604638101917,17.216922297009575,18.0,16.571774009969918,22.75150111140168,15.288143845089962,15.022340421723527,15.252297664564992,15.235995985116517 
 06/23  08:15:00,18.2099963256472,17.067563017479653,17.54280914373641,17.47101284649011,18.0,16.851862408142846,22.842066253436613,15.415536648453099,15.141574706786514,15.384187073590624,15.36324109877279 
 06/23  08:20:00,18.487355785016646,17.29847416673713,17.815135100047836,17.722164694444025,18.0,17.12200172622267,22.92556057926666,15.541467574495982,15.257886414143343,15.51384789781855,15.487741241197114 
 06/23  08:25:00,18.758339662724875,17.52586049894973,18.08701612971739,17.97093616975076,18.0,17.3906484530885,22.999898272891603,15.66349740160149,15.370801665525391,15.640450709561208,15.608714181907658 
 06/23  08:30:00,19.02354972862115,17.750300522656442,18.358690145713354,18.217667467842432,18.0,17.652596494599994,23.067511347919773,15.782325260034384,15.481076771891196,15.764786043135928,15.726953139925001 
 06/23  08:35:00,20.12506070999737,17.96646313147124,18.75317336495251,18.45662679661922,18.0,18.13929561960772,23.129689250480144,16.294638737197374,15.587539935467703,15.938853976981704,15.84106518036458 
 06/23  08:40:00,21.022763460066034,18.242142994567786,19.195769737776097,18.75836632054354,18.0,18.666960960284495,23.19744733510976,16.577736620836163,15.723230808102073,16.117304968702,15.987136820192575 
 06/23  08:45:00,21.898661294723517,18.53620120455947,19.674579733452507,19.080849762610214,18.0,19.196480305001668,23.26027099276735,16.85284401385627,15.857602094838626,16.299498251819728,16.131556477436106 
 06/23  08:50:00,22.75874442183154,18.83966847972986,20.182818576829685,19.414729846238174,18.0,19.79006413011483,23.321603174545228,17.121160460199576,15.991097458410252,16.486577619179798,16.275167244504814 
 06/23  08:55:00,24.130084102722893,19.100016775450854,20.79910707505267,19.704922350538233,18.0,20.384666010481713,23.38160121847426,17.631236093988036,16.102748280664912,16.72412134627581,16.394951037962414 
 06/23  09:00:00,25.108672602390687,19.38776297604983,21.38703508160853,20.024415557165604,18.0,21.015559690867956,23.446558370258927,17.87567295940812,16.232307212032197,16.919590433863448,16.534822476166823 
 06/23  09:05:00,26.034647506210902,19.70351875145184,21.996684541045724,20.358665675857143,18.0,21.696063333138092,23.505679368834773,18.123014304076605,16.356177435900463,17.10761752937566,16.655061832829915 
 06/23  09:10:00,26.91619144254311,20.030818395674622,22.62615330852255,20.699934110458532,18.0,22.41753434723232,23.538958017116556,18.36693604307743,16.483036082672243,17.305514203540156,16.77775049202677 
 06/23  09:15:00,27.760411951549745,20.365575308504813,23.275061216732517,21.045795738966714,18.0,23.149073117929365,23.584792445145613,18.607100233192682,16.612953760800337,17.513170074489153,16.90343949150929 
 06/23  09:20:00,28.57079778310603,20.70573261476802,23.942844102497364,21.394891291402086,18.0,23.92384431641483,23.631372191484484,18.841267413720743,16.743415179119324,17.729227087777303,17.029521682611005 
 06/23  09:25:00,29.34880137079765,21.050029592863773,24.628783206786984,21.746334690981865,18.0,24.708597879060914,23.678780102914555,19.069236618283696,16.874337640957265,17.949426890263567,17.155960963284883 
 06/23  09:30:00,30.094774218088588,21.397635825644947,25.33206896995142,22.099509628700616,18.0,25.530655130715683,23.72688387159737,19.290684811020924,17.005634252945356,18.17286466287385,17.282673419943933 
 06/23  09:35:00,31.18672432328603,21.485459675481362,26.048528846170385,22.18124274395591,18.0,26.31096977097117,23.77552603350849,19.68238177134731,17.012266075877506,18.398022239872716,17.2767166736254 
 06/23  09:40:00,31.929821069427042,21.63660037087055,26.70904040639636,22.325073911098606,18.0,27.119001576840144,23.820392241483614,19.859898056490692,17.092868121229458,18.59356320692291,17.34760676257713 
 06/23  09:45:00,32.56493664786866,21.78978725683772,27.363045640828343,22.469120809625654,18.0,27.939622954798416,23.863044424337968,20.035285103989168,17.17095165015428,18.794584881224182,17.41717941465538 
 06/23  09:50:00,33.12552410934026,21.94140218296877,28.020885327710495,22.610132461497322,18.0,28.781895469710555,23.90503092911677,20.201581208441553,17.24866072128276,19.001152546808783,17.486689698063174 
 06/23  09:55:00,33.987237787137126,21.96727430937443,28.82533682677065,22.620002014885216,18.0,29.63607320865141,23.946333874286303,20.530042753276234,17.26344238581828,19.284491819733375,17.491325232008137 
 06/23  10:00:00,34.53159185063012,22.071233053819256,29.557929271250575,22.708756235285733,18.0,30.517809591747653,23.9898467436611,20.662182906637668,17.344236234794664,19.500386957120554,17.56286994976665 
 06/23  10:05:00,34.88872369899827,22.14699031056603,30.237687151685197,22.778525502657423,18.0,31.30725625940585,24.03057068348503,20.7190690570161,17.368211525728952,19.67180463342362,17.58448580404678 
 06/23  10:10:00,35.13979774516494,22.215443931643506,30.903052060088445,22.843814184552066,18.0,32.10054935390619,24.064381735438634,20.757068176178223,17.389024614456332,19.844249601324236,17.604159312239517 
 06/23  10:15:00,35.30633887586222,22.280062787144114,31.562804629076684,22.906777032020145,18.0,32.89734425904214,24.100373929472006,20.77839994388853,17.410102018732914,20.01932807545171,17.624337326290743 
 06/23  10:20:00,35.39919399431167,22.342416461188186,32.22080204398414,22.96839668181663,18.0,33.68271244644595,24.135998222259495,20.781868695334026,17.431386925263382,20.19628831960364,17.6447851462907 
 06/23  10:25:00,35.424616436541356,22.403487283976034,32.87884527254329,23.02932654582519,18.0,34.47078122501961,24.171265331815086,20.768271733875963,17.452943977048562,20.3747090287834,17.66553606269167 
 06/23  10:30:00,35.3748558182781,22.32926707608978,33.506971960038804,22.950930422157647,18.0,35.255839963403645,24.206188077405745,20.723300219417865,17.4120196083133,20.539518226157952,17.619292293850663 
 06/23  10:35:00,35.09443503118355,22.309398294011775,33.99455218985788,22.927763586223787,18.0,35.78798864242923,24.23656234725645,20.575693483006944,17.41635581416392,20.63671297983751,17.622597382926187 
 06/23  10:40:00,34.71552915856686,22.297246749769823,34.429716007748226,22.912445055120095,18.0,36.2722664943358,24.26640379304759,20.41305709444987,17.42107728814358,20.731296620650824,17.625570941552837 
 06/23  10:45:00,34.26722676809801,22.28792925027945,34.831034123092685,22.900039323543147,18.0,36.75553882431391,24.295163504141733,20.236326314715143,17.42592127199532,20.823303938107244,17.628478460884708 
 06/23  10:50:00,33.76408913430335,22.280295108328627,35.207442133460454,22.889379025685354,18.0,37.16161047680807,24.323019004203616,20.041169057013803,17.43095656246078,20.912760277975508,17.631483276146355 
 06/23  10:55:00,33.21495503391976,22.27393479135643,35.56414085961196,22.88004553106591,18.0,37.56689659169227,24.350031960563864,19.837443986149196,17.436221530806165,20.99958577217251,17.634647235540626 
 06/23  11:00:00,32.62552888498369,22.268719282781813,35.90428505416765,22.871906072222647,18.0,37.92567656901956,24.37631474331877,19.62209483507081,17.441774513486507,21.083722023866585,17.63803991503437 
 06/23  11:05:00,32.041732508648764,22.281721354473333,36.2593857912529,22.8750090209926,18.0,38.39748760340507,24.401935664342645,19.413298940099708,17.454418152574192,21.178510196903403,17.646072575927292 
 06/23  11:10:00,31.434787362805288,22.30192207371403,36.61161474805502,22.883003875783782,18.0,38.86224206783021,24.43276502355864,19.19448219108415,17.467914244719168,21.271067492976385,17.654119854041255 
 06/23  11:15:00,30.799778663282762,22.327049618854097,36.95795269899334,22.89459740210699,18.0,39.328209363493144,24.460209324121788,18.968024495938266,17.48145643447242,21.360598981978114,17.661883363632796 
 06/23  11:20:00,30.1346114918022,22.35609038102133,37.29697999594027,22.909226970161214,18.0,39.811362166509575,24.486913589465463,18.737985043822903,17.495522277801456,21.44753287320475,17.6700348947428 
 06/23  11:25:00,29.43808385811407,22.388486543998056,37.6277636354316,22.926595404151747,18.0,40.29496729187551,24.512988450931466,18.508625769526134,17.510176597502664,21.531790756217845,17.67868321748233 
 06/23  11:30:00,28.70940443194433,22.423915501108173,37.94959582221639,22.946540365883962,18.0,40.78817521795625,24.538547489542253,18.28375113616096,17.525450269131852,21.61329515076767,17.687889956220204 
 06/23  11:35:00,27.947664886337222,22.48146561124503,38.19994982410235,22.98873117187002,18.0,41.1743531217122,24.563723161360247,18.086330738240747,17.55256658084977,21.657396219828115,17.707684940167667 
 06/23  11:40:00,27.162463846063858,22.548293987733373,38.41957098555133,23.040148970520708,18.0,41.546149906294936,24.58920648078513,17.91556767274193,17.578652272777163,21.698119283626966,17.727878907463946 
 06/23  11:45:00,26.356989829025633,22.621666966685527,38.61623997909471,23.098008407940767,18.0,41.91712030505791,24.614663271672658,17.780142471511965,17.605425386039542,21.735436225338503,17.74891626833073 
 06/23  11:50:00,25.533189557036938,22.700353791957525,38.79366727358665,23.161038493227075,18.0,42.25686502383763,24.640159972758283,17.687845622836335,17.63302321206288,21.769426599940118,17.77083262151774 
 06/23  11:55:00,24.808202917525946,22.783687831865524,38.95405612139276,23.347343792409426,18.0,42.59598805361482,24.66582454751126,17.661981561373693,17.661620922283646,21.800228747264725,17.812524480167667 
 06/23  12:00:00,24.469914786682963,22.87130011900378,39.09879714577042,23.95001479085595,18.0,42.91486902330128,24.692430790390482,17.69132074210893,17.69154461816771,21.828132937440273,17.934656330607766 
 06/23  12:05:00,24.20725646280484,22.90933832335349,39.128484625076695,24.678954180613427,18.0,42.858678881967386,24.721125004935036,17.70269865326634,17.702880437476495,21.818810013572545,18.10492691473371 
 06/23  12:10:00,24.009248728025955,22.932156905562483,39.11244514335175,25.48654151069886,18.0,42.72347935279994,24.73325038894187,17.716333863652665,17.716328966728156,21.804196054223894,18.318328093717355 
 06/23  12:15:00,23.85748138736183,22.947370794665815,39.06485066539136,26.342079949852593,18.0,42.58886904484496,24.749420262072885,17.733591344452634,17.733328112120603,21.789209209267142,18.570198975951655 
 06/23  12:20:00,23.73940514099662,22.958700973080166,38.99283778153081,27.22559117204552,18.0,42.33356779681884,24.76803076166582,17.755603799661742,17.75501094417831,21.77314582189365,18.84309244217019 
 06/23  12:25:00,23.646619244949964,22.968377352958147,38.9008094732393,28.12365758703751,18.0,42.08196604353286,24.78895501844905,17.777915155634673,17.777014799708525,21.755684063882825,19.130518487916675 
 06/23  12:30:00,23.573353096173168,22.977796581959137,38.79165867548914,29.02702354322398,18.0,41.76229846329954,24.811863601263767,17.801962771424314,17.800775141581937,21.736595069528676,19.42716182857373 
 06/23  12:35:00,23.47185696126071,22.94411901720973,38.39827191350466,29.762927303462202,18.0,41.052933896658644,24.83656837765911,17.806690228032437,17.80536012293578,21.575161466393126,19.65638170030911 
 06/23  12:40:00,23.369044584131576,22.897759512458652,37.91087406896416,30.410094808104205,18.0,40.248701902919564,24.858193427293998,17.81183142271118,17.810404587688822,21.416612284978555,19.866441646344583 
 06/23  12:45:00,23.44955025192257,23.02605683757883,37.44360698623243,31.091694435520584,18.0,39.459150545569315,24.880024568618566,17.90210351009455,17.900591735355988,21.29463897672656,20.112285726022492 
 06/23  12:50:00,23.409579382292712,23.02696971350047,36.89727649761285,31.62261433570203,18.0,38.55525831444693,24.90905574583332,17.909840380685694,17.90832370263331,21.144284998539092,20.27392115435066 
 06/23  12:55:00,23.3468001785295,22.99943251573103,36.32047709417749,32.068729952211676,18.0,37.668701611134146,24.932360041018185,17.916905244151906,17.915472193132018,20.99413584780848,20.413643541899432 
 06/23  13:00:00,23.275729009991544,22.959050621544073,35.72583888125867,32.44111510781954,18.0,36.73505629060277,24.955487823989653,17.92473789759191,17.923438087590625,20.846123464950608,20.529548698615372 
 06/23  13:05:00,23.21065430552167,22.92017227871645,35.13841937130561,32.75946827992792,18.0,35.90241285946805,24.97827465268083,17.934063863472943,17.932931131058695,20.703313149946496,20.624369824995313 
 06/23  13:10:00,23.14758334970113,22.880080025901187,34.549330253835144,33.01731317794293,18.0,35.0648998553468,25.02209154912205,17.941502391342624,17.940574985594367,20.561558752017447,20.69522814263314 
 06/23  13:15:00,23.086607876370856,22.839491265889208,33.95949349950879,33.21478973915041,18.0,34.2365022447396,25.061002911398695,17.946549278416796,17.94583564350677,20.418921448805975,20.740902876141206 
 06/23  13:20:00,23.195901177761844,22.9670900307221,33.23685121452264,33.14734311824798,18.0,33.42899051975904,25.097031908302277,18.023842899250553,18.02333949322832,20.21080344255546,20.67070975171947 
 06/23  13:25:00,23.193366030487542,22.98107569000121,32.61761246800809,33.145799093151105,18.0,32.63113746062416,25.131023863087147,18.02824012921303,18.027875845160168,20.079362592195196,20.66732676900739 
 06/23  13:30:00,23.168645609628502,22.97129522595308,32.02486270752274,33.11134913951966,18.0,31.853556156621192,25.162693144353355,18.031132726653823,18.030951030392487,19.94712121348539,20.646777808666798 
 06/23  13:35:00,23.085651049275377,22.901873358614626,31.509119013047073,33.14766762563977,18.0,31.223088472451487,25.192576962675485,18.014650723375212,18.014639468523683,19.850371330004805,20.667180690393025 
 06/23  13:40:00,22.981270983486933,22.809872739467387,31.021407090605077,33.18702643169296,18.0,30.631841347494678,25.219581026938705,17.994883997436318,17.99504910786993,19.75383312930478,20.682696930036798 
 06/23  13:45:00,22.864742406227048,22.70468514893654,30.55047363945917,33.21638314295047,18.0,30.045572860897007,25.2449317063805,17.969499860618498,17.969868843195115,19.657258265368455,20.69000993504028 
 06/23  13:50:00,22.74065860375108,22.591029023175786,30.0909359949363,33.22997538618952,18.0,29.50962287894402,25.268911641738704,17.946854382401114,17.947385504068166,19.560060467925837,20.689801563798255 
 06/23  13:55:00,22.61173637342204,22.47172464838905,29.639791427658633,33.22470408542738,18.0,28.978506228585147,25.288276566761194,17.923608282208534,17.92428277373608,19.46249087490679,20.6816199495658 
 06/23  14:00:00,22.479672484931843,22.348555502172566,29.195338647241975,33.19887046170235,18.0,28.47943459150121,25.305803650764556,17.900187269356593,17.900989549973133,19.365478704184454,20.66678157686306 
 06/23  14:05:00,22.374938684561457,22.25158233336759,28.787019506740158,33.19105946171565,18.0,28.067206860305713,25.321723361490125,17.89004285242015,17.89094061019898,19.279731414521166,20.657849946006877 
 06/23  14:10:00,22.277457298575012,22.16118152172375,28.392219520216532,33.17376641043987,18.0,27.686490546861645,25.326540590904948,17.881826671435363,17.88281150952423,19.197648271077867,20.648556418418877 
 06/23  14:15:00,22.183265552607992,22.07352260670923,28.006028999324126,33.141289053075646,18.0,27.305293811790953,25.338327675391522,17.875126902903844,17.876189268344206,19.11737073099812,20.636661102253868 
 06/23  14:20:00,22.090614180628105,21.9869367553946,27.626185612845482,33.09095797057674,18.0,26.95602429326226,25.349397747784202,17.868398705039,17.869519424687212,19.03739614137737,20.619509692189695 
 06/23  14:25:00,21.998520510142082,21.90049926819733,27.251479394104603,33.021273559239354,18.0,26.606650254601494,25.359563185786087,17.861330434069203,17.862489149418934,18.957173081678093,20.597201453845628 
 06/23  14:30:00,22.030856145421495,21.938144629704755,26.823410337243683,32.46077215453797,18.0,26.274993400217284,25.368971255180604,17.90832213925148,17.909471694438366,18.851463440427324,20.35190685369099 
 06/23  14:35:00,22.06710834451146,21.979398059195393,26.594113159322948,32.46062416238955,18.0,26.153805172501396,25.374961616919904,17.940880034657198,17.94201807055026,18.846792444900075,20.442344003870062 
 06/23  14:40:00,22.114031537880386,22.03102972966433,26.424789906911112,32.60051177669977,18.0,26.078819220906187,25.38921533681687,17.974707007580946,17.975838117633145,18.84427508163219,20.535651117735938 
 06/23  14:45:00,22.168446120565438,22.089881634823996,26.287644974284547,32.8141516494867,18.0,26.00326505296989,25.404018771309037,18.00827427165865,18.009378875428183,18.84155489956595,20.63003504372614 
 06/23  14:50:00,22.227832110644485,22.153452765732716,26.169619423484125,33.07412710410303,18.0,25.989207449383162,25.419182927980035,18.041682899279863,18.042744115514324,18.83826425105599,20.725417591585938 
 06/23  14:55:00,22.29047369803355,22.220044330634146,26.062883641555718,33.36520983983434,18.0,25.97491245665753,25.43451632961892,18.074891491481424,18.075892710215157,18.834292267571527,20.821846792586484 
 06/23  15:00:00,22.355176084802928,22.288476949369038,25.962371104418924,33.67835039327331,18.0,25.99456904541957,25.44997778150878,18.10788633091613,18.108811826703914,18.82968229383721,20.919450011964386 
 06/23  15:05:00,22.389703983097505,22.326530755663423,25.834089045856555,33.97737859080548,18.0,25.972865180790972,25.46542823092091,18.09555318595517,18.096397518685308,18.77496065047194,20.96872515778159 
 06/23  15:10:00,22.41444398583764,22.354600358737244,25.695765218200822,34.27975951894088,18.0,25.964115282062096,25.480248880595298,18.07723380491035,18.077986904432976,18.71538690371068,21.016066795539814 
 06/23  15:15:00,22.433328925420565,22.376631654426184,25.54981765735826,34.587714757636526,18.0,25.955428177139886,25.494859098798695,18.056436058664758,18.05708545529859,18.654647979787114,21.06447744156435 
 06/23  15:20:00,22.4480006495969,22.394278162582907,25.396795070402575,34.902162828565686,18.0,25.948247600636833,25.50935379882533,18.034410554915496,18.03494654658016,18.593553931480187,21.114565420775023 
 06/23  15:25:00,22.45929466274341,22.408385993372523,25.236646829064032,35.22383450884349,18.0,25.941178828724645,25.52362622170754,18.011569809393507,18.011985778303597,18.532285086714523,21.166530865437153 
 06/23  15:30:00,22.467625931067825,22.41937981242331,25.06900894808839,35.55348613147771,18.0,25.936268981270455,25.53775896610762,17.98810284999911,17.988396509355198,18.471032993347308,21.220632847582124 
 06/23  15:35:00,22.35393754576458,22.30820247867944,24.75676767775982,35.60311028157187,18.0,25.73385243463481,25.551663057973972,17.902595895084573,17.90278241951694,18.344156187289627,21.14530354957691 
 06/23  15:40:00,22.19734124541086,22.153970223234314,24.393108103961417,35.558179142774875,18.0,25.49648798009822,25.55702947020802,17.81968281803222,17.819804758311534,18.217143994506614,21.063640353259302 
 06/23  15:45:00,22.014515590284372,21.973374713851275,23.99821569470619,35.454178119571075,18.0,25.25740219079283,25.560792779701956,17.73647866642233,17.736551592929175,18.092816436219948,20.9782271146762 
 06/23  15:50:00,21.813202178263364,21.774167731555067,23.581807324489414,35.30751273622972,18.0,24.962809942733077,25.563209063407218,17.652354651960138,17.65240147620682,17.97185395149114,20.889216547307683 
 06/23  15:55:00,21.59789518756841,21.560852093158264,23.149702947859993,35.127659641495825,18.0,24.66623708005935,25.564318338010604,17.567132565960605,17.56718643601664,17.854802848674638,20.79651227742181 
 06/23  16:00:00,21.371370767999892,21.360929095655756,22.731476509738393,34.920426533677215,18.0,24.3367449799461,25.56437926682045,17.48091212319804,17.486993892427563,17.748793233486367,20.70019304904656 
 06/23  16:05:00,21.113334340298454,21.19949892078018,22.366893262271457,34.64145062437875,18.0,23.92982380491554,25.563766438951788,17.39736043578398,17.421969263171263,17.667261786980987,20.596730757376747 
 06/23  16:10:00,20.8424620945716,21.048009299273833,22.01954074879865,34.32754348094206,18.0,23.49504317888073,25.570679154395222,17.312405873784485,17.35842522324822,17.584397610988503,20.488353959423762 
 06/23  16:15:00,20.563763923184492,20.8998702231436,21.681368394337994,33.98753819690262,18.0,23.065466213722956,25.570951001336855,17.22687771391429,17.296692723087006,17.500525381827686,20.376321360898487 
 06/23  16:20:00,20.27992067040065,20.75189618833513,21.348552424330297,33.62611611395484,18.0,22.611638387682245,25.56999969574897,17.141747257628367,17.23743532787762,17.41660837407119,20.26170741422368 
 06/23  16:25:00,19.992623735940043,20.602189485316543,21.018842876645785,33.246237948383985,18.0,22.163287931969624,25.568076977287845,17.05698202041077,17.18031599008782,17.332582259262495,20.14449035400503 
 06/23  16:30:00,19.702990068715412,20.44953287425716,20.690822423171767,32.84988987830055,18.0,21.707303851831778,25.564838657349355,16.972514367868882,17.124958480657256,17.248371002278077,20.024629875002915 
 06/23  16:35:00,19.444816139197368,20.301989131177404,20.398632446652275,32.2252411682564,18.0,21.222425343492578,25.561078195656968,16.902636664125794,17.080802353647982,17.179942460263817,19.801111838162456 
 06/23  16:40:00,19.198359491670697,20.148225242344953,20.1208995469818,31.517735469859556,18.0,20.73937891294895,25.55652457568175,16.834012738380807,17.03542424500074,17.112170360713776,19.579465839202726 
 06/23  16:45:00,18.959828563869788,19.985024910114173,19.852898492568762,30.75749454203999,18.0,20.26849003292144,25.55114029741404,16.766473832655777,16.987966916705147,17.045093982505136,19.35571851649331 
 06/23  16:50:00,18.727594145300063,19.810676155220197,19.592345275002394,29.95929051241722,18.0,19.804673646371196,25.545069308836364,16.69998094288161,16.937754411765866,16.978681214328503,19.129823200591773 
 06/23  16:55:00,18.500754604806307,19.624128732918543,19.337865769352717,29.132195822364345,18.0,19.352838662105697,25.53825569633989,16.63447334804289,16.884194317785386,16.91286397203953,18.901639241134262 
 06/23  17:00:00,18.278772960251857,19.42471521837437,19.0885794834382,28.28222687536436,18.0,18.91747833121013,25.53077649727418,16.5699518443231,16.82686190087037,16.84764432546598,18.6706000978279 
 06/23  17:05:00,18.071517938445968,19.132328839632528,18.84266357406895,26.886669599428494,18.0,18.57119723099381,25.52256435816127,16.523001541133567,16.743240645138314,16.789953476839287,18.191318568952624 
 06/23  17:10:00,17.901055523840444,18.922571618539838,18.633136302643567,25.89784896428476,18.0,18.249151041387954,25.457893250095395,16.498384077501555,16.714401756120708,16.756302115507367,18.00878896780489 
 06/23  17:15:00,17.74328840886737,18.720813915367337,18.436801155730837,24.984318526965147,18.0,17.928893931108945,25.43993618714452,16.482889973246643,16.690436007743187,16.732404692160742,17.83004724356823 
 06/23  17:20:00,17.592453576625367,18.51341208045307,18.248282891933478,24.097328988432213,18.0,17.637770561669225,25.422055131427772,16.467025854662893,16.660254177859656,16.707852219870233,17.648138240638957 
 06/23  17:25:00,17.445746227527753,18.294246453741973,18.064937865627286,23.218229942882182,18.0,17.348951666048876,25.404021117799957,16.450791413236573,16.623503425536683,16.682852191104928,17.460262484063264 
 06/23  17:30:00,17.28937334753517,17.93860827351996,17.872285319628595,21.87582193205693,18.0,17.07838980514584,25.38513428895547,16.428397404814575,16.52759045770256,16.650916149937984,17.05628989147408 
 06/23  17:35:00,17.158638999337494,17.740194215711917,17.70762713351281,21.177791450974322,18.0,16.88173931633526,25.358375242512825,16.417478613328853,16.51668851802816,16.63255936976975,17.024459728376314 
 06/23  17:40:00,17.03526234899147,17.580699493092347,17.55209315189959,20.65945167493001,18.0,16.706283895603143,25.340657285979297,16.409225306934218,16.509082930238662,16.617027297339575,16.994596756303622 
 06/23  17:45:00,16.915360657423243,17.439511174677964,17.40153553403889,20.23702753674211,18.0,16.528970709347263,25.323253735582256,16.400932199399392,16.50319252077452,16.601422910150745,16.96454001777215 
 06/23  17:50:00,16.79709189043546,17.308066036055386,17.25392726849233,19.87413962630385,18.0,16.374554764477136,25.306149055063166,16.392576849118427,16.496403301899363,16.58577060568433,16.934022678569875 
 06/23  17:55:00,16.679337562636455,17.181503855108307,17.108011786436986,19.549753731118148,18.0,16.21854195075058,25.28930855769302,16.384187833455712,16.488579483475405,16.57010634913263,16.902994364169217 
 06/23  18:00:00,16.563313533835696,17.0521615523559,16.96500017210961,19.232614924554014,18.0,16.073709719049724,25.272583355515923,16.376554827641257,16.47790225460983,16.555299832004494,16.86298919620151 
 06/23  18:05:00,16.43307729504071,16.91145160433556,16.8094047288461,18.927579365103504,18.0,15.90653475334137,25.25570415451222,16.305133631035233,16.404720762264674,16.472817224403002,16.76214284800824 
 06/23  18:10:00,16.297530805687554,16.764915383979176,16.649377898647156,18.630011913281358,18.0,15.741371752271057,25.11242165958125,16.242040883901268,16.33917553806691,16.40071187232826,16.67144250789636 
 06/23  18:15:00,16.15840926151643,16.613077016889726,16.486501273032303,18.336468667993216,18.0,15.575291316123083,25.03851845642927,16.194067485687924,16.287844103562236,16.345321757531565,16.596204070848216 
 06/23  18:20:00,16.01644094447686,16.45573388755554,16.3214394459731,18.044133786696957,18.0,15.40614305387574,24.970015854506435,16.14829625147769,16.237620672845594,16.292316689400877,16.522026437959084 
 06/23  18:25:00,15.872008853823013,16.292372423047794,16.154543595344435,17.75053646789898,18.0,15.2360682253141,24.90735037731703,16.104323849551122,16.18798421488725,16.241400510902167,16.448396596712655 
 06/23  18:30:00,15.725315920327265,16.12222501301618,15.986000053186325,17.45332643812936,18.0,15.063723638577653,24.849656837479166,16.061666453906355,16.13826338537251,16.192050866579507,16.37448293988041 
 06/23  18:35:00,15.59537450370888,15.991650449783675,15.835611006202383,17.23558215280901,18.0,14.916843184121916,24.795332252134887,16.028653633626732,16.109438936624258,16.15334358802272,16.339235943956055 
 06/23  18:40:00,15.470197770745235,15.875077248265265,15.69110469522216,17.049544054228033,18.0,14.7726320267698,24.745727484585522,15.996980349925934,16.08301416795632,16.116087989859977,16.307256303353768 
 06/23  18:45:00,15.347139868723795,15.767861765707266,15.54968869893513,16.88564903944446,18.0,14.627499780210247,24.699027935286043,15.965933213936296,16.05831515241789,16.079605535143116,16.27795293088036 
 06/23  18:50:00,15.224952324682622,15.668693801878117,15.410010365420241,16.740474118091942,18.0,14.48783830087276,24.654619246069274,15.935264834722943,16.035452254824406,16.043638068147573,16.25161590771154 
 06/23  18:55:00,15.10289852349758,15.572840515101005,15.271255050563784,16.603460653331336,18.0,14.347633220779887,24.61235896015357,15.90494830009925,16.012683288446055,16.008158953795714,16.224359336269686 
 06/23  19:00:00,14.980524992796374,15.448745002166685,15.132911486082781,16.413168983346527,18.0,14.21107165687274,24.5716314384099,15.87468964360437,15.976192976287507,15.972850738588477,16.168962495887627 
 06/23  19:05:00,14.819261839854077,15.27340127545844,14.958220856786467,16.165696835332163,18.0,14.028953796037237,24.531350085474816,15.777889143819948,15.871329031012351,15.871407474110867,16.045458992117005 
 06/23  19:10:00,14.643621465054418,15.072697806299614,14.769957769827975,15.888184573522718,18.0,13.838421205335717,24.483695881038546,15.676861344428687,15.760164887728251,15.76661082274876,15.915957510301155 
 06/23  19:15:00,14.459264135132855,14.850260321627864,14.573500622806545,15.584000969133633,18.0,13.646879591874852,24.440043600945366,15.576151889047424,15.646044865765873,15.662384971363508,15.782535194670345 
 06/23  19:20:00,14.26907639847407,14.60422029437824,14.371659044430075,15.249701234175184,18.0,13.441457809822925,24.39709971909166,15.475660334011536,15.526971959860703,15.55848238588925,15.642209342307979 
 06/23  19:25:00,14.074916856605446,14.33047512604423,14.166278801435361,14.879721748408146,18.0,13.234729107611747,24.354685374716595,15.375513812681504,15.401186562180612,15.455009385485084,15.492766067471848 
 06/23  19:30:00,13.806820267264298,13.976506886817598,13.885287223994423,14.4325043737745,18.0,12.93755680723547,24.312445306254894,15.242477670815333,15.24475075920219,15.31679015610797,15.315159859371192 
 06/23  19:35:00,13.631892909246176,13.760314717467578,13.699980025211277,14.157582027749475,18.0,12.784550154034257,24.267330289438178,15.165887835034368,15.16770900546021,15.23850437048037,15.236272956981736 
 06/23  19:40:00,13.484391405597421,13.585777886535297,13.543824746004859,13.938369483719093,18.0,12.622082193574274,24.229455596717948,15.092458636937636,15.094235942666842,15.163035527186025,15.160696650895488 
 06/23  19:45:00,13.351608533624225,13.43414819213625,13.404083862457982,13.751050648056983,18.0,12.45877847690084,24.1928090536397,15.019670615593668,15.021462724174285,15.088121298314093,15.08575502818394 
 06/23  19:50:00,13.228353078059625,13.297178148809008,13.274840054913538,13.584781136453392,18.0,12.316825650730934,24.157269725941916,14.947406406207278,14.949223264984425,15.013666600178908,15.011285921780654 
 06/23  19:55:00,13.111508343492783,13.169992860563308,13.152962145703897,13.433113473435974,18.0,12.174327482932618,24.12279302467207,14.875680007330573,14.877523727307562,14.939687244739844,14.9372939772623 
 06/23  20:00:00,12.999121087492208,13.049662444152101,13.03630889699301,13.291911122664745,18.0,12.043080348458068,24.089131649959622,14.804400250622393,14.80627112049524,14.866085383250834,14.863680076927949 
 06/23  20:05:00,12.918416691186158,12.962567238055948,12.951041528816583,13.185467088819506,18.0,11.955518037742731,24.056288787437893,14.748721310732549,14.750610117087206,14.810024071265161,14.807614465600068 
 06/23  20:10:00,12.850985233836758,12.889970808130801,12.879433130650353,13.095579954529299,18.0,11.883474210012237,23.96064204691783,14.702446860196574,14.704316719909457,14.763645817202928,14.761270220465235 
 06/23  20:15:00,12.792039986203482,12.826791075475168,12.816745612321123,13.016783454477007,18.0,11.811446558759064,23.90386621515615,14.666228969809822,14.66812261237152,14.727731190783004,14.725345759369247 
 06/23  20:20:00,12.739070281244794,12.770300766213202,12.76044478614494,12.946232896942346,18.0,11.75732276605946,23.849871633994717,14.631374730074185,14.633282481006518,14.693177225534669,14.690792512989674 
 06/23  20:25:00,12.690475804273836,12.71874097956989,12.70889126034375,12.881950707371834,18.0,11.70322976428049,23.799400529272702,14.59788198735879,14.59980416378653,14.660034058432814,14.657649732691254 
 06/23  20:30:00,12.645174736798179,12.670912407059781,12.660961909308343,12.822559173672282,18.0,11.659995596336623,23.751645021415644,14.5653876532092,14.56732380308216,14.627923431937518,14.62553994971205 
 06/23  20:35:00,12.602410466562478,12.625970275356043,12.615861367020573,12.767065341295657,18.0,11.616781797487606,23.70623610197179,14.533724564167187,14.535674650897136,14.596673464903915,14.594290782593418 
 06/23  20:40:00,12.561639655368262,12.583304266738274,12.5730117281994,12.714735551176812,18.0,11.580516045746435,23.662645569108598,14.502651884733723,14.504615250378151,14.566033449916063,14.563652118084747 
 06/23  20:45:00,12.522463459393089,12.542464042920837,12.53198405843859,12.665016500893241,18.0,11.544263731643337,23.620731525403492,14.472125989469646,14.474102576041446,14.535959738601832,14.533579628846951 
 06/23  20:50:00,12.484583626877047,12.503111313455317,12.492454221834109,12.61748353014871,18.0,11.512608358352471,23.580114019477115,14.441982065232764,14.443971195070048,14.50628022488604,14.503901810690138 
 06/23  20:55:00,12.447773582139591,12.46498803593241,12.454173491772785,12.571805704760912,18.0,11.480961653854381,23.5407526711257,14.412225507178675,14.414227082216712,14.477001938787566,14.474625044141703 
 06/23  21:00:00,12.41185884382661,12.427894746200115,12.416948454150974,12.533110280908419,18.0,11.45244842565735,23.502369515668555,14.382738578875774,14.384751954156172,14.448001653031838,14.386804717549808 
 06/23  21:05:00,12.38591277345433,12.400937221430976,12.389659664802759,12.496383137367426,18.0,11.423681552075061,23.46482578464728,14.378427645151362,14.380461924978817,14.440714080486828,14.436234638605697 
 06/23  21:10:00,12.36396503122917,12.37809038143636,12.36655699240043,12.466833555225206,18.0,11.396725985013859,23.424940751694745,14.417824963471844,14.41986760604118,14.477545876707325,14.474948937798217 
 06/23  21:15:00,12.344533886392695,12.357849996898318,12.346181511321353,12.440823779955902,18.0,11.369430329276934,23.481701660344854,14.468769058313228,14.470858310164772,14.526230398414384,14.523788794821144 
 06/23  21:20:00,12.326861691217632,12.339443259009002,12.327772110207063,12.4172929473389,18.0,11.343123406245509,23.53497639190593,14.510925759208135,14.513029281220383,14.565596502221865,14.563183126670424 
 06/23  21:25:00,12.310470542932626,12.32238089532892,12.310840410272727,12.395644437746006,18.0,11.31647645022591,23.57892468869441,14.547351926406805,14.549468449884785,14.598926662771134,14.596514002546883 
 06/23  21:30:00,12.295039951959001,12.30633357772195,12.29505363002602,12.37548036205183,18.0,11.290265098224555,23.614571750818545,14.579316555846503,14.581445225218488,14.627545803261,14.625132138580796 
 06/23  21:35:00,12.280348663159495,12.291073031620478,12.280178458579226,12.356521962379134,18.0,11.263707289811814,23.64426950239257,14.608279729014896,14.610417873298275,14.652972076297658,14.650564667855974 
 06/23  21:40:00,12.266241444306859,12.27643836133052,12.266048638657837,12.338569136152092,18.0,11.237202554483932,23.66875500047202,14.634687531127156,14.636832140931347,14.675677320771626,14.673278759048117 
 06/23  21:45:00,12.252608277269477,12.262314912521424,12.252544362952241,12.321475743550863,18.0,11.210340072306726,23.688717689152966,14.659155777068747,14.661305407588657,14.696308072045781,14.693919396218519 
 06/23  21:50:00,12.239370429407396,12.248620096525059,12.239578276079767,12.305133187595647,18.0,11.183249169167063,23.703815579014414,14.682014243312551,14.684166636863552,14.715211965354115,14.71283500519337 
 06/23  21:55:00,12.226470758879724,12.235293509132333,12.227085605447009,12.289458996251131,18.0,11.155785235312706,23.71571707823864,14.703610283717012,14.70576495933733,14.732755537240791,14.730390266683116 
 06/23  22:00:00,12.213866851581313,12.222289931103338,12.21501710817152,12.274388756212465,18.0,11.127872686509768,23.72785120707828,14.724452121130128,14.726611629146191,14.748756531525828,14.746402381614587 
 06/23  22:05:00,12.20374660389953,12.211764013117547,12.204829103879039,12.261219310733656,18.0,11.110246876714449,23.739072039628017,14.709834986980127,14.711987466427843,14.734162858562172,14.731825316630193 
 06/23  22:10:00,12.194841988195634,12.202466889822306,12.195663445566868,12.249181596227219,18.0,11.094683696890801,23.69198384328042,14.689934557250808,14.692057111907843,14.714015315394647,14.711716426404905 
 06/23  22:15:00,12.186838919885586,12.194087946253392,12.187298958695738,12.238069464512872,18.0,11.07912453498227,23.67031751688742,14.673730158082549,14.675865250158608,14.697816140471673,14.69551111045081 
 06/23  22:20:00,12.179571232494098,12.186462001636741,12.179613839997062,12.227764379238444,18.0,11.067111515661782,23.646251023248375,14.65895498456814,14.661099170220837,14.682921655080122,14.68061472913115 
 06/23  22:25:00,12.172927202993906,12.179477421964867,12.17252290927745,12.218180153561713,18.0,11.05510720807629,23.624749893622802,14.646053855481284,14.648209813392896,14.6699038868162,14.667591951338864 
 06/23  22:30:00,12.166824216829621,12.173051232200946,12.165960356685384,12.209247810997429,18.0,11.045414361852986,23.60066773659848,14.63331812171964,14.635483012244833,14.65695346741785,14.654639461947454 
 06/23  22:35:00,12.161196752081068,12.167117316306642,12.159871526452248,12.200908394707815,18.0,11.035727259419668,23.575785175547754,14.621848097321958,14.624019595104073,14.645372877014665,14.643058735329191 
 06/23  22:40:00,12.155989888898269,12.161620047653189,12.154208577282484,12.196903744905338,18.0,11.027651602660807,23.550924053862765,14.611791945510163,14.613970159857047,14.63522818781729,14.614105834116913 
 06/23  22:45:00,12.147064661891784,12.156510872336622,12.148928298935807,12.191151667977758,18.0,11.019579990129577,23.526262134472272,14.61996597179973,14.604860098873132,14.626030046034941,14.603871723707073 
 06/23  22:50:00,12.140896036647446,12.1517465539768,12.143991138870266,12.18530287317017,18.0,11.012680452872916,23.50213447009929,14.61408363944156,14.59654510508193,14.61763415516458,14.594780813018701 
 06/23  22:55:00,12.135613016151392,12.147288314523859,12.139360854910896,12.17958275386564,18.0,11.005783880128964,23.478456437460437,14.607062091110663,14.588782677048812,14.609794580003495,14.586691145707618 
 06/23  23:00:00,12.13089173387912,12.143101415076515,12.135004439907672,12.174054444644616,18.0,10.999770707660945,23.45524127214243,14.599989992039752,14.581465966130395,14.602404300296826,14.579243055740676 
 06/23  23:05:00,12.116194721526277,12.12817482972603,12.120501522571065,12.15781932217553,18.0,10.985305229281357,23.432522176154833,14.576193074950083,14.558964688756532,14.578431974240289,14.556661475718329 
 06/23  23:10:00,12.097753639173112,12.109214211893134,12.102142444567114,12.137573178642688,18.0,10.969901743633727,23.400336672235383,14.55252862820663,14.53688486162008,14.554746109676046,14.534566875239648 
 06/23  23:15:00,12.077061372614983,12.087846844261017,12.081457776787337,12.114952277900317,18.0,10.954690952830239,23.376153590780593,14.529426560628451,14.515449877084961,14.531653086087658,14.513120216453558 
 06/23  23:20:00,12.054867348656607,12.064892965150982,12.059221534671487,12.090783461547455,18.0,10.937430497117221,23.350821125053777,14.506431922562001,14.4941746907773,14.508667872920057,14.491838034371881 
 06/23  23:25:00,12.031640916603253,12.040865881871344,12.035919526571966,12.065583978943614,18.0,10.920350294641231,23.326007927364035,14.483938750452182,14.473449611868318,14.486185011447105,14.471105710194536 
 06/23  23:30:00,12.009156831828715,12.016107842831504,12.011876427017182,12.03969814377846,18.0,10.902313267661233,23.301563053389863,14.451582088246823,14.453160520145957,14.464088696930332,14.450809754896909 
 06/23  23:35:00,11.984969581307505,11.990855119119388,11.98731673767517,12.012304206016106,18.0,10.88445660145255,23.27749036615207,14.431129573002636,14.433284647367259,14.44235567532121,14.439461490917552 
 06/23  23:40:00,11.960117433252273,11.96527528693918,11.962399810046115,11.985538313366536,18.0,10.86625279531128,23.253784624046464,14.411537058835506,14.413803601961718,14.420967125167863,14.418423150486888 
 06/23  23:45:00,11.934875928338156,11.939490042248122,11.937241345835844,11.958852869840097,18.0,10.848231631054091,23.23038989972296,14.393478460065637,14.395765403498899,14.399874901606779,14.397486744375101 
 06/23  23:50:00,11.909399109692174,11.913589717960878,11.91192712119445,11.932210072031099,18.0,10.830239726035833,23.20727020359529,14.37359878727932,14.375902767843286,14.379059538278568,14.37669097067112 
 06/23  23:55:00,11.883792367512779,11.887642790190842,11.886522000359628,11.905620699567493,18.0,10.81243432136804,23.184425554729646,14.356081219799421,14.35839502417275,14.358507905093234,14.356138343382895 
 06/23  24:00:00,11.858132176373186,11.86170224659378,11.861075990112434,11.87910204790867,18.0,10.794902203957404,23.16181122198465,14.337959812440545,14.340282796337021,14.338202258186016,14.335828540720627 
 06/24  00:05:00,11.842560513723507,11.845881162022392,11.845365524760942,11.862359705226265,18.0,10.787606498238373,23.13943586114047,14.32295214116084,14.325273781717101,14.325799306511385,14.323429150174093 
 06/24  00:10:00,11.831093844120582,11.834194983600074,11.83361345146061,11.849636439622724,18.0,10.782819166991537,23.115491272232546,14.308466495179118,14.310783095273337,14.313361039744166,14.31099830986085 
 06/24  00:15:00,11.822244068914523,11.825150387182033,11.824383749081951,11.839493916070065,18.0,10.778064765073164,23.09229483403127,14.294688662213161,14.297000911817861,14.301633339511795,14.299276340520805 
 06/24  00:20:00,11.815242773897838,11.81797461897621,11.816935775082941,11.831187538638003,18.0,10.777123118059134,23.0694343640453,14.281311499554477,14.283618992042989,14.290303359354084,14.287952187344786 
 06/24  00:25:00,11.809598306769029,11.812172653363618,11.810796214558263,11.824240149430741,18.0,10.776195371207338,23.04693850853341,14.26825536068236,14.270557961731356,14.279283879500952,14.27693848001985 
 06/24  00:30:00,11.804976070266019,11.807407266792064,11.805643292078905,11.818326445309163,18.0,10.777697937115066,23.024756274424572,14.255448978254094,14.25774645298759,14.26849996405906,14.266160426815418 
 06/24  00:35:00,11.801140751094506,11.803441080463422,11.80125091416325,11.813217131871045,18.0,10.779195322909585,23.002898476134238,14.242875862329242,14.245168138409667,14.257934099508589,14.255600369803972 
 06/24  00:40:00,11.797922764160015,11.80010286517889,11.797456256251028,11.808746482387159,18.0,10.782306002064425,22.98132301043885,14.230497380220072,14.232784301132142,14.24754678564085,14.245218905180025 
 06/24  00:45:00,11.795197397608455,11.797266583821854,11.794139640895112,11.804792180223854,18.0,10.785399387048104,22.960032065603233,14.218308438007398,14.220589963589362,14.23733299693481,14.235010896597828 
 06/24  00:50:00,11.792871322848004,11.794837825915497,11.791211537474434,11.801262284427654,18.0,10.789580958875472,22.93896927507227,14.206276011576165,14.208551961231706,14.227259109281135,14.224942868481264 
 06/24  00:55:00,11.790873605074584,11.792744762350047,11.788603909154233,11.79808654689068,18.0,10.793737378635152,22.918155289301648,14.194408548216643,14.196678908437661,14.217334051286116,14.215023584140795 
 06/24  01:00:00,11.78914956684903,11.79093196742836,11.786264312618082,11.795210486974897,18.0,10.798634440180427,22.897538993663073,14.1826779541247,14.184942566545601,14.20752909311011,14.205224466498237 
 06/24  01:05:00,11.751041818778342,11.752741712699683,11.747569094097315,11.75601007111381,18.0,10.744291297667388,22.877549719906014,14.104074549088239,14.106332514186931,14.130834107878059,14.12853525244725 
 06/24  01:10:00,11.698557055616112,11.700179773064871,11.694402166100698,11.702365452867934,18.0,10.677882529485789,22.856143460927775,14.022402453011239,14.024670065573105,14.05070334040397,14.048394070030554 
 06/24  01:15:00,11.63713510954346,11.638685508825466,11.632176340465442,11.639687809325837,18.0,10.611565367603442,22.834987890960324,13.94039496097588,13.942670412819837,13.970131114075912,13.967813296992517 
 06/24  01:20:00,11.569567930327976,11.571050475902794,11.563672125551072,11.570756222079577,18.0,10.525853846363605,22.81372041918849,13.858437548961547,13.860720310353429,13.889529242705862,13.88720331379352 
 06/24  01:25:00,11.497630216798429,11.49904903179995,11.490659387948693,11.497339245746007,18.0,10.44031533923253,22.79236348214959,13.776624919687606,13.778914809236426,13.808996902485546,13.806662923668569 
 06/24  01:30:00,11.422521806505806,11.423880713258512,11.414336640724832,11.420634164343843,18.0,10.343204376401069,22.77091697915268,13.694972714881715,13.697269542131892,13.728550086046994,13.72620813040021 
 06/24  01:35:00,11.345080960543068,11.346383513085497,11.335542711057025,11.341478641464619,18.0,10.246348725822845,22.749397705564643,13.613493093190925,13.61579671352672,13.648201070225127,13.645851167994806 
 06/24  01:40:00,11.265907766136303,11.267157277266465,11.254879244722112,11.260473216146977,18.0,10.142383712277772,22.727805637127886,13.532186876777132,13.53449712399373,13.56795051487893,13.565592722436236 
 06/24  01:45:00,11.185440494398453,11.186640058673767,11.172786557465523,11.178057150094364,18.0,10.038720239802034,22.706154336746174,13.451061024067826,13.453377774014143,13.487805465791553,13.485439800456334 
 06/24  01:50:00,11.104004778254554,11.105157291792848,11.089592527257386,11.094557317764941,18.0,9.930718370542248,22.6844421204628,13.370114233452512,13.372437347038044,13.40776450375472,13.405391001914381 
 06/24  01:55:00,11.021846244330137,11.022954421972848,11.005545067389553,11.010220678049714,18.0,9.823044122666046,22.66267979072116,13.289351320654987,13.29168070141975,13.327832577602692,13.325451235528703 
 06/24  02:00:00,10.93915269228082,10.940219082539985,10.920834220737225,10.925236367282102,18.0,9.71280148533477,22.64086424084866,13.208769837701766,13.21110537891559,13.248007166359173,13.245617994246345 
 06/24  02:05:00,10.866072016089145,10.867102545075122,10.846753963362035,10.850906953602436,18.0,9.619153464229166,22.619003765448554,13.159309594608828,13.161663701784846,13.197306657375748,13.194901475721394 
 06/24  02:10:00,10.796403900759787,10.797401969432446,10.776528888457248,10.780449478651489,18.0,9.52684785298069,22.597463255944206,13.11182701624989,13.114193152791529,13.148336735035059,13.14592192674263 
 06/24  02:15:00,10.728691147892713,10.729659429212019,10.70855857953527,10.712260991590187,18.0,9.43428017475749,22.575948725650534,13.064656265531141,13.067035493629987,13.099641178704474,13.097215718629286 
 06/24  02:20:00,10.662219403961087,10.663160153777758,10.642052995216469,10.645549842086572,18.0,9.345438943109787,22.554452647032996,13.017555231505582,13.019947806817413,13.051005334989668,13.048568965660877 
 06/24  02:25:00,10.596552337166761,10.597467521546166,10.576526088242026,10.579828775027693,18.0,9.256360090174443,22.532979887995225,12.97048836707637,12.972894470604274,13.002398505804479,12.999951029619922 
 06/24  02:30:00,10.531406118278042,10.532297487661996,10.511659496931292,10.514778465963182,18.0,9.169106431964002,22.511516324638954,12.923442943932287,12.925862711934315,12.953808658262801,12.951349922226655 
 06/24  02:35:00,10.46658989390016,10.467459030823703,10.447237757292267,10.450182654055475,18.0,9.081619774692886,22.4900640053514,12.876419916204213,12.878853520586688,12.905237050186656,12.902766865962121 
 06/24  02:40:00,10.40197212916113,10.402820480479154,10.383111490753263,10.385891282302685,18.0,8.994946656791825,22.46861279560893,12.829414637611194,12.831862230250465,12.856679039972107,12.854197241089139 
 06/24  02:45:00,10.33746030498667,10.33828920448608,10.319175071398245,10.321798134283851,18.0,8.908040605227484,22.447162751256577,12.78242791080794,12.78488966521877,12.808135577823009,12.805641977248968 
 06/24  02:50:00,10.272988184864808,10.273798869703112,10.255352535897273,10.2578267236529,18.0,8.821347855988884,22.42570735523184,12.735456995746858,12.73793307354947,12.759603975423715,12.757098399791516 
 06/24  02:55:00,10.208507591513449,10.209301214584828,10.191588429131404,10.19392112558982,18.0,8.734419244967375,22.40424472545433,12.68850160974796,12.690992179583532,12.711084077317139,12.708566347683472 
 06/24  03:00:00,10.14398296827872,10.14476060782451,10.127841713764136,10.130039876256795,18.0,8.647329210605726,22.382771504439614,12.641560572397907,12.644065798804832,12.662574812173489,12.660044755354647 
 06/24  03:05:00,10.061315028570682,10.0620778389216,10.046141662211472,10.048212262098327,18.0,8.537693102819954,22.361284131607697,12.561642185921642,12.564161927014538,12.581083039743135,12.57854080565005 
 06/24  03:10:00,9.971432265786712,9.972181220527853,9.95727245200592,9.959221727418667,18.0,8.422930502414875,22.339379844275697,12.479797966205638,12.482340444111287,12.497724013949892,12.495161324747869 
 06/24  03:15:00,9.876974347954926,9.87771034820177,9.863850302045341,9.865684104272985,18.0,8.307996824107201,22.317271439939475,12.397626779135294,12.400191199600386,12.414028202168993,12.411445886781905 
 06/24  03:20:00,9.779274605730656,9.77999849501134,9.767203264433025,9.768927114012978,18.0,8.184838072735273,22.29497007256337,12.315377706004483,12.317964146664622,12.330239574441862,12.327637558420975 
 06/24  03:25:00,9.679169983227977,9.67988255540983,9.668168787920367,9.669787906634927,18.0,8.06144867281084,22.272471281859094,12.233091406480582,12.235700002783915,12.246398068680037,12.243776222671386 
 06/24  03:30:00,9.577220122079602,9.57792212719921,9.567309285665395,9.56882862006349,18.0,7.932546789941031,22.24980001982045,12.150790216281564,12.153421180913824,12.162526363695292,12.159884482101006 
 06/24  03:35:00,9.47381225000131,9.474504398964918,9.465015528926083,9.466439768897702,18.0,7.803379166464091,22.22694952216022,12.068473144448149,12.071126622886709,12.078623688269204,12.075961634340729 
 06/24  03:40:00,9.36922125558268,9.369904224147236,9.361566042022961,9.362899636287818,18.0,7.6701849833676246,22.203944221334,11.986154455294013,11.988830664315174,11.99470478909302,11.992022355490576 
 06/24  03:45:00,9.263646458287276,9.264320890493389,9.257163575461105,9.258410745061186,18.0,7.5366968125567,22.180774718570383,11.903829500069833,11.90652858585213,11.910765266403814,11.908062317603935 
 06/24  03:50:00,9.157235036813674,9.157901547944146,9.151958422350328,9.153123172798407,18.0,7.400068588575605,22.157463656705954,11.821510711860924,11.824232895778437,11.82681802002071,11.824094345908975 
 06/24  03:55:00,9.050097416810035,9.050756595918978,9.046063782325525,9.047149914800881,18.0,7.263122455190708,22.133999898880564,11.739191900809715,11.74193733548367,11.742857137824672,11.74011259783913 
 06/24  04:00:00,8.942317630913067,8.942970042968026,8.939566137631868,8.940577259455468,18.0,7.1235768103535815,22.11040422793851,11.656884216570575,11.659653131301127,11.658894231032889,11.656128608464769 
 06/24  04:05:00,8.855510061241038,8.856154982569816,8.853511365903989,8.854449565604547,18.0,7.018422785829808,22.086664255400336,11.606101383740224,11.608886222906222,11.608036894022518,11.60525537202443 
 06/24  04:10:00,8.776982527245494,8.777620030811416,8.775528687298955,8.776396918487736,18.0,6.919085829197148,22.063188655267073,11.556974985619945,11.55976758123927,11.558901681654504,11.556112748590067 
 06/24  04:15:00,8.703646587579506,8.70427691412067,8.70260714796752,8.703408443944317,18.0,6.819732876590795,22.039756431569565,11.508140059714606,11.51094139330769,11.510072228331296,11.507274807421595 
 06/24  04:20:00,8.633923742976187,8.634547207835153,8.633207772677332,8.633945129719416,18.0,6.731494562181501,22.016377208512676,11.459387322745215,11.462197604383846,11.461327278614135,11.458521141759775 
 06/24  04:25:00,10.715865004169556,9.977762317743789,8.767838368493118,8.76851508189987,18.0,6.878763425371281,21.993035072644314,12.495671588610548,12.15707359516108,11.64551290076372,11.674491426592056 
 06/24  04:30:00,12.008860652565815,10.757528402574115,8.822098720244337,8.822717779620678,18.0,6.887550542996468,22.00593785880348,12.684107741324283,12.250059131756643,11.627410738218373,11.654757962061012 
 06/24  04:35:00,13.646588394421311,11.705455168012655,8.881052047190487,8.881616130848569,18.0,6.945288500587253,21.99930019577702,13.118954797882566,12.491533731113634,11.637601066921889,11.6688065490481 
 06/24  04:40:00,15.44217996155844,12.70071553534166,8.944951643418927,8.94546338165391,18.0,7.029964208083073,21.998370349912943,13.563205178025214,12.727187338565045,11.64437584966106,11.671028254006274 
 06/24  04:45:00,17.347875502619605,13.710629597996261,9.014406684826376,9.0148688238001,18.0,7.128955811351214,21.99995785060631,14.015030204663276,12.954892325697926,11.63985904379308,11.651487232858472 
 06/24  04:50:00,19.335179828509318,14.715916467413678,9.089679575685402,9.090095534726853,18.0,7.272291334920817,22.00401610832821,14.479147684312466,13.173762103217427,11.626909333688445,11.625814695668282 
 06/24  04:55:00,21.247054995135674,15.632877249590269,9.17085828099535,9.171233396651225,18.0,7.430058846588012,22.010747874855312,14.88355191232506,13.347796394175248,11.615130557642487,11.608663763014704 
 06/24  05:00:00,22.979625395041843,16.41231569811874,9.25796045771274,9.258304238962644,18.0,7.634750566034456,22.018764364619923,15.20725568430339,13.469364153044467,11.605000006530986,11.593903445747628 
 06/24  05:05:00,25.047428264053675,17.386257245146144,9.498259913490411,9.498588852554915,18.0,7.959986173076214,22.026797955804355,15.89074170028249,13.850837926036888,11.796261196538126,11.780594253428717 
 06/24  05:10:00,26.956890239831555,18.24427677946109,9.751404967214986,9.751746809336147,18.0,8.357491633996739,22.05560210570481,16.414871090462952,14.150543313881826,11.976578679138925,11.957114306738276 
 06/24  05:15:00,28.83368124968709,19.052982005943427,10.026823715988284,10.027219157424437,18.0,8.769310148263884,22.07515471931301,16.946533765769175,14.441432964224077,12.159071557232664,12.136212797506914 
 06/24  05:20:00,30.6914778666703,19.818974685560242,10.320951467012119,10.321453647096138,18.0,9.269244703012808,22.09816291674174,17.47708693309255,14.722290427326357,12.343364724763944,12.317432589093585 
 06/24  05:25:00,32.53343226891627,20.54354640581144,10.630390299194039,10.631056771834876,18.0,9.782815081703228,22.122026932347563,18.00511819790114,14.991599656929736,12.52856535893585,12.499851680950883 
 06/24  05:30:00,34.36003073313917,21.227016477930995,10.952842079983073,10.9537419520918,18.0,10.370368097642979,22.147136984138264,18.530587249988457,15.248772128745259,12.71477152866919,12.68362550728773 
 06/24  05:35:00,36.011596516719486,21.796530756039896,11.268044932680535,11.269232845236157,18.0,10.934493427285393,22.173541974652757,18.975744000989494,15.452574179773364,12.891306439235564,12.8584756150089 
 06/24  05:40:00,37.594453431221645,22.302446652258748,11.585135149082868,11.586653776207992,18.0,11.556031950134809,22.198555758520193,19.419316981923316,15.64475909079539,13.068019316430878,13.033874639371163 
 06/24  05:45:00,39.12974717596187,22.75667421457494,11.905623791516536,11.907497218467077,18.0,12.20224418799154,22.224106975075404,19.860370106848904,15.825069639814217,13.245629131715589,13.210546010329153 
 06/24  05:50:00,40.62757547481861,23.165403074599467,12.229998352168375,12.232230008638915,18.0,12.89615912946162,22.25009506663691,20.29876165749363,15.99304800600305,13.424021315588107,13.38837241392207 
 06/24  05:55:00,42.08041231123471,23.527732289250597,12.557774014946927,12.560347330267758,18.0,13.60261819650048,22.276602222223346,20.727846944404234,16.145909623724435,13.602861699101368,13.567013940967342 
 06/24  06:00:00,43.51564069361747,23.854970282269633,12.890093829907933,12.892974724876279,18.0,14.360359675041131,22.30333816157729,21.161504100879995,16.28879979077101,13.782780936270342,13.747092819198315 
 06/24  06:05:00,44.8015522714683,24.094682394248608,13.227423172838797,13.230552125202092,18.0,15.099340712189855,22.330808369607166,21.526460797990126,16.390748691054,13.962676381169558,13.92770305002756 
 06/24  06:10:00,46.016895599259264,24.280556665104225,13.568337892227936,13.571650986924592,18.0,15.871180382651866,22.362298933261716,21.893845564432354,16.48693170856967,14.153252008580466,14.119344132338824 
 06/24  06:15:00,47.17620916087245,24.4211958569203,13.912252558227005,13.915681421338057,18.0,16.64453257750509,22.40758752101422,22.25466049745353,16.573688642705008,14.344975144041996,14.312412664714202 
 06/24  06:20:00,48.28669720124906,24.521609687700522,14.258752800402313,14.262227501103943,18.0,17.437561371457715,22.451363937875485,22.61404242491676,16.64931180732424,14.535870728490067,14.504903894961899 
 06/24  06:25:00,49.352664803146205,24.585373694587513,14.607508716171264,14.610960384831266,18.0,18.231502251160347,22.4943334598662,22.960706716075833,16.715442290492717,14.726867439660793,14.697714706806494 
 06/24  06:30:00,50.37679434071336,24.615235814488102,14.958246727570602,14.961609604092622,18.0,19.040474708216117,22.536149772998673,23.30036275446048,16.773069534696276,14.918069469365719,14.890921105802931 
 06/24  06:35:00,51.07252081554653,24.540247390008815,15.296543917373516,15.299757029060688,18.0,19.7671596123311,22.5771296171742,23.49427487167719,16.788846226994224,15.101917491692973,15.077347149294496 
 06/24  06:40:00,51.65000286421293,24.417796608260254,15.630113616293137,15.633121787442658,18.0,20.483339350873337,22.6126196909332,23.690057365147823,16.803496009716014,15.284822912252821,15.262845092813166 
 06/24  06:45:00,52.005306047589215,24.32326502098959,16.070948136553532,16.07370160886542,18.0,21.19539696000889,22.647591700569397,23.815922277122354,16.84925462902646,15.52215848652844,15.502789142876964 
 06/24  06:50:00,52.406685586095605,24.169878245527883,16.442030563310386,16.44448723202737,18.0,21.881407237176727,22.6850800691849,24.007108051210253,16.870896880985697,15.707350823117736,15.690524091668976 
 06/24  06:55:00,52.77890948191686,23.990300479308644,16.795141194908073,16.797267099316105,18.0,22.563756808369583,22.720878760470296,24.19301355180096,16.89590614279814,15.892456149952352,15.878056504262986 
 06/24  07:00:00,53.119664970608206,23.791974596886522,17.138446219600706,17.140214631710947,18.0,23.227036317245368,22.756400179118515,24.374497938515674,16.926188850443282,16.078021230252034,16.065936098390978 
 06/24  07:05:00,53.55372345425337,23.591081931829105,17.455329507236478,17.456724909567043,18.0,23.934417002826834,22.791638499023666,24.598823908855593,16.952950448197385,16.25224416658841,16.24228563102639 
 06/24  07:10:00,53.99487591040943,23.378750641535927,17.760468510019603,17.761477767581177,18.0,24.642458649426203,22.904306005391827,24.763785002835334,16.948304370548783,16.37114251903074,16.36307779707613 
 06/24  07:15:00,54.428859383190286,23.153877599473763,18.05804416069718,18.058659386483725,18.0,25.353421716330093,22.905057269077982,24.915242883909627,16.932357782179224,16.4780113345455,16.471748179419137 
 06/24  07:20:00,54.849007011604094,22.916284081371344,18.350311837062918,18.350530681591586,18.0,26.07649919218479,22.88723274128275,25.06891405097366,16.930795062809636,16.59242831828658,16.587765564892266 
 06/24  07:25:00,55.25147296926049,22.666065811504982,18.638693131790266,18.63851862633054,18.0,26.8020551795809,22.866012596320044,25.222233842992523,16.94437317371944,16.712081655196585,16.708801746931385 
 06/24  07:30:00,55.633876437642684,22.403444563711844,18.924123866597835,18.92356404857821,18.0,27.53786471130845,22.84888973072784,25.374533774730764,16.975447560240696,16.83681846437935,16.83467597115765 
 06/24  07:35:00,55.875217873955826,22.111703407259366,19.19443283544095,19.19350023487393,18.0,28.222572858601602,22.83658726731909,25.470168923690835,17.01826366761952,16.958801765770886,16.95753651409592 
 06/24  07:40:00,56.06231506063007,21.805105750306353,19.45782236625875,19.456533453765378,18.0,28.903854056187296,22.827962261078522,25.56277498557489,17.081278114220652,17.083120022739877,17.082443130455317 
 06/24  07:45:00,56.209665908935534,21.48742652274079,19.71636030814969,19.714735070505633,18.0,29.584895599691173,22.822537596690157,25.651672592021328,17.16599335920182,17.209349408852688,17.208967031726274 
 06/24  07:50:00,56.32412711011474,21.22168539496022,20.03358229836147,19.969187555744995,18.0,30.253609924609457,22.820175530616737,25.736537800204474,17.276395506168626,17.34092394236052,17.33677085229465 
 06/24  07:55:00,56.4096218124711,21.182244159009773,20.58755408257403,20.22057188670599,18.0,30.921950869607723,22.820599077664156,25.817157499750692,17.40544578940171,17.500755625701856,17.465608368858852 
 06/24  08:00:00,56.46851000393767,21.226576454432763,21.232226902662497,20.469337242065624,18.0,31.582641406493973,22.82418694973986,25.89345313335008,17.535824281222233,17.683252930362073,17.59540830788808 
 06/24  08:05:00,56.50311740716756,21.32179790603721,21.931877964711166,20.716726436498767,18.0,32.24450702660579,22.82970032520972,26.050341495440136,17.77332599694637,17.9997125449961,17.836964094216228 
 06/24  08:10:00,56.513752310518875,21.450380265443588,22.66675797003095,20.962352498621154,18.0,32.90121826615758,23.088676039279964,26.184782039394804,17.967689592745614,18.28370829896835,18.032121194079252 
 06/24  08:15:00,56.5009053804841,21.601798880148195,23.42456178776486,21.206221098045035,18.0,33.55697247438929,23.203408250741692,26.282286770668748,18.12955896403696,18.548169658250345,18.193928098635126 
 06/24  08:20:00,56.464910989129095,21.769220900877578,24.197018426815163,21.448363788910903,18.0,34.20872761608851,23.308200648888054,26.370347310263355,18.288659720340945,18.822541683253462,18.35298529992542 
 06/24  08:25:00,56.40598899270531,21.948045810430216,24.97835571181674,21.688811117844747,18.0,34.85925520158988,23.40208712913665,26.4494901187972,18.44400639734272,19.103174100124306,18.508170574499445 
 06/24  08:30:00,56.32428241042949,22.135093163551485,25.76442640975811,21.927591991615515,18.0,35.50579045055695,23.48799634359447,26.521185509239444,18.596379244769423,19.389690873207655,18.660310619908614 
 06/24  08:35:00,56.17892726920162,22.318437816816715,26.537391827823004,22.15485001273301,18.0,36.12392839878574,23.567671887035132,26.56775039098386,18.741566498796033,19.67366470245588,18.805025674727972 
 06/24  08:40:00,56.000492381760054,22.502697342354516,27.303595387931338,22.3769160995498,18.0,36.73231276123114,23.641787249410406,26.60019764327899,18.884666031686947,19.960108218694245,18.947667601014473 
 06/24  08:45:00,55.79434814889829,22.688101167454743,28.063113077984003,22.595266356856396,18.0,37.33856793961239,23.71169548726149,26.63425013772894,19.026142790273866,20.248196583016238,19.08870936989547 
 06/24  08:50:00,55.563112185591635,22.87446249382492,28.815458220898453,22.81064673055568,18.0,37.930924077311644,23.778336435387715,26.67760017886667,19.1663624374479,20.53716847176304,19.22853840925586 
 06/24  08:55:00,54.995057859591135,23.162643952154262,29.566461390778827,23.126743902375765,18.0,38.52104116523857,23.841976195144124,26.565677529494792,19.354929240426543,20.82909368099189,19.41900719514092 
 06/24  09:00:00,54.631976046076,23.385590108803378,30.296888316995936,23.37421962862165,18.0,39.09989689095688,23.902659752823812,26.58579696282675,19.492800260863476,21.113191082754497,19.55640441059012 
 06/24  09:05:00,54.26412234288701,23.572150743047295,30.993204093598138,23.583269047614408,18.0,39.65267856710953,23.961160147135875,26.573039713658545,19.581443588507,21.349183594571286,19.644454186518146 
 06/24  09:10:00,53.88749727832884,23.743486348201575,31.670600837327193,23.77499094860967,18.0,40.19115598567668,23.992774044660706,26.55092210016403,19.671739810498366,21.584345976628185,19.734893509914343 
 06/24  09:15:00,53.49726699915462,23.905365384624673,32.33243112798802,23.9554000716266,18.0,40.72706859448969,24.035837702672403,26.527874579824356,19.76444525609793,21.82004718475787,19.827824128678344 
 06/24  09:20:00,53.09072404477634,24.060715384772593,32.98024316437422,24.127663369410946,18.0,41.246105652863065,24.07857207767011,26.502023000710096,19.856172056764592,22.053320780571198,19.9194497513202 
 06/24  09:25:00,52.666333830335894,24.21127598712821,33.6148690236395,24.29372809379603,18.0,41.762464225497986,24.120955982627756,26.473017492579856,19.947048232255213,22.283718529200087,20.01054560407283 
 06/24  09:30:00,52.22319413497916,24.358133592514996,34.236747543475104,24.454856313086488,18.0,42.26498933128028,24.163034108861567,26.440341965844766,20.037326082071104,22.510863704688404,20.101088345065705 
 06/24  09:35:00,51.45202602484549,24.453631937853764,34.68707986529562,24.562556813973163,18.0,42.480464189888515,24.204656733478707,26.25485700530919,20.10253256541432,22.65836308446626,20.165742124277244 
 06/24  09:40:00,50.58515785308242,24.52861240863307,35.063312219585846,24.64812341919902,18.0,42.628243069362036,24.24050138155167,26.06788690757537,20.164874459167436,22.795020400281487,20.22756438775366 
 06/24  09:45:00,49.66528063978494,24.590117883052255,35.38520404616899,24.718836919767227,18.0,42.76932100722894,24.274693150181783,25.880137376200594,20.226081633965805,22.922193861083542,20.28824981418859 
 06/24  09:50:00,48.7133379125504,24.641663217044904,35.66244286173599,24.778400093979258,18.0,42.80389069491126,24.30741691571007,25.691224225509643,20.286223729403105,23.040085169888016,20.347846881476528 
 06/24  09:55:00,47.74196002429166,24.68542895945862,35.90103449498923,24.829147226973582,18.0,42.83311157576911,24.338646934383874,25.50057777091729,20.345283081996172,23.148829327960527,20.40632312823658 
 06/24  10:00:00,46.75934198337617,24.722864600142373,36.10500483254609,24.872653970706708,18.0,42.78981033363906,24.368606166346314,25.307764673971235,20.403386397891154,23.248726528529517,20.46379526087054 
 06/24  10:05:00,45.79807087391351,24.751411403557857,36.28095522306822,24.903344904760722,18.0,42.799780590550064,24.397263980067834,25.10402842673159,20.43898812293793,23.32302362671095,20.497749017386866 
 06/24  10:10:00,45.05374956736377,24.691861373633383,36.540106584624894,24.842566789571247,18.0,42.766104921631886,24.41847276363843,24.994683686629457,20.433152123603918,23.44194890878657,20.488762905182057 
 06/24  10:15:00,44.15696340748984,24.68158675315515,36.705288240829994,24.83041328958676,18.0,42.72576267768504,24.44401781767622,24.779574066324187,20.46842575954645,23.50440818920731,20.522598787506695 
 06/24  10:20:00,43.233142194740616,24.67939297515351,36.831725086541134,24.82563349272466,18.0,42.66039744127184,24.466664960467185,24.55913986603673,20.502552153316458,23.5589299167749,20.55510737112718 
 06/24  10:25:00,42.298537549716954,24.679547019279596,36.927171826911156,24.82262852186764,18.0,42.58811366470998,24.48886279388735,24.333914429932634,20.536186326525183,23.606139009091805,20.587052904359098 
 06/24  10:30:00,41.35998662610847,24.68007689701883,36.994945107175496,24.819528710326782,18.0,42.49007845599833,24.510329478874755,24.104184929292785,20.56924790116784,23.646275193851693,20.618355317036617 
 06/24  10:35:00,40.61309667654682,24.809635446230516,37.22705424546243,24.947065484392837,18.0,42.60422146719978,24.531018484531593,23.961915756878057,20.66701988021083,23.771440692286433,20.71632668139523 
 06/24  10:40:00,39.917919271542644,24.981279346232327,37.49387713598268,25.117405855560044,18.0,42.73344070723134,24.559624215881495,23.81285565117406,20.76498037161582,23.889874567557627,20.814126847870853 
 06/24  10:45:00,39.2480222962126,25.17499312996637,37.76912472959143,25.310150700150242,18.0,42.856663903124115,24.58861582959572,23.65626344726195,20.86086463014601,24.000208633041325,20.909562885469086 
 06/24  10:50:00,38.65060031892293,25.308283655525457,38.12261358675808,25.441558838755128,18.0,43.02657528401284,24.61813220831151,23.521874109479427,20.918951347242512,24.142124455577573,20.965948609741872 
 06/24  10:55:00,38.02656346267951,25.49740473846289,38.43095518382795,25.629100009141208,18.0,43.190237923331935,24.64807062611777,23.358151588111127,21.01273490166352,24.247108528293097,21.05894346361697 
 06/24  11:00:00,37.399576201449555,25.701710175376174,38.72101024796857,25.831738660225767,18.0,43.37523722545277,24.67869342717222,23.192239098067944,21.105480764595427,24.345902529320938,21.150620436601685 
 06/24  11:05:00,36.743069784417486,25.918887934861367,38.9816341677743,26.05489091173426,18.0,43.45280683919525,24.709605177834238,23.05695403635741,21.23929721587126,24.470957217260093,21.287195966819638 
 06/24  11:10:00,36.080133711656416,26.141027912295662,39.21947578810241,26.28591207621888,18.0,43.519446940888066,24.746876686650396,22.928083681126168,21.37290771187594,24.590607588737953,21.423595347398305 
 06/24  11:15:00,35.41651581304669,26.365022706293242,39.435573004414074,26.520613067470464,18.0,43.58190685639293,24.781494515159185,22.807158784172543,21.504774698528763,24.703655426950377,21.558254636739093 
 06/24  11:20:00,34.75575011182082,26.589163206033405,39.630485866718594,26.75673781678149,18.0,43.61202317360461,24.816042982553242,22.697709211301287,21.635412553194442,24.81083137245446,21.691704105031477 
 06/24  11:25:00,34.10062232857289,26.812510106719834,39.80471371193051,26.99300567051377,18.0,43.6392224078626,24.850502256453115,22.602898268654258,21.76495099459578,24.91239609859315,21.824088892654288 
 06/24  11:30:00,33.60999372021585,27.24195986387315,40.00429736016249,27.439356314189343,18.0,43.64323267179926,24.88491779841941,22.602095177096658,21.99437125723597,25.030988379740336,22.059760144039615 
 06/24  11:35:00,32.848286477226864,27.231942332428524,40.32148983060771,27.44076321590461,18.0,44.01281197152305,24.926981811539125,22.438178658898096,21.9767140188917,25.2245741487784,22.03984839699916 
 06/24  11:40:00,32.1348330036971,27.29137540359203,40.714941223895494,27.511731987861218,18.0,44.42992022791295,24.952132034589958,22.355251742643418,22.055078068874877,25.43169616321518,22.119967652717833 
 06/24  11:45:00,31.391329564214672,27.34588251175574,41.13400797325902,27.577278809056992,18.0,44.8418725460142,24.98286837079009,22.294483422946143,22.135536170913156,25.63558657333101,22.20194507733038 
 06/24  11:50:00,30.60593933528502,27.39276012650177,41.56178942998189,27.634719169832923,18.0,45.35071727991254,25.013282110845836,22.26651996397686,22.216128454123805,25.834124458203974,22.284059950963922 
 06/24  11:55:00,29.875770767210646,27.433294901672856,41.98823171452729,27.790109130207064,18.0,45.85148850885394,25.043518284651796,22.288144757879763,22.296716433478764,26.02701666680514,22.380016101942033 
 06/24  12:00:00,29.485068639273788,27.468508372163544,42.40652336709433,28.339427961488198,18.0,46.40151171608863,25.07433602600031,22.375246329921367,22.377428845117777,26.21417316732436,22.546650998060898 
 06/24  12:05:00,29.193275199940103,27.48060985139668,42.61959765201583,29.021309568281374,18.0,46.80163252488506,25.10658574216568,22.362197556522233,22.363509324041615,26.219583014302827,22.655289753637646 
 06/24  12:10:00,28.910927323464062,27.42741576157331,42.88547730642982,29.769697714750826,18.0,47.19757315088247,25.11867518591946,22.31218624557158,22.31278918822892,26.271067115324513,22.787832705177607 
 06/24  12:15:00,28.650886495414426,27.346047643068278,43.13603289245384,30.588120890450273,18.0,47.58443490894571,25.13712801142453,22.264195777217424,22.26435273893094,26.31711299161327,22.966528271862273 
 06/24  12:20:00,28.445953928179243,27.284420970982282,43.14734857093368,31.41925825704231,18.0,47.93170947841787,25.156744513312933,22.240034594604936,22.239755990435356,26.255935469606413,23.16318344690967 
 06/24  12:25:00,28.252907417230304,27.209033489130924,43.317937204688526,32.34886936370475,18.0,48.270223391185404,25.174862641401358,22.198883660877527,22.198065379598916,26.30483396638516,23.425414547619084 
 06/24  12:30:00,28.063215319100237,27.117818862345302,43.496712777346964,33.331232642619746,18.0,48.57566254178868,25.197979211383167,22.159081358838534,22.157763141527198,26.34414542988179,23.717045846638428 
 06/24  12:35:00,27.905778516707073,27.044248584545752,43.43237841023123,34.24764929765516,18.0,48.47959310733772,25.2220686818341,22.13781903345796,22.13615907111091,26.251322044539393,23.991612096610197 
 06/24  12:40:00,27.763860906538483,26.97482078427419,43.28669729920685,35.13922764083134,18.0,48.294079493708715,25.246699278023964,22.113134147061828,22.111161058110838,26.1551514020681,24.265809069567922 
 06/24  12:45:00,27.63304714971479,26.907426007389994,43.08970448122397,36.00924010324403,18.0,48.1080750204545,25.27211800750157,22.08781174497227,22.08560255295862,26.05597420381531,24.53548277660491 
 06/24  12:50:00,27.510843756945434,26.841281251879252,42.8556791890006,36.857813661364965,18.0,47.791367218300344,25.298193536191288,22.061626119817333,22.05926868506708,25.952618234353736,24.795636598668523 
 06/24  12:55:00,27.39555983312015,26.775986141144866,42.59317570446205,37.68459453713732,18.0,47.476324691932184,25.32190916568,22.035027564388486,22.032612955334514,25.845808550792526,25.043998481445726 
 06/24  13:00:00,27.285982405103784,26.711317975643922,42.30768537503822,38.48915660079184,18.0,47.0854085982274,25.345194671920236,22.008550904593676,22.00617288173288,25.735988384368056,25.278928652010563 
 06/24  13:05:00,27.237083563898373,26.699143993098232,42.09744474053304,39.35616107561002,18.0,47.015012110996665,25.368208476883517,22.012939355799972,22.010668090265085,25.677699203134125,25.557424628802778 
 06/24  13:10:00,27.210689381187475,26.705000415345594,41.89900952839882,40.234030390709314,18.0,46.94783348214186,25.412559594053068,22.01749126580023,22.015421094245028,25.613532730478937,25.81388276139046 
 06/24  13:15:00,27.198230334863208,26.721435271383687,41.70113601143614,41.112540004082675,18.0,46.87603434827915,25.439197348346635,22.019758241656177,22.01796079770918,25.542748749518694,26.058177286602927 
 06/24  13:20:00,27.195506928596224,26.74491812363717,41.498867829014515,41.98667725639067,18.0,46.86157637743375,25.46529154317615,22.02251915214265,22.02107624986263,25.468117491895782,26.289960909937918 
 06/24  13:25:00,27.199961200423395,26.773356380969584,41.28946553267892,42.853322697412224,18.0,46.84207136505511,25.490653052838688,22.025456870815844,22.02443723571014,25.389284609082324,26.508829341101887 
 06/24  13:30:00,27.20992556747153,26.805423912474314,41.07133585136136,43.71038198078961,18.0,46.84971315899994,25.515516512376525,22.028424005527995,22.02788576665887,25.306253913869455,26.715204674218626 
 06/24  13:35:00,27.228648739683422,26.844633081183844,40.90538951531447,44.64695666006805,18.0,46.962303857531204,25.53985912325908,22.033371679924585,22.033358566421043,25.25035187673444,26.956700644459715 
 06/24  13:40:00,27.251938951004735,26.886996711907056,40.7465619464415,45.607449557341226,18.0,47.105346465687234,25.564921416197723,22.038589543199123,22.03915014890606,25.18902252297255,27.191015664127917 
 06/24  13:45:00,27.278375247336772,26.931254376087942,40.585231103032385,46.58103595403724,18.0,47.24396838378151,25.589745858057668,22.043451231738118,22.044620918151622,25.12175403526828,27.418588911658162 
 06/24  13:50:00,27.307071367525303,26.976651703019968,40.416499240159624,47.56229127848977,18.0,47.41923220246391,25.614377045487856,22.04792911578403,22.049731879681303,25.04840349981987,27.64018924693039 
 06/24  13:55:00,27.337390954131212,27.022662347642786,40.237293636341114,48.54777801689707,18.0,47.59000850894018,25.63874376423342,22.051967171065144,22.054414034360832,24.968802389289976,27.856619717701165 
 06/24  14:00:00,27.36885008345817,27.06889548332045,40.045537806774725,49.53513075689187,18.0,47.77903963734657,25.662736630991045,22.05549465261481,22.058583125503674,24.88279246173488,28.068707872854645 
 06/24  14:05:00,27.39585177476052,27.110327203696585,39.82642604812907,50.499763275838205,18.0,47.90134852513704,25.686379111097953,22.061011195542278,22.064713586903963,24.79061052865518,28.271272647748276 
 06/24  14:10:00,27.42129788942707,27.149562795867713,39.58793573373513,51.45436163164729,18.0,48.01961479361781,25.69921068783555,22.069913045635133,22.07418773081281,24.694882685998323,28.47260611146055 
 06/24  14:15:00,27.445618781530953,27.187011157872313,39.33105421510141,52.40029681186613,18.0,48.13362480371893,25.72084213024063,22.080794877056178,22.085604541903365,24.594677702300828,28.672671720135668 
 06/24  14:20:00,27.4689221489706,27.22279418345614,39.05599260323771,53.337833509784964,18.0,48.22735214267205,25.742051834302472,22.091150591420615,22.096435588326813,24.488214344870983,28.870491102044355 
 06/24  14:25:00,27.491211041207325,27.25693988471537,38.762713718826795,54.266888842464745,18.0,48.31715401976626,25.763137699111876,22.10102457688322,22.106716564935823,24.375811786663235,29.0668718687769 
 06/24  14:30:00,27.51243791176463,27.289429870494782,38.45105813781992,55.18721669439911,18.0,48.38949944978418,25.784042536250947,22.110418901727712,22.116439641594525,24.257680021715657,29.26233943019389 
 06/24  14:35:00,27.514260144098277,27.30194098324058,38.0744053919,55.98669988329713,18.0,48.3659193579641,25.80468948454279,22.11024066723985,22.116466722150165,24.11224244573293,29.40302539079221 
 06/24  14:40:00,27.508230437567708,27.306051864926697,37.66600233865507,56.739326921064425,18.0,48.31101213985404,25.822951289934785,22.108596382148562,22.114931794889117,23.962981305838582,29.5418647838992 
 06/24  14:45:00,27.49685750548223,27.30430551272888,37.232804910688465,57.45761841404672,18.0,48.253498008012045,25.840935842068273,22.106410574223105,22.112754664836075,23.810907104827038,29.678805986088435 
 06/24  14:50:00,27.481337786281628,27.297929440469222,36.778231909051236,58.147516536106735,18.0,48.151311634915494,25.858424809070886,22.10365015874521,22.109898639604467,23.656612148992394,29.81393421867881 
 06/24  14:55:00,27.462375323417255,27.287656402942797,36.304332524162135,58.81245806648539,18.0,48.046841571671656,25.875377988590774,22.10027908891675,22.10632679425828,23.50081788960108,29.947243455999114 
 06/24  15:00:00,27.332176814028053,27.165664607409582,35.79255059154232,59.786405754555204,18.0,47.90936952395652,25.891890833180984,22.041557457127112,22.047353378720345,23.334496988164403,30.237004743000966 
 06/24  15:05:00,27.188873044800534,27.031742197154543,35.163106226276625,60.27116911519239,18.0,47.30465834366605,25.908375777233978,22.001427572603575,22.00674545879059,23.13402593455487,30.243833513967274 
 06/24  15:10:00,27.031719722248237,26.88400544356971,34.488608337352254,60.626186900379814,18.0,46.60386921322204,25.923321240745533,21.959973329045624,21.964711127466614,22.93833569972361,30.24866100703923 
 06/24  15:15:00,26.865514491758656,26.726994304690677,33.78667964556383,60.90051102068432,18.0,45.91483432274725,25.9377431616027,21.919209010115424,21.923312038073618,22.750401223279027,30.250353046019768 
 06/24  15:20:00,26.693859621425997,26.564193800713397,33.06676097552015,61.11675250700479,18.0,45.07647626364959,25.951748733430538,21.879316764305145,21.882746834560066,22.57165650543635,30.24943436449064 
 06/24  15:25:00,26.519286807570666,26.398074438062082,32.334914281474084,61.28810267242784,18.0,44.2556377034249,25.96531037532315,21.840275832641737,21.843013852360514,22.403375789067127,30.245733227084486 
 06/24  15:30:00,26.343591884018768,26.230402348088518,31.595270283174838,61.42277246288022,18.0,43.36096618525951,25.978526678665855,21.802110547110544,21.804160846750165,22.246984950187766,30.23906562522177 
 06/24  15:35:00,26.156456628970968,26.050845776991903,30.833932560055885,61.44762791566792,18.0,42.43976361493679,25.991375572387142,21.75909277146144,21.76048220768996,22.097010786150804,30.20334487679071 
 06/24  15:40:00,25.966580494187816,25.86810503082796,30.06630021925998,61.42165358785757,18.0,41.4852866808988,26.00280656253523,21.716731433216296,21.71752687230469,21.962498433275925,30.144690696127896 
 06/24  15:45:00,25.776468606122215,25.684696294780434,29.29720591381718,61.35669644241135,18.0,40.55056894945119,26.013761151457935,21.675367545172833,21.67566858504665,21.845342182054765,30.090171433823116 
 06/24  15:50:00,25.587536361060664,25.50204989947782,28.52961106613442,61.259209667993794,18.0,39.60682344771291,26.024334221753893,21.634989545115786,21.634933924076677,21.747169794252045,30.032645108696443 
 06/24  15:55:00,25.400707037216126,25.3211064462994,27.765615782099157,61.13335230369604,18.0,38.68300815110783,26.034513222587368,21.59554971712174,21.595318071730617,21.669627097537955,29.97126513057583 
 06/24  16:00:00,25.216600651016268,25.20330423529655,27.069377042982453,60.98198748533777,18.0,37.77436797050507,26.04441804334023,21.55708563758708,21.56111258768999,21.617904541107123,29.90595511204606 
 06/24  16:05:00,25.08453131462444,25.359803083562507,26.647267397070713,61.017892124760216,18.0,37.16274121022227,26.054249587831553,21.54336938337144,21.57219318807472,21.601777083048773,29.929806402855945 
 06/24  16:10:00,24.96956103546553,25.616394096778674,26.32503078284148,61.08871684707912,18.0,36.605063275858626,26.072803105295634,21.527070319446466,21.603533908378267,21.582987687953732,29.94791398506527 
 06/24  16:15:00,24.86384473860861,25.93239489213612,26.061888706368883,61.16973731052108,18.0,36.04221614264862,26.084601840436232,21.509176011685383,21.651765393086407,21.560712959533475,29.96298777808073 
 06/24  16:20:00,24.763608310510985,26.287707652028384,25.837587971904732,61.24940578775755,18.0,35.56208109285774,26.096151351906883,21.489049271891986,21.717077839605054,21.54060487343054,29.973707079118526 
 06/24  16:25:00,24.666602179541734,26.670098302234248,25.63983181154964,61.32119593215745,18.0,35.0774357263242,26.107368977350397,21.4723774097435,21.79769419187562,21.520766195593865,29.979505514151242 
 06/24  16:30:00,24.571397572420338,27.071608360023696,25.460692696077395,61.3812323823887,18.0,34.63611343183157,26.11838974247365,21.45240122449536,21.892021920467243,21.501090507463914,29.980276467141607 
 06/24  16:35:00,24.46524404060824,27.46281929482915,25.2827766578512,61.30024492930398,18.0,34.14345125226931,26.129118831621053,21.42795756640055,21.989298593365845,21.475396964569484,29.921018844615617 
 06/24  16:40:00,24.35531488817649,27.852247074775736,25.110404027362446,61.166442993412446,18.0,33.6669377775558,26.13810750284532,21.402923408492313,22.094738788563518,21.449328705626783,29.853483516033407 
 06/24  16:45:00,24.242921026601415,28.239334208614025,24.942828844769675,60.99362290051491,18.0,33.18964110588482,26.146505168839955,21.377731752286877,22.20699883037264,21.423358266568584,29.77984006210596 
 06/24  16:50:00,24.12859895021816,28.62289222887665,24.77911057920782,60.788288619757395,18.0,32.71247813274586,26.154475134543155,21.35244845970226,22.324383441183954,21.3975366621612,29.700707854585403 
 06/24  16:55:00,24.012635579981165,29.001760279442582,24.618456296680773,60.554243899341415,18.0,32.23497646918417,26.16190746974663,21.327031267069287,22.445171055856918,21.37179178004442,29.61630296973658 
 06/24  17:00:00,23.895195309159718,29.374877418496567,24.460227286234048,60.293891853055975,18.0,31.758084958221836,26.168945560569206,21.3015776859761,22.56787174403007,21.34619599979203,29.52691508323136 
 06/24  17:05:00,23.74571728013729,29.693022030442958,24.276463152961604,59.92732493241197,18.0,31.205303679957108,26.17546854889917,21.219730599702586,22.628841809711844,21.26512974959917,29.358085245015104 
 06/24  17:10:00,23.482435252001114,29.933584604513147,23.980568912641072,59.656598218750986,18.0,30.64325164119857,26.13596404874106,21.093890422251093,22.66892613990933,21.138746785923445,29.255402614119134 
 06/24  17:15:00,23.27866697450092,30.192492447311384,23.747694159950136,59.252807429230025,18.0,30.08591093021024,26.132106831379875,21.02549117246997,22.738834065007495,21.072383663452797,29.090231468404284 
 06/24  17:20:00,23.08572491955832,30.442449923353813,23.528133086792202,58.803902219297946,18.0,29.51272617318742,26.13028461672497,20.957816019307472,22.8047463798751,21.00656904716527,28.921938709193853 
 06/24  17:25:00,22.897335012825284,30.680285753008768,23.315166142241903,58.32195158495342,18.0,28.944546701467633,26.128779829790062,20.89020574987694,22.86562707639814,20.940979301344555,28.750266730500357 
 06/24  17:30:00,22.711543453089952,30.904963818348318,23.10651348604246,57.81265193301939,18.0,28.372839524327055,26.12752996883779,20.82375809634243,22.920787538827085,20.87546409139179,28.575567480095742 
 06/24  17:35:00,22.51752711168091,31.04180436157771,22.89089857151754,57.037178136623155,18.0,27.750328264172616,26.126361713037117,20.752569098359402,22.933123285780084,20.804583524189525,28.288266432525973 
 06/24  17:40:00,22.32180564189576,31.132905985402694,22.674720623410522,56.169586110984504,18.0,27.125598918123917,26.122203165392946,20.681356074151836,22.936075515220125,20.733420923146582,27.99753391576155 
 06/24  17:45:00,22.125814229625274,31.18628657842755,22.459288344164555,55.24071106719529,18.0,26.51123039190262,26.117564499504027,20.611149482439657,22.927316074870646,20.66304166935811,27.70372978460648 
 06/24  17:50:00,21.93027440886697,31.205503503840024,22.245219071735804,54.26593169224432,18.0,25.895405136057782,26.112359926316344,20.541900049494416,22.90656835622832,20.593357888013657,27.401338396134065 
 06/24  17:55:00,21.73565286898608,31.19255018722041,22.03289306878334,53.25463294275714,18.0,25.2902019855714,26.106484285930804,20.47354901421795,22.867020481347993,20.52428227996478,27.10723548928695 
 06/24  18:00:00,21.542941389822886,31.154225925082585,21.823242986664205,52.22788862785741,18.0,24.696532846491266,26.100017625343817,20.40650578364705,22.82372392872969,20.456225584305116,26.813143609793656 
 06/24  18:05:00,21.316397337869624,31.06370249563826,21.58078451358422,51.15741138093368,18.0,24.085829840790947,26.093086474399247,20.22475991306385,22.664188028960098,20.271048316792758,26.40712241961762 
 06/24  18:10:00,21.078219522514516,30.936604285610997,21.327340471373812,50.05932012894906,18.0,23.486095449852428,25.96031905639743,20.068341197449627,22.516913917917577,20.112503051811473,26.02671630037264 
 06/24  18:15:00,20.833517011080623,30.77614202151705,21.067968934276458,48.9378091571086,18.0,22.894496967801917,25.931382463316876,19.933237142642668,22.377872348355993,19.97586326105852,25.661162873802596 
 06/24  18:20:00,20.584802070017705,30.58377457689109,20.80517261068923,47.79566969219478,18.0,22.31400665523873,25.90285860787553,19.798161977676727,22.22724393752128,19.838797411133214,25.292598908373748 
 06/24  18:25:00,20.33361521703726,30.360289131550775,20.540490908821596,46.63509555889137,18.0,21.74196340469286,25.876480023826883,19.664829433022533,22.067047392906204,19.703124764988388,24.92235625055008 
 06/24  18:30:00,20.080962311509797,30.10608642780451,20.274929162646483,45.45789735304827,18.0,21.18674881575343,25.851151898449046,19.533294029218155,21.89751441860716,19.568867719477794,24.550323983931378 
 06/24  18:35:00,19.81659109428006,29.742073805926008,19.998054590489755,44.10470653253481,18.0,20.616658823618224,25.826580576527732,19.39611333952064,21.677348898921196,19.42793677391512,24.099723133229418 
 06/24  18:40:00,19.548147598071978,29.31626771337796,19.7175815747069,42.68882573065874,18.0,20.065542206283247,25.800081701995673,19.259490586453694,21.44517448126112,19.28720107252792,23.647935509945455 
 06/24  18:45:00,19.27768679228687,28.83876254367987,19.435595725162823,41.2335468934497,18.0,19.52660001736038,25.77201849752099,19.1234770058266,21.201599617223792,19.146827608936064,23.194221574094342 
 06/24  18:50:00,19.006318393644086,28.31494740019163,19.153226275278303,39.75213177211721,18.0,19.00874408114456,25.742484166631392,18.98927168068792,20.948112159567586,19.007907699652378,22.74029466675745 
 06/24  18:55:00,18.7347650150982,27.731109327363964,18.871207066453394,38.22067446574819,18.0,18.50394879664619,25.712135859432035,18.85760233613405,20.676825355715437,18.87108051637381,22.270624484037683 
 06/24  19:00:00,18.419970471298278,26.876347966138614,18.545912387399415,36.291664585020406,18.0,18.029029463523496,25.680646984918933,18.707477282308503,20.282705029332533,18.71464578643429,21.612883909065772 
 06/24  19:05:00,18.086069090334995,25.938365225019055,18.203269959440565,34.32223186604313,18.0,17.514673102604156,25.640303702675194,18.501898482286038,19.826775745782015,18.48750730046362,20.93466170396448 
 06/24  19:10:00,17.74215562572509,24.916751687651704,17.85134255287078,32.30230648030298,18.0,17.024307644858098,25.593560210960938,18.274827955836827,19.351007207396833,18.246356675682648,20.253314345562558 
 06/24  19:15:00,17.392334889100027,23.81990971574711,17.49402039654887,30.247680124163185,18.0,16.54047285092384,25.546971716012294,18.025628753767137,18.876359887277772,17.992973888781194,19.565281810121405 
 06/24  19:20:00,17.039356602658028,22.655623183863767,17.133959587594894,28.17342439000114,18.0,16.073819546448615,25.497298791617556,17.755501677710413,18.40529987431802,17.72662349015843,18.893336979971878 
 06/24  19:25:00,16.674549277690208,21.369925832424606,16.762322371449443,26.002884672247973,18.0,15.6189879274314,25.44544141108866,17.46073434214628,17.875903994945702,17.44142098316388,18.18867437147094 
 06/24  19:30:00,16.177685234404045,19.31311000494313,16.257557775197157,22.814230303589458,18.0,15.033792820207466,25.38951686384002,16.990679043852765,16.992620915289137,17.008766629872298,16.995885539865867 
 06/24  19:35:00,15.809795494856653,18.22025085790522,15.882918116510224,21.139642266221596,18.0,14.652902575773703,25.311737810490204,16.77465777122029,16.77634482653616,16.784182371164434,16.779183000159037 
 06/24  19:40:00,15.479009537514823,17.408285881739978,15.546259429412936,19.915943986038332,18.0,14.26425332173321,25.262626593782414,16.56276540751702,16.56407060351995,16.571595240863303,16.56726861606262 
 06/24  19:45:00,15.168425113302655,16.75213273776826,15.230542635436754,18.947944706264412,18.0,13.87468732744365,25.214712078934102,16.350539050784164,16.351727938134786,16.35969239907115,16.355378517314023 
 06/24  19:50:00,14.870821520502139,16.1973357339151,14.928424205429668,18.14853269516291,18.0,13.523042530602536,25.168748543490434,16.139127630818905,16.14026156632417,16.148671741613725,16.144280051886994 
 06/24  19:55:00,14.581973852062992,15.711947836310204,14.63558594131807,17.466026433265395,18.0,13.17072540684053,25.124414889997762,15.928615151006056,15.929718556272746,15.938456172476208,15.93398789599911 
 06/24  20:00:00,14.2991883762097,15.275615971114373,14.349260859375153,16.86726117932913,18.0,12.840675089946451,25.08127208238901,15.71884865790014,15.719937383659271,15.728862591390453,15.724332039875662 
 06/24  20:05:00,14.05365695064555,14.907659160295466,14.100215872681279,16.363093682043758,18.0,12.545379695267712,25.039203346397496,15.54332285567068,15.544410775274173,15.552910437445348,15.548328642789897 
 06/24  20:10:00,13.824037925007463,14.578692002871412,13.867423113699363,15.917845689582544,18.0,12.271282547326825,24.935323688971256,15.378819653867538,15.379873183707105,15.38789336407558,15.38331542561491 
 06/24  20:15:00,13.604622977623583,14.277428245014946,13.645196063470465,15.515927787682005,18.0,11.99648900453133,24.86988090994738,15.225412359335792,15.226490251507869,15.234050571645696,15.229443622738472 
 06/24  20:20:00,13.392357225889953,13.99686578660865,13.430464315245453,15.147140435783085,18.0,11.742529184604322,24.807577237626536,15.073717985090752,15.074819785353043,15.08185224543979,15.07723781519428 
 06/24  20:25:00,13.185271834610509,13.732114626202236,13.221234045576361,14.80424546601886,18.0,11.488017085698603,24.749150914945975,14.923779058877358,14.924914101542413,14.931355827799678,14.926742134636811 
 06/24  20:30:00,12.98202733494151,13.479694418883335,13.016138536385489,14.48194816204565,18.0,11.246697247855662,24.69306387486083,14.775037238272205,14.776212275085413,14.781993556509974,14.777388893049988 
 06/24  20:35:00,12.781684493227232,13.237033000700183,12.814211906272925,14.17629263321773,18.0,11.00491917510576,24.63921946407834,14.627385696885597,14.6286075570369,14.633656352034393,14.62906662660339 
 06/24  20:40:00,12.583569488210259,13.002169113663745,12.61475547800603,13.884270687294055,18.0,10.771794300263602,24.587064292327973,14.480561614277121,14.481835485292095,14.486077068704276,14.48150773278627 
 06/24  20:45:00,12.387189788754828,12.77361100543025,12.417254082921914,13.603559372556404,18.0,10.53827032880077,24.536424092221626,14.334513565599991,14.335844424908998,14.339203057393888,14.334657834763561 
 06/24  20:50:00,12.19217969567989,12.550208864575461,12.221321668696758,13.332340252754024,18.0,10.310517780359556,24.486926447774398,14.18907226220756,14.190463711380062,14.192862600787862,14.188344831106917 
 06/24  20:55:00,11.998264035704569,12.331065962013666,12.026664890916408,13.069172286934759,18.0,10.082403926561426,24.438505090105675,14.04423961772352,14.04569513404681,14.04705721329401,14.04256877163482 
 06/24  21:00:00,11.805233340962817,12.115475566754423,11.833058117000476,12.812900784845532,18.0,9.85816801465049,24.390898500361597,13.899899305370582,13.901421206976636,13.901669156444768,13.897211665651014 
 06/24  21:05:00,11.628756791222058,11.91915066468947,11.656752730346742,12.57998117108834,18.0,9.645931067840182,24.344088753508647,13.790779852338915,13.792375337503813,13.790333408019933,13.785896960788023 
 06/24  21:10:00,11.459093746016604,11.73171859729482,11.487680220412596,12.359043690686814,18.0,9.438421749965306,24.294605049927675,13.734115242006453,13.735770176968458,13.73103972630571,13.726659057068957 
 06/24  21:15:00,11.293806404723492,11.550391828586418,11.32330750883067,12.146921998327404,18.0,9.22997369741682,24.35138136004801,13.692069233699556,13.69382059744646,13.68602255696112,13.681631442251728 
 06/24  21:20:00,11.131626070678955,11.373640429268882,11.162308027792783,11.94170607042832,18.0,9.026791768433101,24.402216965758484,13.638864885557439,13.640667121762476,13.629561911151313,13.625193433815525 
 06/24  21:25:00,10.971739379384484,11.200443952476798,11.003826085810074,11.742228781066137,18.0,8.822715849313118,24.44249893604564,13.578795413090916,13.580645868179545,13.56600799822661,13.561657618163792 
 06/24  21:30:00,10.813593201069347,11.03008170010663,10.847275842834184,11.547556969755371,18.0,8.621361936469214,24.47343871248568,13.513492337817809,13.515385254931402,13.497021255784261,13.492686709783868 
 06/24  21:35:00,10.656800764216726,10.86202955552304,10.692244351627759,11.356980158589604,18.0,8.419129764920527,24.49724035654848,13.44474989450697,13.446685944593298,13.424419067900487,13.420091336833934 
 06/24  21:40:00,10.501087272312942,10.695899039520024,10.538435207141005,11.169950446245313,18.0,8.218001298291362,24.515643290535582,13.305756222699017,13.307754645435693,13.282420011079523,13.278083145974847 
 06/24  21:45:00,10.346255491380802,10.531398048308644,10.385632781206482,10.986037409016294,18.0,8.015988488365482,24.438324960627778,13.160738597750537,13.162777620752934,13.134421786934638,13.130156674637988 
 06/24  21:50:00,10.19216252041028,10.368303893477858,10.233678018266337,10.804897082677014,18.0,7.813944262206975,24.34788036275153,13.028300417299704,13.030412125379712,12.998859425042951,12.99463735605923 
 06/24  21:55:00,10.038703218732875,10.206443728338924,10.082451141777339,10.626249145975466,18.0,7.610994492944921,24.262216920563617,12.905186776886012,12.907374572098774,12.8724842672774,12.868295527828025 
 06/24  22:00:00,9.885797706137653,10.045679578511905,9.931858623486344,10.449859158654165,18.0,7.407161865943384,24.18448409435402,12.789543115754952,12.791812480457054,12.753441561771922,12.749274946877449 
 06/24  22:05:00,9.753743127883578,9.905657986414191,9.80135403962111,10.293499595630959,18.0,7.243095604091,24.1130152537151,12.673311728529086,12.67564793210795,12.637524627556445,12.633393635833386 
 06/24  22:10:00,9.630754195768404,9.774968572521127,9.6795409141358,10.146747877699505,18.0,7.088132545691616,23.992964339916014,12.559309848149041,12.56167964983581,12.523909448706036,12.519838211010551 
 06/24  22:15:00,9.513854661674923,9.650699594587282,9.563548059341091,10.006895003687903,18.0,6.933109838877144,23.892466253707955,12.457495458466894,12.459934674385636,12.422304094311244,12.41825751840463 
 06/24  22:20:00,9.401452836381607,9.531277074244185,9.451846191183712,9.872451870598633,18.0,6.793936410594495,23.800997087008124,12.361413799943762,12.363917577455709,12.326328172372996,12.322305953434352 
 06/24  22:25:00,9.292492713037042,9.415645713323832,9.34342448669224,9.742403240725272,18.0,6.654700126552742,23.71693106536414,12.269346482013987,12.271912229377904,12.234285882014547,12.230285400888192 
 06/24  22:30:00,9.186226621380195,9.3030499575793,9.23756950357473,9.61600861448867,18.0,6.5263681025574005,23.638508502074643,12.180086469447815,12.182710342977146,12.144991920128291,12.141012035772633 
 06/24  22:35:00,9.082105459299155,9.192928319965546,9.133758587312133,9.492706367777592,18.0,6.397989259775408,23.56487744601916,12.093035669357448,12.095715084652227,12.057860687981588,12.053899352386054 
 06/24  22:40:00,8.979715046880598,9.084852029533703,9.03159826269404,9.372058184482631,18.0,6.277457973426501,23.49495404831003,12.062264467606553,12.064992299570122,12.026407619864472,12.022485447296049 
 06/24  22:45:00,8.878736673737249,8.978486913500609,8.930786186443676,9.253714542011917,18.0,6.1568897431509715,23.52235421344448,12.025084306085375,12.02788585994324,11.987663756898769,11.9837186727558 
 06/24  22:50:00,8.778921583100146,8.873568662575362,8.831086634965134,9.13739228478627,18.0,6.0421105807134365,23.53960414380642,11.991300668059466,11.994137333976823,11.943100458290417,11.939176940886114 
 06/24  22:55:00,8.680074125582061,8.76988644103914,8.73231438936173,9.022859744168604,18.0,5.927301018825699,23.549436438045497,11.93369438754894,11.936560832833038,11.892982824073101,11.889074543082074 
 06/24  23:00:00,8.582040679061286,8.66727207334197,8.634324193293608,8.909926933078161,18.0,5.816845667372082,23.552709533227656,11.878260848446644,11.881151529310046,11.837973871330973,11.834081624655937 
 06/24  23:05:00,8.496674285682909,8.57768285337149,8.549972011421715,8.811691560341991,18.0,5.707647699037426,23.551370969414222,11.855420196332147,11.8583515659966,11.8136168849461,11.809730702348816 
 06/24  23:10:00,8.416846287754632,8.493900308336679,8.471515642839558,8.720189627845919,18.0,5.601705055708286,23.53640268946311,11.829807382423155,11.832760783201024,11.781852242611194,11.777979655540207 
 06/24  23:15:00,8.340733304986632,8.414067162918789,8.396987575032691,8.633362635052821,18.0,5.495351561655043,23.525926471819997,11.79914241776521,11.802125168179998,11.752213896769945,11.748346767612475 
 06/24  23:20:00,8.267364809004324,8.337189955328556,8.325346372714131,8.550104905916013,18.0,5.391474137390266,23.51134706447536,11.770014857351725,11.77302431789235,11.721484424273513,11.717624597608847 
 06/24  23:25:00,8.196107489556924,8.262617424132982,8.255914999413628,8.469687514397712,18.0,5.2872014074934235,23.494971516169134,11.74047090764833,11.743508823644447,11.689987598097105,11.68613320546342 
 06/24  23:30:00,8.126523108675372,8.189896566657229,8.188226223001225,8.391599358248103,18.0,5.184449215634376,23.476678855614235,11.710207167504052,11.713272948592476,11.657734462087433,11.653884262450106 
 06/24  23:35:00,8.058298118608258,8.118701311668548,8.121946346934282,8.31546860345709,18.0,5.081311567751297,23.457387330416925,11.67946762945951,11.682562679997318,11.625015540560128,11.621167959798868 
 06/24  23:40:00,7.991201995512606,8.048790259383589,8.056830237460401,8.219810454177964,18.0,4.979023804277565,23.43702907321077,11.648304300948894,11.651429223781065,11.591890434311495,11.642975086847741 
 06/24  23:45:00,7.950367259006845,7.979980045767799,7.992693107460223,8.136902744159086,18.0,4.876355838302683,23.415845949351827,11.55735155537036,11.620021687286112,11.558509163757321,11.61545380364305 
 06/24  23:50:00,7.8964986468275535,7.912127976768087,7.929392200287214,8.057965269875599,18.0,4.7740465827135425,23.39360047070921,11.521849916088797,11.588177590728833,11.524717122288962,11.584325256410523 
 06/24  23:55:00,7.8400302261224635,7.845120440845015,7.86681462282963,7.981560311069496,18.0,4.6713592982509144,23.37072934997049,11.487532561119679,11.556186428469118,11.490800274623098,11.552433619079466 
 06/24  24:00:00,7.7824821561589275,7.77886503786403,7.80486911973039,7.907089947511821,18.0,4.568659441589315,23.347240472649055,11.45339167538873,11.524020216727138,11.456735496244846,11.520275041952118 
 06/25  00:05:00,7.697758384884745,7.688034369989523,7.716836853516923,7.808811114312382,18.0,4.45365437000876,23.323177450875438,11.354756941608002,11.425977136913275,11.358118741498174,11.422238022689953 
 06/25  00:10:00,7.601594547315664,7.587075440875084,7.618120253028645,7.701050998888403,18.0,4.335722736658713,23.296039189478336,11.253288798376218,11.325423385869954,11.256677207045641,11.321670746367658 
 06/25  00:15:00,7.49801606836861,7.4795724623045,7.512529282897874,7.5872865946246755,18.0,4.217779511395348,23.268354131663347,11.151338150494098,11.22440779246341,11.154750121677466,11.2206431119846 
 06/25  00:20:00,7.389161728487189,7.367413268279912,7.402058329914226,7.4693252431182575,18.0,4.094855767016682,23.240031687657673,11.049142764877956,11.123144748471645,11.05257769518812,11.119368102336466 
 06/25  00:25:00,7.27642399153015,7.25182871973493,7.288000163530677,7.348337250682051,18.0,3.9719251826666437,23.211101437124135,10.94674055709379,11.02166783840687,10.950198103691832,11.017879243703078 
 06/25  00:30:00,7.136146797647558,7.1336704039608785,7.171244548127907,7.225127461461978,18.0,3.8456183807400106,23.181655483494225,10.914673704684446,10.920021882143487,10.84765574141852,10.916221141476228 
 06/25  00:35:00,7.007916827201469,7.013545763977084,7.0524232641649505,7.123323077591711,18.0,3.7192987290889907,23.151878221190433,10.814363524556939,10.818307301585264,10.745048326755068,10.743631722653845 
 06/25  00:40:00,6.881547223076014,6.8918976305202815,6.931995114337815,7.006887074148997,18.0,3.590610410025984,23.121373632854088,10.712688281869305,10.716245583931823,10.642105534614302,10.638788409797257 
 06/25  00:45:00,6.755717152200438,6.769054426288207,6.810299326685522,6.886158558906642,18.0,3.461905345186568,23.09057999271312,10.610613792466097,10.614140253601192,10.539121386244176,10.535342126048988 
 06/25  00:50:00,6.6300425195140535,6.645263201453273,6.687590516413272,6.76294754312413,18.0,3.331513006288746,23.05940914394023,10.508351541636557,10.511897169187364,10.436005206863683,10.432151334174478 
 06/25  00:55:00,6.50435066551536,6.520712043746313,6.564062280060832,6.638039424801394,18.0,3.201101238711095,23.027882191811877,10.40595484635071,10.409527079854627,10.332767085988507,10.328895763599462 
 06/25  01:00:00,6.378556302320628,6.395545649868281,6.439863505550371,6.511917613927652,18.0,3.069475172098261,22.99603055121564,10.303443316261564,10.307042981184736,10.229419630286088,10.225539570775425 
 06/25  01:05:00,6.277393711605356,6.294675605918326,6.341399595984717,6.4112760312634505,18.0,2.9466517149661686,22.963870554640888,10.268648099069196,10.27228844214784,10.19192697839378,10.188026859985484 
 06/25  01:10:00,6.1865791738716815,6.203911858290007,6.253483320515921,6.321022580838998,18.0,2.8245697979051076,22.932209979264748,10.235843391896537,10.239505319272155,10.156830869203532,10.152927349216952 
 06/25  01:15:00,6.1301808639865145,6.1197370517147744,6.17235991577204,6.21160683395277,18.0,2.701869346216841,22.9006699081401,10.121255516293104,10.207316821804739,10.122414814680724,10.201517936998357 
 06/25  01:20:00,6.0637946596424275,6.040303154266806,6.096067142119413,6.120655407543014,18.0,2.5813019678632054,22.869250254531302,10.085217428587612,10.175375530186784,10.08831991206614,10.1708972875864 
 06/25  01:25:00,5.997436195719258,5.964405995649528,6.02333272308011,6.036579781940254,18.0,2.4601318452459298,22.837955763018613,10.05085749251441,10.143617749294094,10.05448529452849,10.139591045291581 
 06/25  01:30:00,5.931944799235226,5.891211669555785,5.953279208039719,5.956973492449778,18.0,2.3397274093193188,22.806751723480996,10.017154882187185,10.111999902367643,10.020875290503227,10.108024562708579 
 06/25  01:35:00,5.867339211521473,5.820123906009639,5.885281089586978,5.880649000207123,18.0,2.218737753301085,22.775647672015086,9.98374086724823,10.080515392504651,9.987491397960412,10.076536592555613 
 06/25  01:40:00,5.803527687300098,5.750706344484253,5.818881327612766,5.806831912194194,18.0,2.097625929251288,22.74460904130477,9.950539442947104,10.04913117192126,9.95431029706333,10.045140346387484 
 06/25  01:45:00,5.740401568282312,5.682633701389615,5.7537390966785456,5.734979716843939,18.0,1.975941990094875,22.713649921927725,9.91755130136795,10.017847092252623,9.921341051140644,10.013842758397118 
 06/25  01:50:00,5.677857046458215,5.615659799168413,5.689595706748653,5.664699391296229,18.0,1.853508242150908,22.68273939068128,9.884756309605223,9.986633307870136,9.888564679647061,9.98261522231627 
 06/25  01:55:00,5.615801341545022,5.549595988663786,5.626251689382356,5.595699563449576,18.0,1.7305151613666445,22.651893628699366,9.852166005755066,9.955491264099805,9.85599303099292,9.951459260125262 
 06/25  02:00:00,5.554153758022373,5.484296230479952,5.563551011368916,5.527760358721048,18.0,1.6063126241302865,22.621085538867895,9.819764625521998,9.924393018155342,9.823610253318861,9.92034710619157 
 06/25  02:05:00,5.5145101616592065,5.441484046364451,5.523000962719889,5.482379904540271,18.0,1.5433556005787656,22.590332054724467,9.799544197295404,9.90299979340773,9.803387158233079,9.898961492038097 
 06/25  02:10:00,5.484651639451198,5.4089713743419,5.492369313662415,5.4474511788628845,18.0,1.4960176082808216,22.55973400933431,9.779885068906367,9.881908183780638,9.783721437798476,9.877880547479037 
 06/25  02:15:00,5.461451147278388,5.383613917936076,5.468505340638884,5.419828844865389,18.0,1.4490370267829644,22.529335482000704,9.760589806851044,9.86103030880247,9.764419987221459,9.857012997219726 
 06/25  02:20:00,5.443204654231216,5.36367441548182,5.449685223372669,5.397766731004061,18.0,1.4297569176493699,22.499105288818207,9.741568707650629,9.840302199679627,9.745392561404572,9.836295348516728 
 06/25  02:25:00,5.428766897359127,5.347970492710008,5.434747876548094,5.380072555108731,18.0,1.4105420955542685,22.469053736421486,9.722810944145579,9.81972621386575,9.72662843022266,9.81572985745845 
 06/25  02:30:00,5.417321265769246,5.33564872331572,5.422864065038839,5.365883257779439,18.0,1.411433046315346,22.43914628577677,9.704287012380519,9.799281989865335,9.708097966538332,9.795296293368835 
 06/25  02:35:00,5.408266910323048,5.326073439675823,5.413422829919594,5.354554194227048,18.0,1.4122643321365194,22.40939540918779,9.68599983282951,9.778981995202685,9.689804201130414,9.77500701135807 
 06/25  02:40:00,5.401151447829294,5.3187600981998315,5.405963649278715,5.3455926004646175,18.0,1.427962958332475,22.3797693737184,9.667925606896688,9.758810141213985,9.671723213880796,9.754846049491675 
 06/25  02:45:00,5.395627868114321,5.313332348752085,5.40013292253126,5.338614651760884,18.0,1.4435021056313215,22.350282713076755,9.650070285944821,9.738780829323446,9.653861061435975,9.73482770013129 
 06/25  02:50:00,5.391425746100615,5.309493166900768,5.395654855268509,5.333316539799016,18.0,1.4700369449988457,22.320907181007794,9.632413413664608,9.718880376744039,9.63619716957237,9.714938402212056 
 06/25  02:55:00,5.388331405070493,5.307004826735532,5.392311369134194,5.329454376315476,18.0,1.4963353556545098,22.291658755708248,9.614962387795572,9.699123666647893,9.618739034918406,9.69519293588337 
 06/25  03:00:00,5.3557215131500415,5.305674661846771,5.389927898343101,5.326829884249993,18.0,1.5307050914896092,22.262512189673156,9.673578462421005,9.679498546351624,9.601468457776832,9.675579264557769 
 06/25  03:05:00,5.360552284468607,5.294920161230811,5.376942978377275,5.314835079286982,18.0,1.5680999670089169,22.233660359004805,9.550736332497877,9.626715236825078,9.552370234599834,9.622816510964071 
 06/25  03:10:00,5.347890728168798,5.280418039460388,5.359668996083302,5.2991546798915055,18.0,1.6113417813373376,22.204213510992265,9.498928311948816,9.572837159960727,9.502164498601928,9.568951566555995 
 06/25  03:15:00,5.330359291832234,5.263509461970108,5.3396153561866155,5.28112944980815,18.0,1.6534269095156036,22.174820666887054,9.448342448374376,9.518875285670788,9.452003727132308,9.515003436839606 
 06/25  03:20:00,5.310001820046816,5.244878394217822,5.31755855945359,5.261441620252533,18.0,1.6995544371633269,22.145328977335975,9.398217081659425,9.46488191705538,9.40193528381235,9.46102433479416 
 06/25  03:25:00,5.28765994857186,5.224961142880582,5.293998179888255,5.240525323834508,18.0,1.7444817504751287,22.115768355052882,9.348288614849025,9.410921481629487,9.3520087428127,9.407078329739079 
 06/25  03:30:00,5.263843381868043,5.2040530526839115,5.2692761799209675,5.218673526549732,18.0,1.7910694205142803,22.08614037144862,9.29851347495503,9.357010410735256,9.302226673074074,9.353181888392669 
 06/25  03:35:00,5.238893056719397,5.182359782322658,5.243634200433719,5.1960894170635905,18.0,1.8364533284906308,22.05646903047903,9.24889524911373,9.303172811770082,9.252600087332212,9.299359042790229 
 06/25  03:40:00,5.213046710657145,5.160027293332177,5.217246975616652,5.172916463100309,18.0,1.8818237338916208,22.026751936600714,9.199426971660046,9.249414296310306,9.203123128978575,9.245615452504978 
 06/25  03:45:00,5.186474754605231,5.137160678249828,5.190243249035463,5.149257282609885,18.0,1.9260123321579528,21.997010741995968,9.150116686738727,9.195753817692434,9.153804090616177,9.191969996856983 
 06/25  03:50:00,5.159302002990978,5.113836476579269,5.162719418444535,5.125185987860071,18.0,1.969026557830686,21.967274985597598,9.100962262528014,9.142198722906585,9.104640937200713,9.138429946777308 
 06/25  03:55:00,5.13162154394123,5.090110971077056,5.134748709061112,5.100756500231209,18.0,2.0108983210048135,21.937525131041568,9.051956805005318,9.088750447775851,9.055626713505774,9.084996798435213 
 06/25  04:00:00,5.103503917922264,5.066025903718299,5.106387488146771,5.0760082782101446,18.0,2.0508193834890953,21.90775517201483,9.003091918138466,9.035408144987969,9.006752990961445,9.031669732038893 
 06/25  04:05:00,5.098358900481462,5.062061398364323,5.101044127396102,5.071463560159648,18.0,2.076158324359244,21.877998419653903,9.022524622273636,9.056727461957735,9.02620061883215,9.052971580968858 
 06/25  04:10:00,5.102491083972141,5.066254596992674,5.1050093686452,5.075126610766375,18.0,2.0968175144697296,21.84916302643046,9.047308153187657,9.08342480867168,9.050979578682359,9.07967331781606 
 06/25  04:15:00,5.112546301449955,5.075669289432613,5.114921769798816,5.084050920366268,18.0,2.1173320732421033,21.82077970932582,9.074237174183622,9.112314236004181,9.07790680338303,9.108563599361219 
 06/25  04:20:00,5.12679102549372,5.088784524043248,5.12904273500638,5.096709334965886,18.0,2.1312994293920955,21.792791549450513,9.102089908272433,9.142124126809733,9.105758929259991,9.138372957911542 
 06/25  04:25:00,7.571945842165511,6.719863619818954,5.393080308560709,5.36115573847804,18.0,2.4523618061607526,21.765220441882246,10.391922652930816,10.056545612408854,9.406662311390733,9.480096271583193 
 06/25  04:30:00,8.836840068917885,7.52958781753989,5.545772667637125,5.5139709451775625,18.0,2.5807474307688385,21.77886960343879,10.517691429560955,10.139625389182356,9.4587848221596,9.531852434168627 
 06/25  04:35:00,10.87585657177437,8.780759504034297,5.7166272756297785,5.685307156389819,18.0,2.7543751207440708,21.7646507253702,11.200458855329543,10.571563666378438,9.565591707506883,9.647725957283114 
 06/25  04:40:00,13.078947108240117,10.043092552439186,5.881140223704941,5.862700359153792,18.0,2.9503779077069474,21.765056501352767,11.86364769229317,10.92929337095137,9.65419369406925,9.684494789528003 
 06/25  04:45:00,15.383554724676525,11.320724304116519,6.048123633425347,6.034980079824136,18.0,3.1645359328114506,21.765576874423623,12.472705601143105,11.278424117579391,9.729347798078038,9.740846727575672 
 06/25  04:50:00,17.7760761420358,12.594205329003806,6.219696441842915,6.209934548485056,18.0,3.4258655331531154,21.76881797786862,13.092436205464992,11.617681099837512,9.795573671504485,9.79267635174665 
 06/25  04:55:00,20.105050631637642,13.78137826214179,6.396917201346968,6.389533011906634,18.0,3.7060572524178808,21.775183326339285,13.655160645112403,11.911888037000836,9.86407284853351,9.855665721708078 
 06/25  05:00:00,22.226379852425723,14.811613608252676,6.580468285631224,6.574817787787843,18.0,4.043380382424807,21.783510495910914,14.11936112900355,12.142644019873558,9.934739214498904,9.921149668798876 
 06/25  05:05:00,24.68039868480058,16.0456019895847,6.946989068637696,6.942651359733751,18.0,4.521174552152801,21.791893201284772,15.008679380087301,12.703724027008548,10.28392251292098,10.265451665903754 
 06/25  05:10:00,27.015016314184738,17.182008136891113,7.335787078853739,7.332471665438898,18.0,5.091947946989528,21.821386475092847,15.752567622641891,13.172958536270585,10.603680147793568,10.580805628837254 
 06/25  05:15:00,29.328057235897045,18.27325033902615,7.754911915587255,7.752430338335442,18.0,5.681470199638715,21.843237603416245,16.49711935407265,13.63293375294296,10.924713559895508,10.897841799230719 
 06/25  05:20:00,31.626780678760078,19.32201039585657,8.199392400709213,8.197631394479334,18.0,6.390089288641776,21.86943439296958,17.23846180842179,14.081245827737462,11.247385769092716,11.216861887247205 
 06/25  05:25:00,33.91114127505823,20.32747571467293,8.664987316260335,8.663887634668761,18.0,7.1179812897250105,21.897129947007233,17.976683816467016,14.516421117200252,11.571051287925627,11.537194471520593 
 06/25  05:30:00,36.1795641348772,21.288591830505002,9.148627361125694,9.148164706654361,18.0,7.954552182172914,21.926646475390516,18.712008713440355,14.937741145519112,11.895820755093155,11.859018441523062 
 06/25  05:35:00,38.11438204158437,22.071972667862504,9.634504828506467,9.634672640913161,18.0,8.753788344330252,21.958089394403974,19.28278537819739,15.264044985639543,12.210764973384812,12.172391720253017 
 06/25  05:40:00,39.927632517307316,22.76860809343485,10.127791176967547,10.128586217944305,18.0,9.6351556449939,21.98733007787379,19.857866435333108,15.580876718576633,12.52550494024183,12.485959795551935 
 06/25  05:45:00,41.66068184701322,23.39964226405677,10.628805074639565,10.630217252346768,18.0,10.52813839094294,22.017273729724533,20.430264678507285,15.885739963266758,12.841086122265551,12.800779863009097 
 06/25  05:50:00,43.334151935154495,23.976131290558907,11.137389685425378,11.13939627672782,18.0,11.482122791454005,22.047777129902432,20.99996026850738,16.17810742487245,13.157297830484254,13.116631790343149 
 06/25  05:55:00,44.94577195344586,24.499717211454097,11.652604864176553,11.655168395684923,18.0,12.459719219515511,22.07898658895605,21.559210073829433,16.454644090967236,13.473751671596744,13.433115092940398 
 06/25  06:00:00,46.52949254313356,24.984644255466566,12.175395230026139,12.178451282814002,18.0,13.511359047510878,22.11057535222049,22.12438209401637,16.72158393254142,13.791160222081771,13.750929444981352 
 06/25  06:05:00,48.03909647208556,25.4085417826622,12.698737417731046,12.702197653106966,18.0,14.55871354616329,22.14312523171984,22.651809518961272,16.942707944997892,14.087555923891784,14.048199245057162 
 06/25  06:10:00,49.5037388495745,25.78735091394688,13.224639638943927,13.228420582449225,18.0,15.668953068495751,22.180067368128533,23.186477081248086,17.17452141412764,14.402078440063178,14.363951467635616 
 06/25  06:15:00,50.92966045313813,26.125729248566866,13.753427541385708,13.757439180932623,18.0,16.78606286710113,22.23093534440717,23.716143186318334,17.37721802978831,14.717859140910377,14.681242950411729 
 06/25  06:20:00,52.32016985863368,26.426521212627023,14.285072911609427,14.289223280190056,18.0,17.955866930368682,22.280171604411063,24.239269126611248,17.57430453872854,15.031963149775834,14.997135941856754 
 06/25  06:25:00,53.67720708721325,26.6917425660506,14.819458947843362,14.82365727344604,18.0,19.13164219887604,22.3285634933183,24.75649430359715,17.759774322252213,15.35455753418671,15.321759264745651 
 06/25  06:30:00,55.001883282454315,26.922896305451168,15.356433779942522,15.3605929303027,18.0,20.354983300390582,22.37572738402536,25.26760572427014,17.933722815857266,15.659414224189277,15.628854776588923 
 06/25  06:35:00,56.04562162597735,27.06144528667576,15.889770216331852,15.89380879435217,18.0,21.50781394129701,22.422250386095325,25.637975817543634,18.065847947061684,15.976125606090307,15.948409716963283 
 06/25  06:40:00,56.98842292427916,27.15267018232887,16.421906765683392,16.425750501718426,18.0,22.680646546233707,22.46520188889827,26.026613433710622,18.193889080467954,16.27512240067847,16.25026368895908 
 06/25  06:45:00,57.861383187579406,27.207866511505824,16.95318590168174,16.956768602471474,18.0,23.853046094517712,22.506238309400416,26.401056693825524,18.31949141703251,16.590247719602303,16.56826016706657 
 06/25  06:50:00,58.68044265001185,27.2332827197352,17.483682771428168,17.48694700451371,18.0,25.023866618816594,22.546191103627617,26.769987589148627,18.444056742155908,16.88851870010069,16.869344225525765 
 06/25  06:55:00,59.45516417073798,27.233047916640807,18.01339287917593,18.016290339198804,18.0,26.19460332189607,22.58701850477637,27.13347873414989,18.569637811010466,17.203563028725057,17.187146599657012 
 06/25  07:00:00,60.191544412841495,27.210048012593894,18.542274300679036,18.54476592159015,18.0,27.36610403336355,22.628028518125337,27.482217447737753,18.697726801762315,17.501783330987735,17.48799062055366 
 06/25  07:05:00,60.897291863540445,27.169921756461108,19.073649667536554,19.075705615377824,18.0,28.541141673594527,22.66933933558371,27.868862962060746,18.873225492623533,17.849328257846196,17.83803127802537 
 06/25  07:10:00,61.57220057033386,27.112009866531903,19.605447008870346,19.607046211878,18.0,29.71842839245358,22.78917999548849,28.194343102782113,19.004300807405457,18.151111377998348,18.142039497535222 
 06/25  07:15:00,62.217526747619395,27.037033729129924,20.137099156463254,20.138229019369355,18.0,30.89500139708311,22.797481982393542,28.496863010687548,19.14024266483193,18.431036941313664,18.424057887317474 
 06/25  07:20:00,62.83418853453699,26.945701537205867,20.668269089981706,20.6689249798199,18.0,32.074323126006746,22.78817260169066,28.801493788756716,19.282828282369337,18.719298182985995,18.714185387034604 
 06/25  07:25:00,63.42282020813023,26.83863276882352,21.19871091995776,21.19889553372543,18.0,33.2526137782977,22.777111887117492,29.105488015445758,19.438034734756172,19.01600265716081,19.01246526286036 
 06/25  07:30:00,63.9838476404066,26.716365282243046,21.72823249058779,21.727955102347455,18.0,34.432465774801464,22.76971951055148,29.4082289876402,19.612483526260917,19.317117917083237,19.315070097993953 
 06/25  07:35:00,64.20432366910532,26.666575737876215,22.362642781792864,22.361918561295738,18.0,35.53057602833173,22.76743241736179,29.539132490943075,19.860083708019033,19.675837635231346,19.67492798392277 
 06/25  07:40:00,64.4854399200373,26.521074669133334,22.900611089907855,22.89946055692067,18.0,36.611114240130966,22.770461100408323,29.781326169976808,20.053515340743786,19.958696516720295,19.95854214534893 
 06/25  07:45:00,64.73933820476186,26.247962836201932,23.470740486601095,23.40797498766765,18.0,37.68926531623822,22.774757004217847,30.005488545810124,20.254034628099134,20.272411668954646,20.24350049411612 
 06/25  07:50:00,64.96515868284418,26.081791420218263,24.054036315482836,23.899270956604425,18.0,38.73302584407026,22.782054086109834,30.225633046473433,20.526866263860143,20.559388385644752,20.529105335562008 
 06/25  07:55:00,65.16412412033817,26.165268158505544,24.873362283522003,24.378509950051242,18.0,39.77521709251357,22.792576557425278,30.432557650465867,20.81372285315865,20.88064988121846,20.81532739896386 
 06/25  08:00:00,65.3373457007794,26.347314735387176,25.784566490936523,24.84879270482915,18.0,40.79127100820328,22.805662076709687,30.652504866613015,21.100509935843036,21.226252058609532,21.101874594637422 
 06/25  08:05:00,65.32967973719782,26.5117723301312,26.669623032253885,25.23669202290925,18.0,41.65310425980262,22.82103917955742,30.781291813093276,21.379236356299884,21.586764048406735,21.380181465150145 
 06/25  08:10:00,65.25359941529425,26.688001920761405,27.553812772418976,25.588541860269242,18.0,42.45932484238956,23.088707283527565,30.89011801287677,21.62082597255028,21.925988362722364,21.619515258378783 
 06/25  08:15:00,65.12729107827892,26.874951052991943,28.434416913048917,25.91606034946761,18.0,43.25954897441589,23.211119085314504,30.9570159442639,21.819493923477012,22.238179330346327,21.819169127274392 
 06/25  08:20:00,64.96020254508481,27.070114778673343,29.3078672345572,26.2255834481965,18.0,43.977480610905594,23.323457814116598,31.014821109910145,22.01429110656261,22.5553328294896,22.01337829736974 
 06/25  08:25:00,64.7580996209513,27.27140617096156,30.171380325564943,26.521270173290517,18.0,44.691566452129535,23.42470609694669,31.063388028395934,22.20377064712028,22.875531997330768,22.202243074222736 
 06/25  08:30:00,64.52472257942391,27.47720428179931,31.02289708041581,26.80600720592207,18.0,45.34288743931616,23.51784890824403,31.10465219136904,22.389253952036483,23.19364430855518,22.387135115225647 
 06/25  08:35:00,64.30677447032103,27.69473433629322,31.875092930359383,27.090353010762115,18.0,46.02095444889289,23.60468621226067,31.162183015755204,22.576196709305464,23.524321847224996,22.573527063286747 
 06/25  08:40:00,64.07291596407458,27.917769158973986,32.718903492419685,27.370555306656918,18.0,46.655245213675975,23.687430997331017,31.213660979141366,22.76100789891052,23.85709496877837,22.75785274589782 
 06/25  08:45:00,63.81896028127022,28.144333359482015,33.551801820353916,27.646500978269117,18.0,47.28508844315658,23.766234289757065,31.2603976393666,22.943804585941393,24.19044999013113,22.9402416550343 
 06/25  08:50:00,63.543122528043426,28.373213407072715,34.372318092420905,27.918407242165983,18.0,47.88522823918725,23.841997368242723,31.303123349469047,23.12503423135672,24.52358314115054,23.121150366474353 
 06/25  08:55:00,63.2445331665008,28.60355176034316,35.17945577827621,28.186528393394862,18.0,48.48038138620652,23.915053508686114,31.342233557691884,23.304830982671433,24.855570837920936,23.300720655888767 
 06/25  09:00:00,62.92279411851129,28.834716400276914,35.97251069594609,28.45110609898136,18.0,49.047938898833976,23.98597714947247,31.37816255472933,23.483468526160777,25.185769067231377,23.47922978579743 
 06/25  09:05:00,62.72066070734999,29.062066326738922,36.796739226645265,28.706778475190763,18.0,49.81348570331877,24.05486861857492,31.429068284901177,23.596459589276606,25.474459031368383,23.59215184272199 
 06/25  09:10:00,62.53314925436829,29.288384873315742,37.6277646403048,28.957973769917423,18.0,50.596272193297835,24.096244386702296,31.476694372439113,23.709060491298885,25.76493433473439,23.7047813937387 
 06/25  09:15:00,62.34243917217246,29.514183368972027,38.46053247853998,29.20590629276433,18.0,51.378498155866424,24.150034008316094,31.51357271724703,23.824169613982235,26.05899458912768,23.82000469408058 
 06/25  09:20:00,62.1395463132665,29.739655907521254,39.29232546299088,29.451253358317945,18.0,52.21683436546839,24.203626787009227,31.56360654724051,23.938806873166186,26.35291135504349,23.934861560151433 
 06/25  09:25:00,61.91902683761379,29.964885914112713,40.121230894632816,29.69446223031977,18.0,53.0518797350617,24.25699046850818,31.591538645396327,24.052922410728343,26.64606101866201,24.049297664617598 
 06/25  09:30:00,61.6773549556394,30.189900627443475,40.9457640475583,30.002550308030205,18.0,53.92138840809976,24.310237190013602,31.629876156769797,24.166534177263657,26.937932011243845,24.177165818202752 
 06/25  09:35:00,61.07407909130018,30.422524328575506,41.74651242564747,30.281053360468565,18.0,54.733615545311004,24.363182525736626,31.483161561078305,24.283518934255426,27.218595507780663,24.295918318066924 
 06/25  09:40:00,60.62225398137644,30.657165023309528,42.53177883539756,30.552941790987738,18.0,55.55536240345004,24.415295014100643,31.462077303993567,24.399082985280415,27.494899624231437,24.412768059743144 
 06/25  09:45:00,60.17020657500813,30.892438694756756,43.30231126170079,30.820752510380004,18.0,56.3727697737357,24.46723272152612,31.43484801455611,24.513706929570333,27.766855528355904,24.528556173572838 
 06/25  09:50:00,59.70534217831073,31.127610674586375,44.05809174613347,31.085175047934776,18.0,57.179422786795016,24.518718272063268,31.39966978494681,24.62716954628752,28.03399486106366,24.643104980041812 
 06/25  09:55:00,59.223280906265586,31.362211064059572,44.79887831975147,31.34651193177714,18.0,57.98226353371247,24.569708709998338,31.354809063243806,24.739444822639257,28.29608210115407,24.75637751030905 
 06/25  10:00:00,58.721726336761144,31.595925885547413,45.524326869775024,31.60490681786026,18.0,58.77301424477572,24.62022186384566,31.298972792783957,24.8505392720524,28.552939997844646,24.86836071304299 
 06/25  10:05:00,58.07590206386901,31.788029105456367,46.12978438391236,31.81351303280109,18.0,59.291668854238964,24.670210797371066,31.163711063735377,24.946545003127426,28.746389085877638,24.964336707688858 
 06/25  10:10:00,57.375116644114215,31.962928973952263,46.681475288192296,32.00054662612418,18.0,59.7489476982475,24.713512282110724,31.01749717938145,25.041690069436868,28.93213781549997,25.059336391017382 
 06/25  10:15:00,56.6349916551531,32.126109276623524,47.19236394096205,32.17248560951683,18.0,60.20058891526948,24.759186894508186,30.860558732555205,25.13685767208358,29.11139951201841,25.154301135583637 
 06/25  10:20:00,55.86340659879291,32.28039627906097,47.669039027872095,32.33274823777006,18.0,60.538529092537736,24.804537066313827,30.69170038250502,25.231405872842288,29.283821465565723,25.248570911290017 
 06/25  10:25:00,55.06518160492903,32.42761344256714,48.11562736601771,32.48358123047571,18.0,60.87552379344789,24.849521417248923,30.51029756977266,25.325345327017658,29.449564293747926,25.342144954836044 
 06/25  10:30:00,54.24347486389597,32.569026369988926,48.53488695925008,32.62657060889226,18.0,61.13035136117394,24.894161448342487,30.315953034705217,25.418731608087626,29.608803851873972,25.435072960799175 
 06/25  10:35:00,53.30227379486687,32.678307180784905,48.83497195296999,32.73538792034561,18.0,61.22707977890033,24.938392948466404,30.05520985827934,25.497115039918185,29.711085432682353,25.51255826690368 
 06/25  10:40:00,52.31935366569833,32.77336307067342,49.07922893652558,32.82828804069962,18.0,61.2371598202394,24.979936337730802,29.784622077809615,25.57194009722292,29.804077476800785,25.586366251770585 
 06/25  10:45:00,51.31088255802826,32.858699011304665,49.28087413904563,32.91000265926115,18.0,61.245382526445105,25.015795333532665,29.506312405522976,25.64516740700401,29.889366494481692,25.658504016293477 
 06/25  10:50:00,50.285562302033576,32.93681584678832,49.44697376186724,32.9832244387105,18.0,61.15316024243074,25.04948651313222,29.22267017903505,25.717950813885352,29.968265843175345,25.730160057808064 
 06/25  10:55:00,49.24905618083323,33.00941510333321,49.58214849591184,33.04981913945851,18.0,61.06090367344043,25.081595934910478,28.935576955923807,25.790374414540224,30.041065402863182,25.80143506914976 
 06/25  11:00:00,48.20534303540188,33.07774214601936,49.68964662852462,33.11117382055452,18.0,60.8972992205408,25.112534519988312,28.647571601280333,25.862639862587002,30.108189559598657,25.872545024490364 
 06/25  11:05:00,47.20018429909627,33.16253035291196,49.83524304377691,33.194595653721315,18.0,60.896575904071284,25.142299423159645,28.381008358806525,25.945207747738664,30.202892891037834,25.95475200340428 
 06/25  11:10:00,46.203702623068615,33.251815859811416,49.978082177972375,33.2842698596783,18.0,60.86889986076027,25.177087168263885,28.11651247256077,26.02651142094794,30.29162706799889,26.03562636340348 
 06/25  11:15:00,45.2111948371689,33.34334885293252,50.111370498142826,33.37713914927906,18.0,60.837313239680476,25.20626614948312,27.858079785001337,26.106676079706062,30.374391006685755,26.115289984363358 
 06/25  11:20:00,44.30819240719162,33.43622623277809,50.23220549010515,33.471913457252974,18.0,60.81799993386026,25.23468137840665,27.62962689946596,26.186857004759304,30.452237061550363,26.194920097371437 
 06/25  11:25:00,43.34488021970324,33.53003823389416,50.339112323833895,33.52627606732688,18.0,60.79267877035685,25.26233362615983,27.39752131921449,26.267040149839488,30.525231447625572,26.271488763961997 
 06/25  11:30:00,42.370213275105016,33.624641690517436,50.43137588421532,33.6079437040867,18.0,60.76671359220157,25.28937527463799,27.188216965581887,26.347335728658322,30.593585995745514,26.351206045792026 
 06/25  11:35:00,41.405108218273114,33.71795423337297,50.57359817879328,33.69431307093217,18.0,60.84600923010996,25.315860849330544,27.011594280136478,26.42674567933136,30.693935006870674,26.43020411186251 
 06/25  11:40:00,40.435006921785195,33.8116877781868,50.72234711164202,33.78409207654019,18.0,60.93587827835762,25.342400889967713,26.869316930400714,26.506837327377127,30.789985184168984,26.509951587200476 
 06/25  11:45:00,39.45699220595737,33.906313925837146,50.869287411733126,33.87658783685065,18.0,61.02059815281101,25.368649197059984,26.770509991624408,26.587381710106342,30.882190294374368,26.590237985958368 
 06/25  11:50:00,38.46962708121046,34.00210813364296,51.010313372846554,33.971421907667114,18.0,61.130811170922144,25.39479266867417,26.72542152770575,26.668480655071846,30.970627931641616,26.671196704145927 
 06/25  11:55:00,37.58394230641324,34.09925505091851,51.14295241507508,34.181160298790395,18.0,61.23494763240224,25.42082371203936,26.747036565158453,26.75015006660226,31.055318755629628,26.763923686283988 
 06/25  12:00:00,37.11929159101693,34.19787494956139,51.26562542519815,34.82694581058969,18.0,61.348785065374855,25.447301514815827,26.833802184628837,26.832641270302133,31.13650137920456,26.93684418890348 
 06/25  12:05:00,36.628367093508764,34.16657129079879,51.057790922885516,35.49949001588497,18.0,60.76038703274089,25.475040318489718,26.795217606875212,26.794518979847226,30.998114410735866,27.042964992197824 
 06/25  12:10:00,36.17548218177169,34.090476419789255,50.733658181739706,36.21352492673793,18.0,60.05908107080142,25.484776707151585,26.75465832646688,26.754946724855472,30.856802570359378,27.18991065149305 
 06/25  12:15:00,35.75763141112142,33.98938153395829,50.33660218176782,36.95099369625159,18.0,59.36242101661865,25.508639570079865,26.71617689487573,26.717658614245238,30.716333891627187,27.37049807457538 
 06/25  12:20:00,35.369629064827116,33.87334127072055,49.88958610166713,37.698138505924,18.0,58.45369981931214,25.53271768894446,26.677404749972197,26.680251589286172,30.57528008922793,27.573217714023826 
 06/25  12:25:00,35.00737891487145,33.74853404325418,49.40746319163756,38.445588552797574,18.0,57.56607610276614,25.557200634306078,26.638568401126975,26.642972632408885,30.43414835027488,27.79060285324516 
 06/25  12:30:00,34.66770002593651,33.61891916905507,48.900434053880396,39.187000490177745,18.0,56.57171163768931,25.58198737732216,26.599637755820027,26.605806618991778,30.293044659775774,28.01616165304972 
 06/25  12:35:00,34.319535008138125,33.457802280233636,48.31995176310683,39.87367431773197,18.0,55.522437624698775,25.606953717242728,26.547111251754814,26.554590001059125,30.125781227879884,28.224077004294372 
 06/25  12:40:00,33.97990976838902,33.285924891754675,47.711082794295194,40.52906124898338,18.0,54.42319274519955,25.6302024154685,26.49415078580472,26.50298573001146,29.95901711181193,28.428171679363686 
 06/25  12:45:00,33.65139200943066,33.10865664667189,47.085867463519214,41.15670232409496,18.0,53.35114379415484,25.65317613742873,26.44123674373168,26.451448005205634,29.793172650771453,28.625354855903993 
 06/25  12:50:00,33.334610304463865,32.92878872987904,46.45131473602917,41.75804220725793,18.0,52.26239432431319,25.6759521092491,26.388341700981755,26.399948515874996,29.628244375942984,28.812935398807213 
 06/25  12:55:00,33.02953042109813,32.47275299483291,46.59786151344113,42.333971777298885,18.0,51.20140826630843,25.698413907031078,26.335359034337216,26.33389752076266,29.691719022642246,28.988845355895023 
 06/25  13:00:00,32.73579271270953,32.177327071509275,46.27163902964399,42.88515114972895,18.0,50.159081364976615,25.721492544560252,26.28257726435703,26.280192279270977,29.558190788535967,29.15202796317402 
 06/25  13:05:00,32.59013427210521,32.04331268266546,46.08037264583272,43.612349961933496,18.0,49.88331631558896,25.743533236051988,26.260740018605475,26.258290656496058,29.495111980955926,29.3854912661792 
 06/25  13:10:00,32.49407537380917,31.964223049387325,45.91119041151909,44.392115818415185,18.0,49.7319767339587,25.786806010120987,26.231593624487857,26.229228133908236,29.427233348572997,29.606767580448036 
 06/25  13:15:00,32.426653054370206,31.91584674467291,45.74897582739055,45.2010534994285,18.0,49.57150398003137,25.81231072114683,26.18933993496944,26.187173352711056,29.352943968016803,29.821270041791195 
 06/25  13:20:00,32.37804865340649,31.886825027288857,45.58735330580911,46.02830791336025,18.0,49.618125647889805,25.837202714581945,26.153961372625417,26.152068895976583,29.27472094344546,30.02874680190513 
 06/25  13:25:00,32.34249457542859,31.870626923814683,45.42247125554628,46.86745515418278,18.0,49.658706665983644,25.861098727619737,26.11918044335016,26.11762983831909,29.192052653442374,30.228579131265747 
 06/25  13:30:00,32.31635086163303,31.86323723364623,45.251799367393126,47.71439555876518,18.0,49.81629400902762,25.88435986382105,26.084260678052487,26.083112652723344,29.104887595855644,30.421002049244407 
 06/25  13:35:00,32.31712621098876,31.88201145700502,45.124333582456664,48.6325210377808,18.0,50.0478046775697,25.906830705645376,26.063195051333594,26.062451716654323,29.037645726153926,30.63885292146881 
 06/25  13:40:00,32.3307299627996,31.91280500572785,45.0038245026421,49.57938095655363,18.0,50.36676324088709,25.930324343822278,26.0393922274655,26.03913524367772,28.9658824575053,30.853136623831688 
 06/25  13:45:00,32.35345016118667,31.95189177271511,44.882368046150425,50.546179798475364,18.0,50.686238630501194,25.953354795963886,26.014524338662284,26.01480078904001,28.888897702860504,31.064057080789098 
 06/25  13:50:00,32.38326201108084,31.99726725433759,44.755849538499305,51.5283794132906,18.0,51.080409270091096,25.976090102192195,25.989308889982453,25.990153449896127,28.806576804986662,31.272431788471465 
 06/25  13:55:00,32.41882594615931,32.04762962189448,44.62161483679777,52.52304354873163,18.0,51.475550989122745,25.99832889277623,25.963899066015074,25.965334168815275,28.718652317944304,31.479007726867223 
 06/25  14:00:00,32.45918015298959,32.102063461947886,44.47780499298358,53.528092554392856,18.0,51.9227554337133,26.02022212160213,25.938471137890815,25.940508175744696,28.625031419864115,31.684738820648136 
 06/25  14:05:00,32.445958030078046,32.10622745034634,44.21248526925825,54.368917116649776,18.0,51.87271982297876,26.041581926010075,25.948651642678783,25.95122039054945,28.530416766991948,31.850656477478083 
 06/25  14:10:00,32.41463962784588,32.09268548024628,43.899980890927914,55.15275079892032,18.0,51.7673815304586,26.052442840869375,25.96647592883562,25.96951282500737,28.434525592689,32.012482441580005 
 06/25  14:15:00,32.37280575485654,32.068397725680114,43.554936971266166,55.897968470564514,18.0,51.66029960631296,26.07137704853962,25.987576064542054,25.99103869934038,28.33612637610446,32.17064488507867 
 06/25  14:20:00,32.32407309710416,32.036700348053,43.18440031230016,56.61309454447637,18.0,51.41446732660548,26.090184795639125,26.008923417042013,26.012751203690186,28.23380129345628,32.324578814224026 
 06/25  14:25:00,32.27059355423375,32.07196221618805,42.616707382450464,57.30303701407859,18.0,51.17092413144934,26.108731340026498,26.030095479084025,26.04375551427131,28.08194901636648,32.47499311217473 
 06/25  14:30:00,32.2137239153854,32.06333515748924,42.13438889137407,57.97077911066282,18.0,50.84405397053485,26.126886400834113,26.050941606968706,26.06290025445594,27.968934863064987,32.62239271308192 
 06/25  14:35:00,32.13964732799631,32.02826729949503,41.62167478075519,58.538409376005575,18.0,50.454772417880896,26.144809989338302,26.064769826932718,26.075873474203433,27.840134736856953,32.729403776195454 
 06/25  14:40:00,32.05859001869035,31.98125704054366,41.0945142452257,59.0607035011669,18.0,50.004508680870146,26.161134278408426,26.077609186600625,26.08813372611047,27.710770601894524,32.83324792638382 
 06/25  14:45:00,31.97314372750617,31.92639241382487,40.55571540142351,59.54795766387636,18.0,49.55706605081623,26.176822468476555,26.090114146802193,26.100012365417115,27.581459791860084,32.93409528526229 
 06/25  14:50:00,31.884677021684592,31.865843950385276,40.006907376760935,60.005341100234915,18.0,49.0601773512196,26.192018341051327,26.102393915746347,26.11150629558415,27.452814038994575,33.032145139331874 
 06/25  14:55:00,31.794056570318723,31.800961295175476,39.449337320974166,60.43600392648377,18.0,48.56631264916171,26.206657784791116,26.114423645977183,26.122544837300325,27.3254560371347,33.12741654007846 
 06/25  15:00:00,31.701861273057492,31.732630675009283,38.88401697945316,60.84198891357725,18.0,48.044008689852554,26.220852153249822,26.126263858202833,26.133177659068622,27.200179488600725,33.21993632275638 
 06/25  15:05:00,31.591185939079878,31.638348639231136,38.31381964990284,61.24742480237535,18.0,47.59860222577118,26.234548181735878,26.083384907816935,26.088906154255483,27.024422764956,33.274963298176544 
 06/25  15:10:00,31.472670692943357,31.532856499698568,37.734699165586065,61.63774133108546,18.0,47.1453851131834,26.247242812586745,26.032721200417313,26.037322377808835,26.847185014757827,33.32544364225703 
 06/25  15:15:00,31.348687415778134,31.419579048455553,37.14576817405092,62.01092862468481,18.0,46.689749520477534,26.259302642891843,25.980429445585628,25.98410004322767,26.672411661087835,33.37268443253055 
 06/25  15:20:00,31.220397532623192,31.300243002628683,36.54665966583771,62.366179656539465,18.0,46.240763595152764,26.270959237286235,25.927446671024256,25.930126920175212,26.501751620777213,33.41669075332004 
 06/25  15:25:00,31.088508467728,31.175921789022272,35.93721982297586,62.703093733584765,18.0,45.78921723636981,26.282132038986763,25.87388669676318,25.875519227332006,26.336584517826395,33.457221380189424 
 06/25  15:30:00,30.95347940551298,31.047325750243,35.31741012334018,63.02147055154129,18.0,45.33751799545238,26.292908262499026,25.819817509295774,25.82036510132059,26.178453715740375,33.49407110863007 
 06/25  15:35:00,30.82841691383789,30.927998866666954,34.69981559955894,63.33191064199185,18.0,44.89318537280565,26.30325630188436,25.771317144366776,25.77102603596819,26.035239112667227,33.53192905087906 
 06/25  15:40:00,30.70559056407183,30.810260271015697,34.0766682920951,63.6269920262222,18.0,44.447543028030005,26.313911659149397,25.72274087434687,25.721624483482117,25.902899094034638,33.565891130436796 
 06/25  15:45:00,30.583432694150716,30.692608775358355,33.44646053579317,63.90548921367528,18.0,44.00015553348992,26.324315078699367,25.6738675027143,25.671987229491492,25.783134873850713,33.59564697713938 
 06/25  15:50:00,30.461233875810464,30.574387758542862,32.80855426457415,64.16684290813356,18.0,43.55137883622758,26.334523510197585,25.624727883374362,25.62219154621556,25.67803623295697,33.621040187248354 
 06/25  15:55:00,30.338586956970307,30.455232139852928,32.16262935427807,64.41075200403604,18.0,43.10104558084185,26.3445069829453,25.57531420066067,25.572280178466144,25.58979954315714,33.64189953491086 
 06/25  16:00:00,30.21524356373232,30.39454233879439,31.56672373528363,64.63705304173143,18.0,42.64768916087812,26.354335446516306,25.525679657806847,25.52611849121132,25.523404785851994,33.65815007355138 
 06/25  16:05:00,30.080790176320765,30.549978797442986,31.174468140060988,64.83559919353942,18.0,42.17564279443905,26.36416105298126,25.461679812850093,25.497471527747166,25.459164839061998,33.66028081285833 
 06/25  16:10:00,29.941730726662787,30.789102320228363,30.856144809535625,65.01361247444943,18.0,41.69672810426222,26.38218428211926,25.39433245304747,25.48100205984531,25.392184496981145,33.65312395538729 
 06/25  16:15:00,29.79947389071445,31.079523835264983,30.581463053188713,65.17229654814507,18.0,41.21669433243946,26.393484758536335,25.32546281080357,25.480241009155975,25.32397613718183,33.63865244228373 
 06/25  16:20:00,29.654694358359254,31.40461213521259,30.335403509427156,65.31223775403943,18.0,40.7274395659293,26.404604021386813,25.256494890937688,25.49069722029583,25.255940244238218,33.618947084600904 
 06/25  16:25:00,29.50780006218329,31.753950193297484,30.10885240884981,65.43378404062939,18.0,40.23728051204113,26.41549646387607,25.18738119046907,25.522604693598907,25.188014965124466,33.594291561146406 
 06/25  16:30:00,29.359056064133274,32.12059858698356,29.89593747510186,65.53715391263857,18.0,39.74019685235438,26.426214871380754,25.11815085086596,25.569743666058343,25.120218650870186,33.5648279554822 
 06/25  16:35:00,29.186584004333042,32.455267350931706,29.670708905800318,65.39845347314731,18.0,39.15532976789167,26.43672834001237,25.038162087955925,25.61229687846742,25.041827547576247,33.420076686456014 
 06/25  16:40:00,29.00517664101663,32.77755378063574,29.4451488105188,65.17729107471033,18.0,38.553089739709755,26.44438560309975,24.957348634685275,25.661889115260465,24.9627842715131,33.277342060390424 
 06/25  16:45:00,28.818285830825342,33.08931548367737,29.22071011305371,64.89994776266148,18.0,37.95461308492184,26.451310374354062,24.87660922893724,25.71739979371216,24.883961244075977,33.13000036723514 
 06/25  16:50:00,28.627642512374432,33.39058982544229,28.997689705016032,64.57918203791036,18.0,37.33152104639013,26.45769596384352,24.7960150652101,25.77700187496231,24.805401848963243,32.977611866060215 
 06/25  16:55:00,28.32548564475222,33.61320849908061,28.667373188607,64.37073402962866,18.0,36.71253536672501,26.463487789117178,24.664045753604228,25.80635279065143,24.67558955597906,32.88801234141863 
 06/25  17:00:00,28.092326304900727,33.873936992919944,28.40942969528307,64.02730965606845,18.0,36.08315269206768,26.46672345489566,24.58328301077313,25.870881139792516,24.59703019520032,32.72658257257069 
 06/25  17:05:00,27.869200919421644,34.13457213518662,28.164720784292456,63.663070237413024,18.0,35.4856274678799,26.4711759817596,24.469098057090264,25.904890105673985,24.485118758304168,32.543850374323995 
 06/25  17:10:00,27.65087897150113,34.38965245243829,27.927197454838716,63.271858766274406,18.0,34.88835485749109,26.430517067508266,24.362278030564084,25.945106456585165,24.38057309984913,32.364260069178385 
 06/25  17:15:00,27.435090478660126,34.63673310025936,27.694155991757164,62.855866726988815,18.0,34.29255640095351,26.427391798105834,24.262868133955408,25.989881000990238,24.283451076901088,32.186864788347634 
 06/25  17:20:00,27.220605011708525,34.874272700030936,27.464051476496017,62.41681482874809,18.0,33.704102511794254,26.42423238464762,24.163353194815954,26.030536583842775,24.186164218010674,32.005173339189184 
 06/25  17:25:00,27.006707444628827,35.10118783203287,27.235927002377608,61.95598735477987,18.0,33.117340622246104,26.421715305553015,24.064336390241465,26.06675413752339,24.08929404520984,31.820007079587413 
 06/25  17:30:00,26.792966739588046,35.31666470225813,27.009160942152427,61.47440015786037,18.0,32.53655860797438,26.419444943560936,23.96582794893709,26.097706733736857,23.992818146885554,31.631513867887577 
 06/25  17:35:00,26.566666368830376,35.4328057565193,26.770890974990103,60.69549117804444,18.0,31.891911940027494,26.417285722810142,23.861026381100885,26.08506590027639,23.88932898250232,31.31375318657342 
 06/25  17:40:00,26.336307458751588,35.4986911653159,26.529496296716612,59.81638889922777,18.0,31.245554439653773,26.411994359210357,23.755772949411664,26.056711589021575,23.785120622302145,30.99181501188025 
 06/25  17:45:00,26.103869875649295,35.523469282396476,26.286849376318283,58.87063568781959,18.0,30.606847097467398,26.40595804308888,23.651152930388605,26.005382041151904,23.681258226906095,30.66581742436449 
 06/25  17:50:00,25.87034500523577,35.511102193607925,26.043852533386396,57.874630039780975,18.0,29.961583874696583,26.39930537629663,23.547187166498645,25.948715311272395,23.57774101731684,30.33603539277533 
 06/25  17:55:00,25.636353723073867,35.46372630720929,25.80105152694996,56.83821039116324,18.0,29.324266835924398,26.391581254931044,23.44375838672812,25.88065914366564,23.47443195398506,30.00252893739139 
 06/25  18:00:00,25.403040501540456,35.388686199237114,25.55952632554,55.78378148003801,18.0,28.692376286649086,26.383466633388778,23.341451573393613,25.803611840499855,23.37190167622913,29.673232285002314 
 06/25  18:05:00,25.145184142492365,35.23218842973182,25.293410104868222,54.610807425088964,18.0,28.021647734985187,26.374872272577043,23.158340974977477,25.622168920664762,23.188073732703174,29.228378057679265 
 06/25  18:10:00,24.879624889075586,35.0270868681694,25.019931828426927,53.38989960156717,18.0,27.360703344467616,26.241863176213407,23.003152903109253,25.454818800905798,23.031729841497793,28.81138607278956 
 06/25  18:15:00,24.610531734375318,34.78050657343723,24.743314645431123,52.13546056706689,18.0,26.71451133395182,26.212327036177992,22.86927068277089,25.29555154122852,22.896407767281232,28.41079649173861 
 06/25  18:20:00,24.34005498719915,34.49601915312822,24.465716415348748,50.85541346414406,18.0,26.080758884600645,26.183042420556962,22.734868139836976,25.1241023995874,22.76017797781458,28.008823329381585 
 06/25  18:25:00,24.069549064031637,34.17585028637418,24.188483059031597,49.555118312579104,18.0,25.461814193206678,26.155871064766632,22.601687508315194,24.942744985950753,22.624811327123666,27.60682976037606 
 06/25  18:30:00,23.799915053637385,33.82147664815945,23.912499559586962,48.23850832386688,18.0,24.86789216694213,26.129536348979144,22.469621306636327,24.751806795141533,22.49019336798017,27.204707416886095 
 06/25  18:35:00,23.52323232152025,33.38122088080727,23.62982822780808,46.80466663382527,18.0,24.272176853739953,26.103675003275306,22.333106898894243,24.52414729275199,22.350533940830132,26.75333522406288 
 06/25  18:40:00,23.245565728728476,32.88824356851982,23.346513844390923,45.329296971892035,18.0,23.70761519272355,26.076689029160743,22.197032926060388,24.286324395770578,22.21097870481867,26.30299904182516 
 06/25  18:45:00,22.968588405617766,32.350290415100666,23.064205980194142,43.829435456632794,18.0,23.15988572016241,26.048562939452403,22.06171935360169,24.039449532017102,22.071972763696294,25.85404780339752 
 06/25  18:50:00,22.643428949450918,31.653060030606177,22.73402258892303,42.13147932169572,18.0,22.647239845016756,26.02126206354727,21.90304754862234,23.7271656235489,21.90930189567956,25.318199825229442 
 06/25  18:55:00,22.354877446221554,31.009322940227932,22.440722935446338,40.57780709241671,18.0,22.152176670887414,25.989867429726072,21.771196921380124,23.47099657188687,21.77294627329377,24.88830882981233 
 06/25  19:00:00,22.07764798103827,30.201840467891923,22.158975798015952,38.77857414437656,18.0,21.70354419934154,25.964008560261018,21.64511366698855,23.136626325973907,21.64186708355055,24.326827834143103 
 06/25  19:05:00,21.769265850421085,29.297339124949872,21.846712215052833,36.91506577000536,18.0,21.215950414406382,25.93399766204646,21.458933486727233,22.72758429245681,21.435610607758804,23.710141419089382 
 06/25  19:10:00,21.451565444622357,28.316541404058437,21.52542537761277,35.0094154401114,18.0,20.753918720439806,25.89598435424608,21.254531024483185,22.303873139475627,21.218149836802127,23.093523010908257 
 06/25  19:15:00,21.129214037590376,27.267465207919365,21.199652752807037,33.07609697650234,18.0,20.301238192807435,25.862445415595847,21.03090309190287,21.8670774237429,20.990871114086758,22.47743153993281 
 06/25  19:20:00,20.804350962112203,26.15659981723858,20.871712753835194,31.12784526287423,18.0,19.866381930787178,25.827368813393896,20.788050179959896,21.414463366228404,20.752009066541632,21.861470398376923 
 06/25  19:25:00,20.4683310262822,24.92883314296499,20.532577605308838,29.08657799572881,18.0,19.441056653835997,25.7896514243895,20.52118086967903,20.911559164931305,20.494859901660902,21.194997921353433 
 06/25  19:30:00,20.00299889352386,22.98140467391996,20.064209891890922,26.10849007742874,18.0,18.887232656052216,25.74569045699964,20.10270401500918,20.07480011565326,20.10292794805588,20.077104501393933 
 06/25  19:35:00,19.666402579050335,21.954380214379444,19.724641976780447,24.56221615414746,18.0,18.53279102025413,25.67916748330891,19.90206605149831,19.88522456439688,19.902559689001464,19.882640737832503 
 06/25  19:40:00,19.366038768664207,21.19624442384183,19.421398983960078,23.441014197713535,18.0,18.169552318723706,25.64027142248336,19.712352150602953,19.698928481371695,19.712966558274616,19.695839622151652 
 06/25  19:45:00,19.085185520385576,20.5871361484479,19.13775660536387,22.55925258869466,18.0,17.804422053494815,25.60170496022778,19.52330579090915,19.512290432894133,19.523994519205928,19.509131398347165 
 06/25  19:50:00,18.816761621187105,20.074868202753247,18.86664018858559,21.834447771585644,18.0,17.474282582290602,25.564373861850356,19.335277938383342,19.326374040454596,19.336035736066492,19.323213575971636 
 06/25  19:55:00,18.556660124304095,19.62886521474141,18.603951530233466,21.217925813734567,18.0,17.142664897951573,25.52805360621732,19.148266275502806,19.141277444042657,19.14909236699475,19.13812644672612 
 06/25  20:00:00,18.302283804876076,19.23060719438841,18.347101564428783,20.678611107604425,18.0,16.830622010966437,25.49244767565818,18.96218450019512,18.962017942253055,18.963078431900612,18.953780948242525 
 06/25  20:05:00,18.09415689290154,18.90445663772264,18.13651542498273,20.233974600621654,18.0,16.571850988199337,25.45749807083708,18.824174336774774,18.819813653825804,18.82513068155572,18.816431971128964 
 06/25  20:10:00,17.905294539009354,18.619736523056986,17.94529042409007,19.84680784404087,18.0,16.336471954972453,25.360853152843198,18.698628261492786,18.69458716229235,18.69959824397762,18.691494353592304 
 06/25  20:15:00,17.728709326125006,18.364466598918863,17.766457613880917,19.50168459179555,18.0,16.100348838511618,25.302723198300857,18.584000550810515,18.580567477651584,18.58503168368884,18.57753376316532 
 06/25  20:20:00,17.560721867030484,18.1310863679744,17.596344501463474,19.18865804872809,18.0,15.890292464910425,25.247174028886306,18.470720845802475,18.46789265365419,18.471801844437437,18.46489637906717 
 06/25  20:25:00,17.398980392334966,17.914409110900035,17.432600671825632,18.90070654532252,18.0,15.679668238816426,25.19489650470841,18.358889323734957,18.356648069345056,18.360020204794523,18.35368266211742 
 06/25  20:30:00,17.241894040915174,17.710717000031963,17.273633189744373,18.632710487329074,18.0,15.485498460570037,25.145089506601,18.24816563698164,18.24648071822685,18.249345533370843,18.243544437165156 
 06/25  20:35:00,17.088351875407607,17.51728076491982,17.118326880572337,18.38085655668726,18.0,15.29087848137793,25.097343594527054,18.138386040651596,18.137221213606608,18.1396144604019,18.13431238802525 
 06/25  20:40:00,16.937559014499204,17.332059524153117,16.9658813166229,18.142267357775083,18.0,15.107106214053173,25.051156076020153,18.02932681184069,18.02864034065385,18.03060274471744,18.025757776671583 
 06/25  20:45:00,16.788935166507265,17.153503050777577,16.815709943790534,17.914788508147648,18.0,14.92295802583707,25.00636053955064,17.920949355333505,17.920696705089654,17.922272419649858,17.917838489729093 
 06/25  20:50:00,16.64204939715467,16.98041755116384,16.667375261461203,17.696670409147462,18.0,14.746136295485996,24.96260964149826,17.81310294251182,17.81323568757773,17.814472234743675,17.810400375380368 
 06/25  20:55:00,16.4965769233674,16.81187241971991,16.520545898416763,17.486606816539652,18.0,14.568987017476392,24.91984518186744,17.705797735610076,17.706265442866993,17.707212959300932,17.70345095261439 
 06/25  21:00:00,16.352269758669692,16.647134171985105,16.374967445723993,17.28346250093653,18.0,14.396872794168653,24.877823693691827,17.59892932169521,17.599678542721676,17.600389696326033,17.596883297956083 
 06/25  21:05:00,16.22378866393777,16.500432765199527,16.245290134212482,17.10098692258093,18.0,14.239778588795977,24.836535044999465,17.51784000768805,17.518832251114077,17.519344428273826,17.51605539294053 
 06/25  21:10:00,16.101975390613365,16.362349603088422,16.122353687738695,16.92960344749837,18.0,14.089418972164891,24.79242397481501,17.48507097323767,17.486148968250518,17.48660265903584,17.483415460241872 
 06/25  21:15:00,15.98452954788897,16.230329117048644,16.003852913770455,16.76652765020833,18.0,13.938642225842827,24.8599716693548,17.4692592767085,17.470281823438313,17.4708721200318,17.46751899796726 
 06/25  21:20:00,15.870245337443615,16.102949355740616,15.888577254492894,16.610131657527152,18.0,13.795647224686467,24.920106857845532,17.442533155779472,17.44333188924918,17.444172383478872,17.440590744951578 
 06/25  21:25:00,15.758345198624122,15.979250944916366,15.775744655503816,16.459274742714744,18.0,13.652282254183115,24.968923880135495,17.349593614407183,17.350402730708538,17.351262729829557,17.347666590318568 
 06/25  21:30:00,15.648297461728347,15.858548986891753,15.664819273812373,16.313112636886274,18.0,13.513959133319535,24.90190705747585,17.242406612205627,17.243293911821638,17.2440617753154,17.24062100448873 
 06/25  21:35:00,15.539728292054992,15.740340057694477,15.555423438711825,16.171001753856277,18.0,13.375298294836261,24.829347360738453,17.144446612616946,17.14541886498955,17.146126619649294,17.142771833069503 
 06/25  21:40:00,15.432370065935505,15.624246438877028,15.447286019963459,16.032440767735253,18.0,13.240001084548433,24.762942573373365,17.053564752336854,17.054585538817946,17.05528010550597,17.05195297600011 
 06/25  21:45:00,15.326027601966178,15.509978866664962,15.340208630196482,15.897030852898183,18.0,13.104386371721995,24.701842508992815,16.96684695939382,16.967872094200857,16.96859711921212,16.96525286144174 
 06/25  21:50:00,15.220554496631735,15.397309972394103,15.23404192122641,15.764446851118503,18.0,12.971026723850454,24.645578571824995,16.883395878872534,16.88438002326359,16.885183137877277,16.881769847456724 
 06/25  21:55:00,15.115836478700396,15.286055297207088,15.12866890197046,15.634416376869618,18.0,12.837362009895285,24.593041873486193,16.802106046746076,16.803003475001503,16.803929606743225,16.800401045665353 
 06/25  22:00:00,15.011780264878379,15.176060306248083,15.023993767543239,15.506705334148437,18.0,12.705192303078038,24.543647933367332,16.722521997683657,16.723287293171097,16.72438187856119,16.720690502744674 
 06/25  22:05:00,14.89740679881486,15.054096357621592,14.908998901550554,15.367315258747043,18.0,12.581946435816407,24.496676525236918,16.588114963077487,16.5889414944225,16.58999552493958,16.586364407502174 
 06/25  22:10:00,14.779092541565962,14.927860929672029,14.790083344555018,15.22435380533835,18.0,12.461892847390674,24.396497540572593,16.456538345056344,16.457339993784785,16.458421478689274,16.45479627513555 
 06/25  22:15:00,14.658359322364777,14.799169905444662,14.668773470377037,15.079704916314808,18.0,12.341669068583355,24.32344596267113,16.334249840178813,16.334986565769327,16.336172132177524,16.332439191704566 
 06/25  22:20:00,14.535973449136268,14.668923581947675,14.545837119344315,14.934279962092335,18.0,12.225640993300297,24.254868135518517,16.21421510965706,16.21489235921041,16.216168216300446,16.212347764088975 
 06/25  22:25:00,14.412412462976064,14.537673929893726,14.421752198079904,14.78862076326146,18.0,12.109418925678241,24.190427037798077,16.14014523721403,16.14044827253599,16.142115478889423,16.13792346272396 
 06/25  22:30:00,14.287990697782574,14.40577740538905,14.296832771787212,14.64306261168022,18.0,11.995927546419535,24.23199657202425,16.076829051305594,16.07685226313373,16.07886167466296,16.074293236420658 
 06/25  22:35:00,14.162920224392916,14.273468882828084,14.171290273532797,14.497813210388824,18.0,11.882229739187958,24.26188399925813,16.0018834223431,16.001806931187843,16.00393469875604,15.999253409037806 
 06/25  22:40:00,14.037346965030707,14.140905133280667,14.045269774956676,14.352999058055246,18.0,11.770323877831638,24.28233921743773,15.91930159937101,15.919291229633586,15.921365255271212,15.916747122717084 
 06/25  22:45:00,13.911374219059173,14.008192801028724,13.918873610964958,14.208695226812267,18.0,11.658204311379581,24.296281607592224,15.831841142381677,15.832037191117706,15.833918717731535,15.829499305907405 
 06/25  22:50:00,13.785078565898766,13.875407097171482,13.792177346979006,14.064945200558718,18.0,11.547232406387584,24.30444041966941,15.740272276337919,15.740794210876913,15.742361986053197,15.738263047791577 
 06/25  22:55:00,13.65852021758941,13.742603938296918,13.665240172045053,13.921773721364652,18.0,11.436043153321085,24.30826420239385,15.645708784782016,15.646664113872873,15.647811635996163,15.644137621241043 
 06/25  23:00:00,13.53174912988899,13.609827209816038,13.538111033512045,13.779194454949057,18.0,11.325548962934517,24.308617234746052,15.548698589227683,15.550184499314355,15.550814888864807,15.547661476010376 
 06/25  23:05:00,13.408694510711511,13.485536845140055,13.414770320066285,13.6465986287689,18.0,11.173363709236144,24.305454811737317,15.487627892438923,15.486724324717557,15.489793120610898,15.484174216284032 
 06/25  23:10:00,13.286664177695712,13.364314781903289,13.29248895188519,13.517884635475395,18.0,11.010539014692908,24.290937307246914,15.43017165264854,15.426474337771651,15.432373475573513,15.423908242126686 
 06/25  23:15:00,13.164976000213734,13.244806450816911,13.17057493980253,13.391506435093735,18.0,10.845591802151516,24.281682627396282,15.373531294148165,15.36678106564051,15.375781431412292,15.364187991487142 
 06/25  23:20:00,13.043275528936114,13.126300019758128,13.04866849048615,13.266644446108,18.0,10.661703440935655,24.26943546959163,15.317026610882635,15.30699291539031,15.31932299762758,15.304374193484193 
 06/25  23:25:00,12.921337194559744,13.008326506102348,12.926540491130309,13.142756020240958,18.0,10.475053090339848,24.25588746619191,15.26104741264703,15.247522968275007,15.263391225644227,15.244876709563641 
 06/25  23:30:00,12.799009640223924,12.890549084654692,12.804037056674412,13.019450448587785,18.0,10.271991807610801,24.241247977466003,15.205693927367747,15.188499567226359,15.208086139822967,15.18582393045017 
 06/25  23:35:00,12.67619079262839,12.772709409971098,12.681054206541145,12.896428181218052,18.0,10.065576500222889,24.225577893396988,15.150992172330689,15.1299871846075,15.153433321619787,15.12728052181393 
 06/25  23:40:00,12.552815625693672,12.654596702036596,12.557525395970213,12.773445741283458,18.0,9.843077866621966,24.208633702430692,15.096929841223357,15.072026788590051,15.099420288018564,15.06928707063662 
 06/25  23:45:00,12.428851302085612,12.536028741556558,12.433416513856764,12.650294102002526,18.0,9.616682157218722,24.191183766500423,15.043699734658958,15.014874732565659,15.046240309928294,15.012101043950565 
 06/25  23:50:00,12.304297420606392,12.416839706476207,12.308726038606506,12.526784801281984,18.0,9.373381693005657,24.173044552521333,14.991266618828377,14.95859012254482,14.993857543768172,14.955781043897673 
 06/25  23:55:00,12.179190466847837,12.296872210150873,12.183489428503668,12.402740789782142,18.0,9.12577639977483,24.154246726166672,14.939598220705648,14.903266370355425,14.942239331621408,14.900420627105063 
 06/25  24:00:00,12.053612347993749,12.175972191462195,12.057787615380663,12.277990439345839,18.0,8.859888481045397,24.13488535301657,14.888669908483394,14.849047373247402,14.891360865982904,14.846163514775185 
 06/26  00:05:00,11.961148020437511,12.085620316005244,11.965164920940166,12.183027183532012,18.0,8.72117577626503,24.114984024440115,14.829977292299759,14.791362548316101,14.832666455069557,14.788492420598061 
 06/26  00:10:00,11.88317321120097,12.008309585326785,11.887023564658545,12.10097909293647,18.0,8.602639224424326,24.076723711565155,14.772693447474467,14.735344707446188,14.775370221059916,14.732499039122786 
 06/26  00:15:00,11.815001383405974,11.939655932716086,11.818683523895379,12.027615172806314,18.0,8.485127940404197,24.047395038733093,14.71855673296659,14.682544002541533,14.721233913966671,14.679709377055758 
 06/26  00:20:00,11.75407988042957,11.877302246751915,11.757595471705068,11.960653636065198,18.0,8.41492978150234,24.01821791814436,14.664925598170328,14.630341156091959,14.667599518862176,14.627520268140415 
 06/26  00:25:00,11.698686570176559,11.819679430638265,11.702039303333889,11.898569073062378,18.0,8.344892839083561,23.989279711223215,14.611767277063791,14.578696862991706,14.614437475108616,14.575889164984574 
 06/26  00:30:00,11.647587126117351,11.765678620726431,11.65078195632097,11.840277928687726,18.0,8.30793073936068,23.96058732321614,14.559008556466779,14.527528764005751,14.561674775851543,14.524733600538525 
 06/26  00:35:00,11.599867707117886,11.71449113969908,11.602910364832162,11.784985192517968,18.0,8.270692417441259,23.93211204889849,14.50656549275385,14.476744897455603,14.50922747908055,14.473962257774929 
 06/26  00:40:00,11.554835573301709,11.665513622686447,11.557732240072115,11.732093558635132,18.0,8.25672790052843,23.903823657165905,14.454374137634943,14.42627540136823,14.45703166359533,14.42350443712769 
 06/26  00:45:00,11.511955641165484,11.618287648496784,11.51471272977013,11.681145620547516,18.0,8.242173106553604,23.87570616230003,14.402391094767836,14.37607063732986,14.40504399482029,14.373310408439465 
 06/26  00:50:00,11.470808179958082,11.572459664040803,11.473432182869239,11.631785482509812,18.0,8.243697012848324,23.847722173978674,14.3505698006785,14.326078487942937,14.353217860745417,14.323328204425025 
 06/26  00:55:00,11.431059663450036,11.527753521463058,11.433557047070384,11.583732435545127,18.0,8.244417561538922,23.81987015901199,14.298890501346705,14.276273011366868,14.301533605952386,14.273532694744063 
 06/26  01:00:00,11.392442143547672,11.483951168656898,11.394819273801875,11.515596681299597,18.0,8.255878747302761,23.79210967483508,14.24731781051321,14.22661490099938,14.249955749193703,14.246000167452166 
 06/26  01:05:00,11.350647814122844,11.43889306644384,11.35291916760716,11.480131072045202,18.0,8.233492814188446,23.764497250849416,14.209859650420526,14.189104132400757,14.21251120779624,14.187223647763062 
 06/26  01:10:00,11.307969283720372,11.39370121880987,11.310143559086528,11.435365687228634,18.0,8.21102271290811,23.737009546100758,14.173000716633453,14.152155266071759,14.17566195103484,14.149576225561077 
 06/26  01:15:00,11.264895661061752,11.348591403611943,11.266979899162152,11.389384407199431,18.0,8.188551577707557,23.709687832388852,14.13634631446979,14.11540054801958,14.139017998726672,14.112682786434902 
 06/26  01:20:00,11.221650015128043,11.303648539418017,11.223650276850327,11.343153418239845,18.0,8.158649239792478,23.682459245147516,14.099764709615783,14.0787157864969,14.102446618276076,14.075973511702841 
 06/26  01:25:00,11.17836065452127,11.258913072295869,11.180282297453005,11.296941099795939,18.0,8.128756003826116,23.655335850107075,14.063249441094001,14.042095463809062,14.065941431466968,14.039346415481305 
 06/26  01:30:00,11.135105089522987,11.214402872764815,11.13695293141558,11.250871328384765,18.0,8.094391867753574,23.628285683355465,14.026777469932597,14.00551705355258,14.02947927327989,14.002764264949633 
 06/26  01:35:00,11.091930457380082,11.170123172300594,11.093708883395141,11.205008321377328,18.0,8.060032305502952,23.60132221543158,13.990356134678791,13.968987844022251,13.993067579402236,13.966232335981545 
 06/26  01:40:00,11.04886498100143,11.126071975772227,11.050578017877477,11.159384711516108,18.0,8.022857768637722,23.574423516224748,13.953967253202904,13.932489987748795,13.956688078773709,13.929730930556786 
 06/26  01:45:00,11.00592483548648,11.082243189776271,11.007576204974782,11.114015098129174,18.0,7.985685196759834,23.547602023002227,13.917619562586822,13.896032123097996,13.920349603910495,13.893269435007312 
 06/26  01:50:00,10.963118416926864,11.038628483015087,10.96471157571574,11.068903455273546,18.0,7.946726617438929,23.52082971933832,13.881295669082988,13.859597149244337,13.884034648480906,13.85683081073637 
 06/26  01:55:00,10.920449064736308,10.995218409214646,10.921987235288222,11.024047424745874,18.0,7.907768361202475,23.494128463146275,13.845008436095782,13.823197765030272,13.84775620092529,13.820427641884919 
 06/26  02:00:00,10.877916830584253,10.952003088017195,10.879403025686278,10.979440899239785,18.0,7.867685505496189,23.467469765946774,13.808740518760885,13.786816910777361,13.81149679674445,13.784043000030692 
 06/26  02:05:00,10.833179697189887,10.906570654922694,10.834616815912264,10.93267493376384,18.0,7.825814492893836,23.44087795699721,13.76802427714523,13.745924911866041,13.770788680657859,13.743147326845587 
 06/26  02:10:00,10.787601250184235,10.8603241819438,10.788991958757023,10.8851518065381,18.0,7.782822105151371,23.41427021543754,13.727118189971065,13.704827708722178,13.729891690551995,13.702045239882523 
 06/26  02:15:00,10.741516243224744,10.813603421173672,10.742863038414052,10.837210448321807,18.0,7.739828563121248,23.387693937588637,13.686195081115557,13.663710574691834,13.688977398914972,13.660923268975921 
 06/26  02:20:00,10.695097954305124,10.766581735905628,10.696403182048766,10.767284762781138,18.0,7.695711349132547,23.36112199035348,13.645264864885576,13.622585733117148,13.648055738839787,13.643762289044162 
 06/26  02:25:00,10.670949639051388,10.719368476912125,10.64972293228143,10.709920732300125,18.0,7.651592845496685,23.334639991176772,13.579951462166605,13.58150979693039,13.607184179944966,13.60406746037313 
 06/26  02:30:00,10.633399018294588,10.672036592241286,10.602896958557384,10.655643776412028,18.0,7.606770807983838,23.30806395539936,13.537879099534052,13.540368378271296,13.566245623991222,13.563298280251956 
 06/26  02:35:00,10.592473021119533,10.624636020017785,10.55597707593993,10.603005426659886,18.0,7.561946818328615,23.281565314259208,13.496602481284981,13.499276508256514,13.525357778952753,13.52243438204141 
 06/26  02:40:00,10.549774035623036,10.577201491577858,10.508999873331918,10.551458747340977,18.0,7.5166877150317575,23.255074790716662,13.455473637333625,13.458184534753457,13.48446976840421,13.481547498025748 
 06/26  02:45:00,10.505933857296572,10.529757393142837,10.461991495064668,10.500693313475292,18.0,7.471426241642641,23.228620663223797,13.414386115722095,13.417110782174461,13.443600377041435,13.440675487809017 
 06/26  02:50:00,10.461317778800455,10.482320917995969,10.414970760823127,10.450511592049285,18.0,7.425908500908071,23.20217761832583,13.373305758795027,13.37604030434295,13.402734297084521,13.399806189603453 
 06/26  02:55:00,10.416159971524108,10.434904171428952,10.367951262639961,10.40078129127448,18.0,7.380388119006278,23.175772056700296,13.332244986737294,13.334988707424372,13.361887498697115,13.358955927493923 
 06/26  03:00:00,10.370617334762729,10.387515609751345,10.320942807985618,10.351410577856328,18.0,7.334732069645755,23.14937881159145,13.29118837210558,13.293940937650063,13.321044568382888,13.318109495417389 
 06/26  03:05:00,10.324676949280942,10.340059113509357,10.272902390095867,10.30132992124838,18.0,7.274379085336117,23.123023255076184,13.257637341214036,13.260405534827271,13.288725660516775,13.28577738561637 
 06/26  03:10:00,10.27846190634828,10.292570941349247,10.224427196009994,10.251050335744235,18.0,7.210280467037851,23.09677683664786,13.224503722574354,13.227285672616233,13.256837914556627,13.253878452368781 
 06/26  03:15:00,10.232033480967022,10.245056656359642,10.175663298963538,10.200670006126579,18.0,7.146024983302577,23.070611707265915,13.191524849507232,13.194320849580265,13.225114275404565,13.222143115698316 
 06/26  03:20:00,10.185432957666539,10.197517544047132,10.126686505174764,10.150230599388106,18.0,7.075505738703778,23.044502103018928,13.15864223706825,13.161452208613866,13.193491406005592,13.190508494150151 
 06/26  03:25:00,10.13868964909004,10.149953359720511,10.077545599780574,10.099755317393043,18.0,7.004790150428901,23.01847057514076,13.12586260995272,13.12868657344768,13.161975130526343,13.158980327664835 
 06/26  03:30:00,10.064933429770596,10.102362983616338,10.028273938737891,10.049257901764268,18.0,6.929521034380533,22.99248935832859,13.124585251455755,13.09600676646835,13.130546754229329,13.12754005413592 
 06/26  03:35:00,10.00584229304561,10.05474473074018,9.978895075320125,10.02665157219864,18.0,6.854021258790481,22.966663735015384,13.09583635164256,13.063477013040654,13.099271151738321,13.06197376703949 
 06/26  03:40:00,9.950185034362343,10.00709653579978,9.929426053020222,9.988579491959957,18.0,6.774967934722631,22.940737289694415,13.064933943444885,13.030936603904138,13.067981948118359,13.028283546159741 
 06/26  03:45:00,9.896259333018419,9.95941607280249,9.879879470920846,9.946813735160735,18.0,6.695657414883756,22.914939126654822,13.033837869022818,12.998542067342896,13.036838773362547,12.99565194898912 
 06/26  03:50:00,9.843427769401245,9.911700835543677,9.83026483425859,9.903150443008046,18.0,6.6134239970844595,22.889181721629914,13.00276830390419,12.966229444480518,13.005774373299118,12.963293395174446 
 06/26  03:55:00,9.79133079549626,9.86394819268482,9.780589465251397,9.858264528651508,18.0,6.5309120115923776,22.8634855190417,12.971784598916997,12.934014940113798,12.974803966405375,12.931062134406034 
 06/26  04:00:00,9.739741466046565,9.816155425779126,9.730859133050831,9.812536052512645,18.0,6.445881427642998,22.83782808195975,12.940879745987445,12.901886576377478,12.943913578070521,12.898921582556625 
 06/26  04:05:00,9.711680699980525,9.791044167390307,9.704263449606627,9.788931584778972,18.0,6.40534605382325,22.812226998843276,12.942624773724106,12.903395690188006,12.945665189220222,12.900425994047453 
 06/26  04:10:00,9.693730757009439,9.77544111099192,9.687478087096515,9.774432389926394,18.0,6.374048667524582,22.78710548091082,12.946662191776397,12.907193884033632,12.949696127739344,12.904231749973178 
 06/26  04:15:00,9.68249332685781,9.766070052222258,9.677177278815998,9.76587115961943,18.0,6.342724740529154,22.762229439637483,12.951655918737174,12.911985803256584,12.954685860196378,12.90902905083999 
 06/26  04:20:00,9.676149834762892,9.761204439739371,9.671595535663988,9.761598147169181,18.0,6.328880157379207,22.73758879445228,12.95708349181075,12.917225035160413,12.960109847146214,12.91427309851639 
 06/26  04:25:00,12.594381499329383,11.634066013251402,9.910662018389436,9.99773675346477,18.0,6.604281319059988,22.713164293049683,14.55087439315389,13.963552656433876,13.294144238463673,13.282951192911582 
 06/26  04:30:00,14.267381832155865,12.637537817541604,10.043766632777794,10.128085634729024,18.0,6.72467212488753,22.735167555159755,14.729444945206183,14.076012994666485,13.321637271861277,13.307696946046917 
 06/26  04:35:00,16.296631110858428,13.81639693985703,10.185158149884769,10.266025747745662,18.0,6.897739723946503,22.727271271999005,15.290095042444364,14.402289347033388,13.394167537056433,13.380667597262345 
 06/26  04:40:00,18.465432792873493,15.028564272018672,10.332750313156748,10.409575923035058,18.0,7.1112889679835085,22.727846302559946,15.853203680806985,14.719028132410472,13.455555230503478,13.432441476878807 
 06/26  04:45:00,20.725002839234538,16.24160065075322,10.487128446751033,10.55936720183225,18.0,7.3414657914647385,22.73133235928062,16.42694548856366,15.026040403975003,13.50446827679633,13.459342621654741 
 06/26  04:50:00,23.047239266461194,17.437213348098634,10.648662782725967,10.715796868709575,18.0,7.63297506324352,22.736814380636485,17.012961123645823,15.322381737551268,13.544814277415583,13.48282899806884 
 06/26  04:55:00,25.307232240763742,18.549121091471825,10.817542222487333,10.87906883564861,18.0,7.9412103854524405,22.745476371496608,17.554115107592793,15.579478420283351,13.589063859055102,13.520010136986457 
 06/26  05:00:00,27.575825208737882,19.642015492917736,11.051546581368877,11.10597622747959,18.0,8.315199197905097,22.75635441343172,18.09975646435464,15.847179556842661,13.667826820169694,13.591105832317453 
 06/26  05:05:00,29.67628663069791,20.628120191395034,11.335109636975046,11.383989209082827,18.0,8.794701938309787,22.77249263188951,18.648843136488722,16.16508677528816,13.851196920609596,13.772593950859346 
 06/26  05:10:00,31.708602661790323,21.547722379007027,11.648945142725093,11.692390191094248,18.0,9.360427924224627,22.788568802521272,19.1958813582728,16.47727932298585,14.04060373015966,13.961352001325736 
 06/26  05:15:00,33.69078286759996,22.408476463033622,11.98538301705538,12.023334040998979,18.0,9.937537902698121,22.807923118199305,19.732126379937483,16.780119026020827,14.23372043043662,14.154397443070934 
 06/26  05:20:00,35.63044793162943,23.213892031594664,12.33956303305931,12.371977580239019,18.0,10.611598752721205,22.829110693327923,20.270003541107485,17.071431958646713,14.428896394034496,14.349929176073601 
 06/26  05:25:00,37.53145034334762,23.966154752446116,12.708049229152065,12.734960917277096,18.0,11.29475303002328,22.851412459664285,20.803133884907425,17.35042481046122,14.625749422411786,14.547497368510108 
 06/26  05:30:00,39.3956785538839,24.66681788093412,13.088310937850867,13.109848330987662,18.0,12.056201891194625,22.875170209092502,21.33099492486383,17.616901544986206,14.824311372873808,14.747179407597685 
 06/26  05:35:00,40.782829361264206,25.149592235864894,13.485556522977992,13.501853795295311,18.0,12.76762945243331,22.900431897141637,21.634182445657302,17.767394827308408,15.022297973202,14.948248410372003 
 06/26  05:40:00,41.99412347002961,25.534458209964754,13.892056294019653,13.903364862402945,18.0,13.518427237682682,22.922642352684992,21.939772039983723,17.911909925405325,15.219890490577313,15.149305730120489 
 06/26  05:45:00,43.09039447674424,25.85066212792802,14.30383816748915,14.310714691852422,18.0,14.260976889296492,22.94494388426537,22.24178092748423,18.04873433242983,15.41869291218336,15.351892060281102 
 06/26  05:50:00,44.102808648805194,26.11389853398482,14.718643776116286,14.721784185767461,18.0,15.035880783516832,22.967268607934162,22.540212225953837,18.17761123066657,15.618394535537277,15.555666206349656 
 06/26  05:55:00,45.03213307827727,26.327621120687482,15.134035739552111,15.134188721880806,18.0,15.808691851676116,22.989735882358627,22.82578575995268,18.295810951910426,15.81841091751079,15.760015666029688 
 06/26  06:00:00,45.923588071864124,26.51057109073922,15.550376628827188,15.548322593505691,18.0,16.59745077377507,23.012037676350094,23.118168428112426,18.410700850665876,16.01959539908819,15.96574624032337 
 06/26  06:05:00,46.85461417225522,26.74096032876652,16.037790321680546,16.034959207813387,18.0,17.461429966605827,23.034862289060207,23.56621399838258,18.683591699081603,16.382621597633374,16.333940716639745 
 06/26  06:10:00,47.77379527961619,26.97274037553626,16.55395390978581,16.55106478097168,18.0,18.35367599565572,23.089098073172,24.007982701915466,18.942453904170293,16.745887057161326,16.702355795182484 
 06/26  06:15:00,48.673936917373986,27.197585703862437,17.087917505879016,17.085579908178275,18.0,19.24441513111047,23.138341493768262,24.443361724338388,19.193592426147006,17.107211978145358,17.068844870189196 
 06/26  06:20:00,49.55215737931744,27.411984295537753,17.63372903550032,17.63253643614727,18.0,20.170150262640988,23.187267322650758,24.873186027293002,19.437962168326067,17.467669435463108,17.434418911299304 
 06/26  06:25:00,50.406999704713975,27.61410247859314,18.18743538275896,18.187992650052088,18.0,21.093734734266974,23.23489049030896,25.297787897032208,19.676505213696487,17.82765292023572,17.799440285380456 
 06/26  06:30:00,51.23769567661772,27.802986574961057,18.746264006457103,18.749195490053477,18.0,22.03850406046046,23.280971962810366,25.71725029076481,19.909944841825563,18.187311911319455,18.16402600283709 
 06/26  06:35:00,51.90249650792237,27.965714810579815,19.331660118555217,19.337629184741477,18.0,22.961077342364494,23.325913671037892,26.064768907961252,20.133835854973995,18.558546501813566,18.540371351634235 
 06/26  06:40:00,52.50005149042965,28.11366699455567,19.92637476082787,19.936110394768345,18.0,23.887440738704928,23.36801305174438,26.40911269797391,20.357571674328483,18.928730232613646,18.91545860394683 
 06/26  06:45:00,53.04872166385918,28.250011969445698,20.52523228834717,20.532254421828,18.0,24.807194656111726,23.41074734364268,26.74898660261522,20.582951400830098,19.29883816771752,19.28363047663356 
 06/26  06:50:00,53.66110694351721,28.37666064727858,21.125255364203444,21.131466506398926,18.0,25.719430677190857,23.45425761548112,27.137612955100735,20.810799376996215,19.66886759351297,19.655877071702662 
 06/26  06:55:00,54.196086035873776,28.49499713075276,21.724453860531916,21.73006093971553,18.0,26.625271428954644,23.49831495248107,27.482287930508733,21.042317680975657,20.038937736129867,20.028086709925333 
 06/26  07:00:00,54.346604903696125,28.460702597678374,22.210512777616366,22.215562591424693,18.0,27.519892228564263,23.542459423380098,27.651991496803475,21.20056233982706,20.351922188827757,20.343045768195452 
 06/26  07:05:00,54.57787717401084,28.41809465309462,22.672975688341165,22.677468260116168,18.0,28.269379968752503,23.577796201452834,27.822167019081633,21.29071608256959,20.56869681739181,20.56168978364923 
 06/26  07:10:00,54.787669242188315,28.35761811741691,23.112619236089373,23.116563936984537,18.0,28.971378069582187,23.634255330356773,27.989807611471292,21.38982027354666,20.78775318327996,20.782416473190096 
 06/26  07:15:00,54.972942340586,28.283578758671446,23.53386143699895,23.537271860783704,18.0,29.66284477524863,23.681422464646666,28.15181431350851,21.49606982355715,21.004863809941185,21.001009885233657 
 06/26  07:20:00,55.13489993860498,28.19966377913549,23.939986174134376,23.942880477781234,18.0,30.28630508671372,23.728081007356312,28.310033214700297,21.612232934923895,21.221833815146283,21.219253761554285 
 06/26  07:25:00,55.27491764929946,28.108571725387026,24.333334120175095,24.33573489294096,18.0,30.901229601347872,23.774277082803042,28.409236325419215,21.714593018020196,21.41049302995941,21.408884003464095 
 06/26  07:30:00,55.39421902821658,28.012302247391045,24.715615275528567,24.717549000678403,18.0,31.465618627110413,23.75337137509682,28.507488552808468,21.812500985576264,21.593807468035834,21.593181539131024 
 06/26  07:35:00,55.99098714504139,27.91311577224135,25.06732492957931,25.068821365611708,18.0,32.01288222525835,23.71558445760333,28.853005974292046,21.92082033446036,21.765955714890765,21.765967956355723 
 06/26  07:40:00,56.3965599868881,27.68642351649157,25.301098729584336,25.30219034941024,18.0,32.5283077918915,23.680934903466614,29.03375270489869,21.991861572820312,21.895832402203666,21.8962420109022 
 06/26  07:45:00,56.75779671659271,27.407537326358163,25.49065827162693,25.491378929793495,18.0,33.04604493044914,23.64365890583378,29.218567935467036,22.08240331836612,22.030535622185994,22.031133417537603 
 06/26  07:50:00,57.081836524999616,27.144491330250965,25.704374521641,25.655344762980086,18.0,33.5431906865814,23.6130069575849,29.39965824935365,22.199828785274917,22.175659827652964,22.17244771124922 
 06/26  07:55:00,57.369793615915,27.059598701462523,26.100173530521403,25.804012897104645,18.0,34.04247157685147,23.588084308478134,29.575518986968177,22.343465181543422,22.351000577280047,22.319198082965045 
 06/26  08:00:00,57.6224261359741,27.038370074003904,26.56370064140528,25.943609562552194,18.0,34.53130951152432,23.5692898361721,29.74587864707604,22.491961112621937,22.545564474674848,22.4708376181693 
 06/26  08:05:00,57.90460130419659,27.029711113098035,27.052814482974615,26.05599201922304,18.0,35.09408875882048,23.555239693868213,29.913340909204635,22.609900269872355,22.722757645381193,22.590664778937423 
 06/26  08:10:00,58.04835360819579,27.154338904930004,27.666838837057284,26.27048785350283,18.0,35.66993378141094,23.647071947972407,30.008597255000666,22.768668160643188,22.95053228843335,22.74774288271874 
 06/26  08:15:00,58.27707959311626,27.21085556983291,28.23213654976237,26.39923934748993,18.0,36.25172417558074,23.67839506487708,30.14885540706564,22.857003681895037,23.118976140014183,22.839299116253642 
 06/26  08:20:00,58.496844589592854,27.258164482440062,28.800407459452153,26.505605694294648,18.0,36.85978512990096,23.706905378303734,30.27909178264531,22.944413362347177,23.3033850249509,22.929461288041352 
 06/26  08:25:00,58.39366296374967,27.427185278325844,29.449193976273875,26.720004652830134,18.0,37.473106947000204,23.73348388495236,30.309816810105644,23.125151724989337,23.572560249726735,23.10670635240865 
 06/26  08:30:00,58.49699359035679,27.523169691134548,30.06098570822955,26.855333318914564,18.0,38.107110828761066,23.856422464384384,30.486605222031244,23.26418331750085,23.826013675304807,23.24561390308662 
 06/26  08:35:00,58.41452605599929,27.67463645393517,30.700873699956514,27.03869635483909,18.0,38.648362399124785,23.975637789027648,30.55442133091026,23.426971212701176,24.102989822717575,23.406506978230937 
 06/26  08:40:00,58.27440634178172,27.843153029860797,31.34571754533784,27.233642552109487,18.0,39.18225543550803,24.08049264873912,30.58106361242136,23.566173911364785,24.360354983699608,23.545571981310218 
 06/26  08:45:00,58.09438057076856,28.021051383334164,31.989943731995616,27.433678323314286,18.0,39.713519886523414,24.14522807881982,30.57262435487297,23.670464741022556,24.577024083248546,23.651981210275494 
 06/26  08:50:00,57.882376154522845,28.20465911842714,32.63054662336945,27.63600350544421,18.0,40.2206995804287,24.147742417445702,30.561221138984706,23.770346650788724,24.798657502029698,23.754179007401774 
 06/26  08:55:00,57.643008410299785,28.39168943338282,33.26553704036824,27.838996866136437,18.0,40.7253015615949,24.144375229330905,30.55419141816094,23.87434281084859,25.03581932618897,23.860273855118464 
 06/26  09:00:00,57.37915643860411,28.58061742318124,33.893514653336034,28.041647094878066,18.0,41.21311420949242,24.143136362699913,30.550152880931137,23.981847050871863,25.267933010585125,23.96967544517514 
 06/26  09:05:00,57.11823406715092,28.795409377061688,34.53909758314834,28.268813538836586,18.0,41.73195119911967,24.144735685522633,30.59071532897792,24.13596496599189,25.54725836539842,24.125024006287447 
 06/26  09:10:00,56.84341730902655,29.019201437122096,35.18436132809964,28.503390113222803,18.0,42.24337509940271,24.15768244701334,30.633871022211906,24.294243750549413,25.828038210818477,24.284828530678283 
 06/26  09:15:00,56.55244080447754,29.24782508188891,35.82503650195865,28.741390346258417,18.0,42.75174564170736,24.170564973145012,30.67602245847013,24.453031733181717,26.107495945015444,24.44526048056491 
 06/26  09:20:00,56.244462936729406,29.479101245545426,36.458877189236745,28.98083598954828,18.0,43.258203545521404,24.18604884583626,30.716872352777955,24.61230745675425,26.38534607581056,24.606230200551977 
 06/26  09:25:00,55.91910916224748,29.711641264387605,37.08443000737684,29.220518798594924,18.0,43.76140516556443,24.203441545954735,30.75563139784515,24.77163343448774,26.66085105974014,24.767317844067748 
 06/26  09:30:00,55.57622989479533,29.944505723680614,37.70068596467177,29.459654800278027,18.0,44.259326240520025,24.222337867185033,30.791623670462855,24.930801324640413,26.933498858711346,24.928320016232533 
 06/26  09:35:00,55.24159773263979,30.158946496058956,38.30693422821373,29.680216554523646,18.0,44.774196681009265,24.242460838697912,30.837458001852383,25.081156547155842,27.20279174504742,25.081128125191867 
 06/26  09:40:00,54.895332763979525,30.36710537581058,38.904738371377434,29.894211298953017,18.0,45.28672422639435,24.262824937663236,30.926572305103264,25.271208306299684,27.510040886339993,25.271108807547876 
 06/26  09:45:00,54.53366038399134,30.571577310292003,39.49427799608044,30.104221820206078,18.0,45.796936841210155,24.3835581419072,31.01956477994156,25.473959921798837,27.826430498142713,25.473165534579152 
 06/26  09:50:00,54.15474038586912,30.773569421184575,40.07549155882902,30.311456374052753,18.0,46.30647043942604,24.50196204717393,31.052248941497112,25.63310215728768,28.0956946976346,25.63447220438252 
 06/26  09:55:00,53.75748270820147,30.97378507648338,40.64822016491271,30.51662509161194,18.0,46.8134138735186,24.542063434571208,31.05286227708922,25.76690171541901,28.33786206981847,25.77192849326468 
 06/26  10:00:00,53.341204292258425,31.172662614932623,41.212256270848556,30.72017675651943,18.0,47.31674353732636,24.546776415974417,31.04654418260543,25.89959388971215,28.576144657942564,25.908255769749417 
 06/26  10:05:00,52.90523790735762,31.340172224023895,41.768319705642156,30.895186513984054,18.0,47.871887410414445,24.547184325362558,30.983178486326153,25.969117033072735,28.75052260758264,25.980435700841724 
 06/26  10:10:00,52.448132290884324,31.49634703860329,42.31770351262464,31.060120378574563,18.0,48.43477633171352,24.547176719738257,30.909291716166877,26.03771642090146,28.931203539909575,26.050764312094657 
 06/26  10:15:00,51.96922148793803,31.6457495626974,42.86065025518447,31.219140939848362,18.0,48.998218624770956,24.5510510570849,30.82485218164919,26.107894993570426,29.11247707944574,26.122368222826367 
 06/26  10:20:00,51.46801807132978,31.79062773518627,43.397142411338244,31.374272964966217,18.0,49.57653013608424,24.55788495203694,30.72831236524678,26.17953854142354,29.293026573310158,26.19523605959722 
 06/26  10:25:00,50.94412404412153,31.932353983471792,43.927028469340456,31.52674059632349,18.0,50.15502144404988,24.566877394241818,30.618010885326044,26.25207981083645,29.472028678668664,26.268842926768116 
 06/26  10:30:00,50.39719262856111,32.07182184656405,44.450075019146865,31.677335295498345,18.0,50.742478968828514,24.57772625570675,30.492820251668036,26.325289173472243,29.64912350273562,26.342962950671335 
 06/26  10:35:00,49.73978439226239,32.23470273845134,44.88945201435455,31.851039557160696,18.0,51.17621853052683,24.589942257632856,30.30449167535221,26.410715168558227,29.78431809731103,26.428494437933523 
 06/26  10:40:00,49.04074152510414,32.40155612765054,45.28991555001437,32.02874272114809,18.0,51.58503548041646,24.603433312272553,30.10558454537386,26.4945751417049,29.91250559474213,26.512493229805727 
 06/26  10:45:00,48.314231184577025,32.56789371319226,45.65959586745045,32.20608706949569,18.0,51.99042060723157,24.617554235144024,29.897098677412203,26.576841069621878,30.034162092807037,26.59483734680549 
 06/26  10:50:00,47.567424620770886,32.73157205439736,46.00222877359478,32.38101331618446,18.0,52.34729619999919,24.63212660551801,29.729834123819842,26.70189098651383,30.197628140607776,26.71804236446178 
 06/26  10:55:00,46.80481827953948,32.89137799751471,46.32005497688333,32.552361249028884,18.0,52.701209552528404,24.75152581068525,29.53193825903611,26.807832066409787,30.331579004859066,26.822971718992505 
 06/26  11:00:00,46.17186434106015,33.01491088789968,46.823625658931384,32.68836518628831,18.0,53.022054494109575,24.804509314117954,29.36023042551949,26.86155670237099,30.518497332583195,26.8776689476432 
 06/26  11:05:00,45.444067520864046,33.17716499991429,47.19537800499593,32.863320150707374,18.0,53.36085078284284,24.812018422907386,29.130909135006732,26.94407167058847,30.625023194578148,26.959620063865202 
 06/26  11:10:00,44.6929307942109,33.34881113764467,47.529082658550706,33.04788308904729,18.0,53.67857802915523,24.820344463584902,28.90709529845833,27.029289749848203,30.72994197000645,27.044188837737636 
 06/26  11:15:00,43.92844270054976,33.52480406756565,47.83592503046994,33.23703099453642,18.0,53.9930643557385,24.82753325205857,28.6908185038439,27.115834600810672,30.831564799180683,27.129970294599048 
 06/26  11:20:00,43.155001491293454,33.70313420846362,48.11996112956693,33.42878232022611,18.0,54.29407255060356,24.837138269526122,28.486426980477177,27.203792864726495,30.929999213610245,27.217058158523514 
 06/26  11:25:00,42.37549616492065,33.88279469088811,48.383462005356115,33.622152096482765,18.0,54.59176042193126,24.848494642551255,28.298052501848815,27.29249230338837,31.024623584541814,27.304828607780678 
 06/26  11:30:00,41.5921041133577,34.063308988791235,48.62788185630213,33.81667786971337,18.0,54.87630589794368,24.861558263853606,28.13090595195598,27.381840612461133,31.115356149559716,27.393216122619606 
 06/26  11:35:00,40.75801414058178,34.1982157265503,48.797322547363855,33.966407468068766,18.0,55.08504216159524,24.875939453631567,27.965875118051827,27.44896729882322,31.175769692852214,27.45991953413113 
 06/26  11:40:00,39.90891668723955,34.31782281001856,48.93248587011498,34.101326603872344,18.0,55.26799445762117,24.888937330822344,27.833694850213874,27.515941509400136,31.231919062808288,27.526358051180466 
 06/26  11:45:00,39.053222421431244,34.42897315110171,49.04187270849923,34.22813791021889,18.0,55.44766586713038,24.902412693610778,27.743030099793657,27.583387612308172,31.284276074323884,27.593222522748533 
 06/26  11:50:00,38.14935926463918,34.47881771830221,49.25459446671363,34.29430734825302,18.0,55.591131791141606,24.9163909669298,27.678716655283722,27.623931816056427,31.391771098665174,27.63361780380643 
 06/26  11:55:00,37.36238368901577,34.56184208942055,49.36607702552832,34.49148789630595,18.0,55.73163797570444,24.93093885140906,27.741901674161113,27.741200128726746,31.49171775660858,27.758828621811006 
 06/26  12:00:00,36.96741740641931,34.65124899043421,49.444500592195986,35.08322397491131,18.0,55.84466784151116,25.05410893963938,27.816873391799163,27.816566760417516,31.536582083920848,27.917090418108046 
 06/26  12:05:00,36.65402058757156,34.69046862080284,49.32854631645935,35.73790385136017,18.0,55.587689778774205,25.063774096451624,27.84157602553131,27.841092090257064,31.485713961119018,28.077484452930207 
 06/26  12:10:00,36.40870675551897,34.71289805623777,49.13998512764794,36.434351069708526,18.0,55.249503904458315,25.06841573871077,27.873239166563394,27.87250033377495,31.434350447127315,28.27468508486743 
 06/26  12:15:00,36.21220130644224,34.725963779033044,48.90510814170484,37.14796494917937,18.0,54.9145719549951,25.07384682088423,27.917868145836906,27.916822193092628,31.384312491326398,28.499406576946626 
 06/26  12:20:00,36.051428953942555,34.73339149910507,48.63745950057892,37.862174887361206,18.0,54.45449419040668,25.082275931375356,27.959218934543856,27.957842092973806,31.335375496055065,28.742871399452042 
 06/26  12:25:00,35.91762650932815,34.73750338460238,48.34554196332519,38.56604987566904,18.0,54.00097271686519,25.093105308820963,28.001639072465196,27.999934971449193,31.28686749914533,28.994626977315875 
 06/26  12:30:00,35.80476450982329,34.73982833412515,48.03506740257804,39.25232939114694,18.0,53.47635875710134,25.106144877073895,28.04550874073766,28.043504288993063,31.238582968249602,29.24936349231848 
 06/26  12:35:00,35.73859329713991,34.77148827565318,47.93696798541602,40.05248122117478,18.0,53.32746209074147,25.120918161947895,28.10522061289555,28.102866957145864,31.305732712155645,29.559185458880506 
 06/26  12:40:00,35.69554988665587,34.81272139082197,47.89373075410712,40.895685628997526,18.0,53.195453375448906,25.140935817075164,28.166744686420998,28.164075818136894,31.37039457217378,29.885043705563078 
 06/26  12:45:00,35.668516587246415,34.85913086252443,47.87422295201949,41.7668381821389,18.0,53.05978405891021,25.162764182535685,28.228599050884895,28.22566312381258,31.430914983070352,30.211602949548364 
 06/26  12:50:00,35.65324304537614,34.90850245820001,47.863483243560076,42.658099554235996,18.0,53.00154528437742,25.18640328453325,28.29063469036589,28.28749359088988,31.486938640745052,30.540679737047583 
 06/26  12:55:00,35.64676746483995,34.95942104543522,47.85258832927183,43.56426713332368,18.0,52.93698980301149,25.21169682389126,28.352717289508007,28.349442934065337,31.538233053713782,30.869917810426273 
 06/26  13:00:00,35.718320603806006,35.08242467362397,47.75617869441077,44.41816062246358,18.0,52.90907390973816,25.238357812484207,28.495299946976274,28.491945963583134,31.59850357020872,31.21535762733879 
 06/26  13:05:00,35.76619495656714,35.17457796164669,47.80958161990662,45.40489831436441,18.0,53.08987867196635,25.37782135763267,28.516799640332465,28.513467821251083,31.631760044032887,31.5285789752881 
 06/26  13:10:00,35.81341699973525,35.261231522887684,47.89401835142254,46.44245298409494,18.0,53.322209481650326,25.343291145930372,28.53957365554578,28.536272688616805,31.660008690786924,31.846392172052276 
 06/26  13:15:00,35.861563987040775,35.344933060277384,47.98751850280942,47.516102850220214,18.0,53.54772988562461,25.364033585518857,28.5804553546335,28.577377759505566,31.70526901896983,32.17267303945101 
 06/26  13:20:00,35.91046950262933,35.426163866665526,48.07960049995145,48.61879860415846,18.0,53.83865598208477,25.385346758698446,28.617186470952674,28.614390938024144,31.739804159732614,32.497965484892916 
 06/26  13:25:00,35.95972355879741,35.50499575972483,48.16380786079406,49.74598950470685,18.0,54.1221223988796,25.409172144971198,28.653698036624746,28.651263036401815,31.76793889730459,32.82155733398963 
 06/26  13:30:00,36.00887344268567,35.58134877043506,48.23581360950785,50.894411432601935,18.0,54.43685780897712,25.435188700091082,28.690262907285955,28.688264379485986,31.786094810287807,33.142739700135394 
 06/26  13:35:00,35.987965326381115,35.585494330158625,48.12622097171897,51.84552224343642,18.0,54.49079546011818,25.462853348479978,28.692123281931458,28.690606219255187,31.72553799966272,33.3522134260071 
 06/26  13:40:00,35.940751985471984,35.56140097168691,47.94927394577951,52.73217525683105,18.0,54.51534485894006,25.486455944295056,28.692003578535605,28.691046645766846,31.654219231355455,33.55507988015552 
 06/26  13:45:00,35.87639711550099,35.51846778618242,47.72652520061321,53.57750066685852,18.0,54.53579534505988,25.509760481945793,28.69072087727659,28.69035808958313,31.57611122637752,33.7486828517757 
 06/26  13:50:00,35.79913097224614,35.461113275544434,47.467790293139636,54.39156610361787,18.0,54.484145467604314,25.532713575866257,28.687866974124063,28.688115568635567,31.49117479738169,33.93300832843181 
 06/26  13:55:00,35.78917369134031,35.46977793347006,47.085528644549534,54.9285278104948,18.0,54.42912649458887,25.554599214662606,28.719935072257158,28.720827702719646,31.35554339841883,33.99487955110391 
 06/26  14:00:00,35.73258228168194,35.430622016425374,46.75942258870011,55.624863496767155,18.0,54.3268409690172,25.57095268370461,28.716898606938457,28.718328711978984,31.263766040186,34.163413512818806 
 06/26  14:05:00,35.68695207052672,35.40122421214817,46.45794424534895,56.36946225969085,18.0,54.26131930888212,25.58864106321525,28.770794418803405,28.77285478906481,31.22884435014373,34.39488477529392 
 06/26  14:10:00,35.63844072655705,35.36792145624405,46.15080944870965,57.12110187597702,18.0,54.16783969265517,25.618546393388833,28.75918740632619,28.76176177672653,31.115282748880304,34.54037441702701 
 06/26  14:15:00,35.58433544932935,35.328091399016365,45.830460888869354,57.868815866858434,18.0,54.069203339619996,25.51731015280667,28.77196654396039,28.774993388981557,31.026208914203266,34.717373893656315 
 06/26  14:20:00,35.52325729891799,35.280430515074855,45.49302971363443,58.60686285575014,18.0,53.95452241643912,25.502395918237973,28.7905316919219,28.793991898472314,30.94509614139986,34.90330444591922 
 06/26  14:25:00,35.454260629948294,35.2240586842575,45.13613499299454,59.3317230426549,18.0,53.834243903877685,25.488043928497344,28.822346355411014,28.82620636934621,30.856548995391677,35.08455321689581 
 06/26  14:30:00,35.37662685558676,35.1583151708378,44.75817890290155,60.04105296148982,18.0,53.69640827264266,25.476977847543935,28.838801623130394,28.842945283510687,30.761923370282148,35.262789620577905 
 06/26  14:35:00,35.40036623577219,35.19332557867591,44.43516646865079,60.73812438334006,18.0,53.56078151735078,25.468315739518705,28.920285101258628,28.92454738378342,30.70033048141022,35.43818150417644 
 06/26  14:40:00,35.458983675022566,35.26266833437953,44.122597475479104,61.41813580598832,18.0,53.41245233925963,25.4663844019827,28.99761377840821,29.001866879973704,30.639087654092236,35.612277154330116 
 06/26  14:45:00,35.538053532021216,35.3519314564103,43.8121895429217,62.07971012925338,18.0,53.26268312672776,25.46690514367248,29.074636331994498,29.07878605411713,30.57758320437995,35.784411220441996 
 06/26  14:50:00,35.63057905990991,35.45413868235169,43.50022366149811,62.722046474244806,18.0,53.103566696140774,25.469526136965982,29.15183407190034,29.155788900801326,30.51612401269648,35.954483945224865 
 06/26  14:55:00,35.732275145434244,35.565026922967576,43.184588782229,63.344620102606044,18.0,52.94320921874301,25.474010720292355,29.229246270972112,29.232918510851846,30.455202013346252,36.12243043060505 
 06/26  15:00:00,35.77666598781919,35.68179456490165,42.86401237584313,63.94707076579158,18.0,52.77501762051458,25.480463325274652,29.33311664342142,29.31010170457239,30.395943434093,36.28808981308367 
 06/26  15:05:00,35.770040677840704,35.6430829534616,42.42688206294576,64.7033531065071,18.0,52.44088544805542,25.48802917514467,29.27138306132281,29.27301404403113,30.260404845628102,36.49495510588753 
 06/26  15:10:00,35.79335721994418,35.66546543275675,41.97908576651839,65.18193658062167,18.0,52.074171714983926,25.49201854880625,29.334920915284215,29.337126959402326,30.191157357676502,36.60955922258995 
 06/26  15:15:00,35.82246401603383,35.69792454446041,41.51746964626059,65.57701283723053,18.0,51.71055005059383,25.615742179021424,29.336838646552337,29.33865818124019,30.063926155642832,36.64326273972455 
 06/26  15:20:00,35.85457498402433,35.73476380618759,41.046118522763976,65.91532614774121,18.0,51.29560115341051,25.5678126648355,29.336288281925704,29.337505612885025,29.943889607387234,36.68012304161516 
 06/26  15:25:00,35.88888672869071,35.77439219411436,40.568181860037974,66.20834666128137,18.0,50.88469067246328,25.56885800802476,29.349033601745248,29.34966344397992,29.843655645823105,36.72163520816207 
 06/26  15:30:00,35.92500200356267,35.81604222656889,40.08595967413969,66.46230903680178,18.0,50.446393918585215,25.571097328530175,29.36356847503106,29.363587733997633,29.75408835553094,36.758439342635256 
 06/26  15:35:00,35.76675054970616,35.663286614940255,39.41443246614459,66.54980734527828,18.0,49.826601769464204,25.575360743241454,29.287472821115102,29.286891022904797,29.59264442136714,36.73039463880451 
 06/26  15:40:00,35.66699333829336,35.56888716629916,38.78271599793754,66.4026115325171,18.0,49.165634935009315,25.57394265802058,29.268667208296165,29.267582382758405,29.49006176953486,36.62131234958389 
 06/26  15:45:00,35.57286700790037,35.47995805645752,38.157218067081665,66.15517015859518,18.0,48.51464260664899,25.57390928919816,29.251690610709034,29.24949422802763,29.403996156560652,36.506064065039595 
 06/26  15:50:00,35.480105788496104,35.392197992151296,37.53966115778454,65.83620158144264,18.0,47.81088582283342,25.574023065970486,29.23485048960538,29.233011368381426,29.334403655419578,36.38406553651657 
 06/26  15:55:00,35.38830117969285,35.30518148356313,36.93318222945256,65.46060182285048,18.0,47.117904779804505,25.574005446583172,29.21861364002234,29.216638227587794,29.281592951603557,36.25534601715242 
 06/26  16:00:00,35.29755657797357,35.268163136138234,36.38843982563295,65.03744180139383,18.0,46.40452135633558,25.573870330665372,29.203028080519516,29.20425950380519,29.24841191813823,36.12005195805102 
 06/26  16:05:00,35.20454019822663,35.420255509669715,36.040048630862614,64.53880137055054,18.0,45.672593528975575,25.57367591764732,29.190110000856293,29.21953058185659,29.238854504926962,35.968759826981795 
 06/26  16:10:00,35.11191430546889,35.63404741190455,35.76711534145569,63.99372895718783,18.0,44.93649808930685,25.5749232140741,29.1781435916551,29.25325067576216,29.229997768767134,35.811339857754604 
 06/26  16:15:00,35.020448570679356,35.877092560411256,35.540726167786204,63.40954346121271,18.0,44.21392620682821,25.57590783378337,29.21395940023251,29.345927317950668,29.267498424385792,35.70107875128065 
 06/26  16:20:00,34.930597407890836,36.13240033758457,35.34639346552839,62.790536498077756,18.0,43.4969247922127,25.694065926011877,29.18780065029034,29.38476705629472,29.24575213277319,35.509394300521535 
 06/26  16:25:00,34.84267498408698,36.38923164361022,35.175294638045564,62.139614077667055,18.0,42.79366125385681,25.632153185922157,29.16331947986157,29.432254999147688,29.225550670741768,35.32318916986907 
 06/26  16:30:00,34.663885151364354,36.52235071337892,34.93125657924107,61.103254154245185,18.0,42.10850324685964,25.628009359592287,29.10769701353945,29.43960774411505,29.17612230668226,34.977574907324026 
 06/26  16:35:00,34.50892632852057,36.70796754000611,34.72286214775151,60.51675393900565,18.0,41.48539399091072,25.614174418332937,29.076222829333346,29.49343153988343,29.149661661768846,34.89249438273447 
 06/26  16:40:00,34.35491108299849,36.8987611266471,34.52460753215185,60.01796188495772,18.0,40.88991658775951,25.60833977512627,29.047773247483406,29.55357717216384,29.12639937003246,34.80361640328374 
 06/26  16:45:00,34.20015124093421,37.087927098413196,34.332873337361356,59.55716736332182,18.0,40.30140300379222,25.603123248659447,29.01980791312201,29.617379960060475,29.1037846026004,34.71216572927767 
 06/26  16:50:00,34.04460231840909,37.27276912465201,34.14621060421862,59.113859915510304,18.0,39.74655538433329,25.5990123230189,28.992436410722746,29.68392098791378,29.081885371775,34.618502818249 
 06/26  16:55:00,33.88840615299837,37.45166820707363,33.96372852376717,58.67696048380689,18.0,39.19858025150954,25.59505038758018,28.965404859338662,29.751882757013846,29.060439211851985,34.52259427377555 
 06/26  17:00:00,33.73172649749664,37.62353701958762,33.784818490127364,58.24014115010671,18.0,38.677514065644715,25.591357184091173,28.938720216042157,29.820269655797176,29.0394308054955,34.4246202789202 
 06/26  17:05:00,33.539422285737146,37.75884577152111,33.575397124101755,57.825161512239795,18.0,38.155272617244286,25.587772234830933,28.8292732890269,29.813167337852462,28.933346625955494,34.26529018075678 
 06/26  17:10:00,33.333803054535245,37.87629780169959,33.35620243424638,57.40997897889021,18.0,37.650331221881366,25.554124315423607,28.71815672471911,29.801803624192075,28.824467774749337,34.10156931680564 
 06/26  17:15:00,33.119885238858984,37.97968051443318,33.13151289095583,56.98951324157245,18.0,37.147674846424906,25.538577248251222,28.610438641303404,29.790922837477297,28.718635658288235,33.938282912566706 
 06/26  17:20:00,32.90011616948041,38.070670819830944,32.90326591001538,56.561211605685216,18.0,36.65724718214377,25.52358722620103,28.547739377024413,29.817312905960648,28.655164681933343,33.82224002525635 
 06/26  17:25:00,32.675990097385345,38.15018207578944,32.67257479963193,56.12362547082145,18.0,36.169298735886166,25.627165684248183,28.431657263420846,29.794642124774782,28.541525316209572,33.639167811688594 
 06/26  17:30:00,32.448483665674196,38.21872549058114,32.440124307272214,55.675938969913844,18.0,35.69156621960415,25.560900626975226,28.310551994752927,29.75333851354867,28.422867205200532,33.45627754191469 
 06/26  17:35:00,32.207156780217815,38.15825555151298,32.19562352977039,54.830703820136456,18.0,35.13310041294229,25.539055220436286,28.19397968001755,29.66622675950299,28.307658955643035,33.106295135320465 
 06/26  17:40:00,31.960948731370813,38.036463803266464,31.94766854772482,53.85898160325684,18.0,34.57652180769212,25.513644806863457,28.077326254398713,29.567571795058143,28.192155440741317,32.75927865709258 
 06/26  17:45:00,31.712297340718365,37.86661800641615,31.698463260075744,52.810312593579006,18.0,34.030872659000416,25.488284762255905,27.961651563128896,29.458102897783874,28.077346588526325,32.41067434550246 
 06/26  17:50:00,31.462531333651235,37.65466689096751,31.449152984397923,51.707972175701066,18.0,33.48254629999718,25.462969004310747,27.84683814970583,29.33770876694018,27.96312680398944,32.060402248375794 
 06/26  17:55:00,31.212516823409533,37.40398699384557,31.20045555793292,50.56574038171012,18.0,32.94535666111843,25.4370614624044,27.732492545884043,29.206147941430913,27.849125411237083,31.708345046736326 
 06/26  18:00:00,30.964321937535296,37.12073629693073,30.95426748003263,49.40131880906237,18.0,32.419835787382006,25.410636450752712,27.619282017224805,29.06558542156631,27.735969717009198,31.358721742809223 
 06/26  18:05:00,30.666345561933163,36.771057417556946,30.660289443182457,48.25390026359184,18.0,31.8675242841393,25.3835078273177,27.397625145787856,28.815100677460805,27.508712480766235,30.92241027037096 
 06/26  18:10:00,30.350694834566642,36.37567155307605,30.34983443227898,47.09062412021855,18.0,31.32096582755201,25.348592543932973,27.173472966903773,28.551628214648417,27.277023899205346,30.48225620778487 
 06/26  18:15:00,30.024591087908117,35.93876242097322,30.029640928669703,45.90619729481742,18.0,30.779210094967574,25.325081163109928,26.948882587079424,28.276864734047535,27.04441070772623,30.036763346269254 
 06/26  18:20:00,29.652012356342755,35.15606592319881,29.664320049933654,44.021139030360196,18.0,30.240375787875927,25.298193765929692,26.70267630982289,27.832548733870112,26.79091372724008,29.267318811785287 
 06/26  18:25:00,29.300743544436507,34.52479244089677,29.319966375182496,42.57192828399462,18.0,29.70660771569379,25.25598457935279,26.502955699608833,27.57050595149434,26.579967459933584,28.848152624465854 
 06/26  18:30:00,28.952238143089794,33.895287786817676,28.97800218102838,41.19008421429563,18.0,29.18064736109928,25.33486076463956,26.320773253379343,27.30670082520618,26.38777831934283,28.431272647051912 
 06/26  18:35:00,28.610584515303092,33.39491795857798,28.642301750085476,40.14108525538575,18.0,28.693063546202595,25.392887024112238,26.144521594415437,27.111471441953768,26.193001345760877,28.14588213523814 
 06/26  18:40:00,28.270376765291893,32.93176325767902,28.30744397251064,39.20483839477779,18.0,28.217371970952257,25.43953482243707,25.94340066489997,26.887651706500208,26.002065021237797,27.86461993542082 
 06/26  18:45:00,27.930149234795856,32.4859020704435,27.971926709728262,38.33451541883515,18.0,27.741740535341368,25.475807350175014,25.754749309790782,26.673584163879127,25.787376569891535,27.559902199890075 
 06/26  18:50:00,27.58915343735631,32.04940150295133,27.63495835198664,37.51051000536207,18.0,27.281298906735014,25.50288283469351,25.554697492292803,26.4468570736974,25.586437949884157,27.272155578410775 
 06/26  18:55:00,27.24693120228808,31.61338524577898,27.296033097978633,36.71285045640203,18.0,26.821576370841637,25.5220863261337,25.348938013083284,26.212840109913486,25.373329337396456,26.972660937744195 
 06/26  19:00:00,26.90318506030648,31.055482709515847,26.95480145340281,35.714711643847615,18.0,26.372975569042787,25.540988575483105,25.144038310338203,25.913844776991596,25.150430008872377,26.549770985276666 
 06/26  19:05:00,26.597909428873894,30.4719896729524,26.650823830585928,34.665637367077856,18.0,26.00268248933837,25.554055365605034,25.025235709085848,25.68309370155356,25.027614621275575,26.2136279001017 
 06/26  19:10:00,26.29292767760644,29.68165467863182,26.34638367382053,33.29501023484845,18.0,25.651877513101564,25.564681246413897,24.89492061500755,25.356243096078686,24.89018313116253,25.722753934417142 
 06/26  19:15:00,26.007477923580407,29.00473970979801,26.060775935930803,32.15719830824898,18.0,25.30451409255564,25.56514308900731,24.762997915262304,25.13037491785235,24.754314647366982,25.4141384212258 
 06/26  19:20:00,25.73187994859812,28.33163211928363,25.78442363231015,31.060508428626196,18.0,24.990635181982075,25.567649464609048,24.624712927215455,24.8997562546607,24.615308023974478,25.09974707771687 
 06/26  19:25:00,25.464188616510146,27.637132876974924,25.51540752116307,29.965883426699975,18.0,24.680399775853967,25.56650811646412,24.47887231069035,24.659566852914566,24.471233212140874,24.781663213929846 
 06/26  19:30:00,25.092057437106387,26.60627398323069,25.141649652883856,28.45404500807508,18.0,24.268010563720708,25.561960223440394,24.25321889995564,24.25223574846143,24.25196102228921,24.25021626928276 
 06/26  19:35:00,24.840557759818292,26.030220404484513,24.88772351937382,27.616497021040516,18.0,24.044829453345045,25.54255816106316,24.151335532201074,24.150842771773,24.147812463008393,24.14664542068283 
 06/26  19:40:00,24.62793044768788,25.597042833720128,24.672472372413257,26.994267598010367,18.0,23.82414088779105,25.538098852407998,24.054863929667647,24.054119042058346,24.04942737315605,24.047849035598915 
 06/26  19:45:00,24.438178186022412,25.246182450437104,24.47998538291744,26.497431708694744,18.0,23.603001090096573,25.532638015193214,23.95879359291422,23.9579860677062,23.951800420273287,23.950126044865897 
 06/26  19:50:00,24.264116377517468,24.950450085700886,24.303189780909495,26.084953416340017,18.0,23.42584273915964,25.526618484523013,23.863543558547292,23.86270916013399,23.855372109520033,23.853652157524323 
 06/26  19:55:00,24.10141838953258,24.693575066681028,24.137852305650263,25.73217726741741,18.0,23.248874010672797,25.51991352425902,23.769131359448238,23.768282443879116,23.76016780481848,23.758416822079084 
 06/26  20:00:00,23.947262042529207,24.465006566101806,23.981225854944164,25.42310356816992,18.0,23.100462486324755,25.51256843379861,23.675649485062195,23.67479439896607,23.666289574109783,23.664515229618246 
 06/26  20:05:00,23.78732411312563,24.243968241957482,23.819176675846965,25.13001406428593,18.0,22.929393020243378,25.50451466877873,23.56062412833353,23.559773796624654,23.55202566623757,23.550247444037268 
 06/26  20:10:00,23.627404759392522,24.0336235467351,23.657349133239347,24.85588613746332,18.0,22.77265458767693,25.495556179181527,23.444519860126206,23.44368701562786,23.436765492256825,23.434984037225263 
 06/26  20:15:00,23.46823102706177,23.83235252195822,23.49643576769466,24.597770335903256,18.0,22.615907060209043,25.485842748127894,23.3281745089007,23.32736422544383,23.321281654975905,23.319502473565592 
 06/26  20:20:00,23.309936970170234,23.638515784957118,23.336552711121914,24.352896851054776,18.0,22.46446803854234,25.475472609568623,23.21176233392788,23.210980030198016,23.205739360537564,23.203966232586026 
 06/26  20:25:00,23.1525189036033,23.450774199620735,23.17768375015802,24.119026029210964,18.0,22.31300128691121,25.464003568452082,23.095180598643708,23.09443051155489,23.09003269592796,23.088269315174102 
 06/26  20:30:00,22.995925564011525,23.26805961979112,23.01976778375987,23.894372174660816,18.0,22.165902210299226,25.452230965298106,22.978655015148092,22.977941976896886,22.974391297695774,22.972639536522422 
 06/26  20:35:00,22.84009015473803,23.089521309795632,22.86272992264909,23.67750813191282,18.0,22.01877351958068,25.439807489260456,22.86208572463852,22.861413132789323,22.858714326514473,22.856976382443122 
 06/26  20:40:00,22.684944531355818,22.914479095552377,22.706495945415835,23.46728614487222,18.0,21.87509500444618,25.426828580973783,22.745526946312964,22.744898249596986,22.74305875259398,22.741336135988718 
 06/26  20:45:00,22.530427140052662,22.742385992450313,22.55100656387375,23.262776094594017,18.0,21.73138423892629,25.413262565480192,22.629188753504877,22.62860115049091,22.627621205436355,22.62589927158149 
 06/26  20:50:00,22.37650510074765,22.57279917279888,22.39616418940927,23.063218076259687,18.0,21.590392583654957,25.399189903348134,22.512950387583146,22.51241569939714,22.512330562012608,22.51063812814698 
 06/26  20:55:00,22.223034301961782,22.405357603830403,22.241897364134783,22.867986105632234,18.0,21.449365843176654,25.38458740859769,22.39634812041163,22.395866828373812,22.396652722155693,22.39498723480409 
 06/26  21:00:00,22.070019622555808,22.239764842184584,22.08817459305917,22.676560283944738,18.0,21.31049057957998,25.36951754780846,22.279457756226577,22.279030743971248,22.280669964803167,22.279029807181587 
 06/26  21:05:00,21.916568369704642,22.07475289527935,21.93349689206115,22.486448852675892,18.0,21.13965844424646,25.353967549344624,22.1595282395636,22.159154805143658,22.160409045867027,22.158794613249313 
 06/26  21:10:00,21.76322553404264,21.91085000038385,21.778836638356477,22.298741703233322,18.0,20.963775222466968,25.337949076315645,22.039489506579343,22.039170885427552,22.04003766517428,22.03844682630597 
 06/26  21:15:00,21.61023477510079,21.74812997592318,21.624542143706318,22.11351724426528,18.0,20.78831395478653,25.321641284710996,21.919485498598192,21.919221807026133,21.91974944087542,21.91818114926724 
 06/26  21:20:00,21.457658806818397,21.586540387352546,21.470741277244073,21.93071609292022,18.0,20.60341825068295,25.30508307127839,21.799534051745468,21.79932531290467,21.799570666527643,21.798023497263557 
 06/26  21:25:00,21.305532202962524,21.426110424473965,21.31750507239653,21.75024179421165,18.0,20.418977761888737,25.28827049658234,21.679618336538738,21.679464317329177,21.679485902054523,21.677958294829978 
 06/26  21:30:00,21.153871588735136,21.266795051387863,21.16487362339886,21.571988434164737,18.0,20.22937228419503,25.271226759373054,21.559735012511396,21.55963539294072,21.55949240810628,21.557982468092064 
 06/26  21:35:00,21.002682271538625,21.108535982133713,21.012867391819544,21.39586799473601,18.0,20.04025758640812,25.25395607870865,21.43986518111086,21.43981949429218,21.43957145818979,21.438076654891915 
 06/26  21:40:00,20.85196247467337,20.9512750161449,20.861494210472205,21.221824151171734,18.0,19.84846819514152,25.236470350486826,21.319955986813625,21.31996349232901,21.31966817518321,21.3181705604606 
 06/26  21:45:00,20.70170600720182,20.794955881504272,20.71075373114905,21.049802732920522,18.0,19.65718676013631,25.218779631522853,21.20042687953844,21.200487660993588,21.200219051521685,21.198769715609842 
 06/26  21:50:00,20.551903972140963,20.639525277826266,20.560640306491397,20.87974475162015,18.0,19.464799689728356,25.20089399054266,21.080986998479545,21.08109927374727,21.080913112348753,21.07947985416672 
 06/26  21:55:00,20.402545875919163,20.4849333628719,20.41114489159172,20.711553828282117,18.0,19.27292658396694,25.182825860184515,20.961626922120445,20.961789783434597,20.96174523131799,20.960325503645322 
 06/26  22:00:00,20.253620356226655,20.331133883394855,20.26225631607614,20.545135395928995,18.0,19.080956022091954,25.16457601324358,20.842342146273893,20.842554647824045,20.842710397085852,20.841302499482936 
 06/26  22:05:00,20.183263748744213,20.25626915405357,20.191626644853102,20.45833493225773,18.0,18.993922892720573,25.146163294193013,20.865787582352596,20.866056171126502,20.86621315487031,20.864811498834285 
 06/26  22:10:00,20.144354434320032,20.213179761694956,20.152370962971155,20.4040630853195,18.0,18.929806641920575,25.129582053745885,20.90276985263654,20.90304362895631,20.903182480513692,20.90182207459077 
 06/26  22:15:00,20.12532808106312,20.19026459887819,20.13297063955364,20.370660654166887,18.0,18.865670296828462,25.113359185680174,20.939067827691133,20.93935736138502,20.93947798913905,20.938150504116038 
 06/26  22:20:00,20.120260848533245,20.181570389383133,20.12752115293762,20.35211865464433,18.0,18.8385876184757,25.097535466778275,20.97548167038906,20.975786883970216,20.97588892175861,20.974593027558967 
 06/26  22:25:00,20.125394098276555,20.18331371499286,20.132274401188013,20.344603699920516,18.0,18.811545783383806,25.08252511424317,21.012211488501293,21.012532210712266,21.01261619545494,21.01134995880932 
 06/26  22:30:00,20.13819005061719,20.19293557184716,20.144698646430417,20.345512236956306,18.0,18.80803285851994,25.06750106478799,21.04904885091122,21.049383714458656,21.049450208485155,21.048212799673763 
 06/26  22:35:00,20.15687625356882,20.208645144948136,20.1630248923574,20.353013738162755,18.0,18.80455376754405,25.05280311394744,21.08608611661083,21.086434569422977,21.08648421666203,21.085273983097068 
 06/26  22:40:00,20.18018265133576,20.22915635235417,20.185984984659935,20.365786604378865,18.0,18.816823548580096,25.038360324089485,21.12327489200038,21.12363599576156,21.12366944082686,21.122485107813873 
 06/26  22:45:00,20.20717944110603,20.253525293000543,20.212650065305674,20.382855014266653,18.0,18.829119593272893,25.024201272843307,21.16062868171099,21.161001640529946,21.161019585370013,21.159859648154338 
 06/26  22:50:00,20.237173021221725,20.281045873128264,20.24232688059908,20.40348403179883,18.0,18.852269837812102,25.01026289458868,21.198110370134714,21.198494029897915,21.19849730840349,21.19736037144537 
 06/26  22:55:00,20.269637190375548,20.311180750909802,20.27448920364508,20.427110115336124,18.0,18.875439651473815,24.996582551357854,21.235735623217238,21.236130116931236,21.2361194658032,21.23500403270168 
 06/26  23:00:00,20.304166538354192,20.343514524505952,20.3087313666648,20.45329394509262,18.0,18.906276064965443,24.983109145632692,21.27347067237912,21.27387559670558,21.273850445715652,21.272756503955065 
 06/26  23:05:00,20.30791551393784,20.34516723361036,20.31292155460594,20.44970939041897,18.0,18.912249330663947,24.969874221207753,21.25006239245033,21.25047778661485,21.25081746509153,21.249746036592114 
 06/26  23:10:00,20.30018387711407,20.33544594188938,20.305884249908033,20.43525936136051,18.0,18.917915583479736,24.956045953148088,21.223216794089808,21.22365819232914,21.224340662831878,21.223276713335963 
 06/26  23:15:00,20.285533032851255,20.31890987605814,20.29206843058395,20.414399464473863,18.0,18.9232298546259,24.94214167538543,21.195745372794647,21.19620938147284,21.19719405612784,21.196139113758363 
 06/26  23:20:00,20.26623347016811,20.297825564826418,20.27368946467454,20.389338624452975,18.0,18.923289984880142,24.928155978622602,21.168036676289262,21.168522032140913,21.169764727111783,21.168718803157617 
 06/26  23:25:00,20.243693434478555,20.27359677259673,20.25212177196872,20.36144016814437,18.0,18.92302401297125,24.914112509922038,21.140176553350273,21.140682348309156,21.142138563763638,21.141101370122897 
 06/26  23:30:00,20.218841846354046,20.247147751007134,20.228271909787345,20.331597268301635,18.0,18.91957111290482,24.89999380938747,21.112172499134886,21.112697756131524,21.114323170444493,21.11329452209975 
 06/26  23:35:00,20.19231106838527,20.219106165662858,20.202756746374817,20.300412255519763,18.0,18.915820706480236,24.885829912828275,21.08404866212709,21.084592538244692,21.08634291333965,21.08532253485214 
 06/26  23:40:00,20.16454143979177,20.189907731206844,20.176005461802507,20.268299285215623,18.0,18.90995835400209,24.871604945317472,21.055800837420975,21.05636241494301,21.058193730234734,21.05718147049538 
 06/26  23:45:00,20.135845154995145,20.15986015677907,20.148321937652753,20.235547141337115,18.0,18.903817793981993,24.857350543100456,21.02745001807949,21.0280285274888,21.029896785763412,21.028892404342002 
 06/26  23:50:00,20.106446866694043,20.12918379215313,20.119924448892103,20.20235919202452,18.0,18.896190466109722,24.84304907973229,20.998989004648536,20.999583605363284,21.001445034204494,21.000448438431476 
 06/26  23:55:00,20.07651026203662,20.09803822897632,20.09097166362152,20.168879558620592,18.0,18.888299072452305,24.828733216844977,20.97043788589258,20.971047900059716,20.97285868981851,20.971869772639025 
 06/26  24:00:00,20.046155872155722,20.066540121934374,20.061580077124074,20.135210657118666,18.0,18.879296108543286,24.814383410683117,20.94178678525111,20.94241146527844,20.94412805231866,20.943146575030937 
 06/27  00:05:00,20.026138189951084,20.04547913298648,20.041622692000193,20.111429924678532,18.0,18.86655254900519,24.80003408121072,20.935512080224953,20.936154218565207,20.93781832407825,20.936839893002286 
 06/27  00:10:00,20.010049279924218,20.028416734046555,20.025205246102477,20.09147559716439,18.0,18.85233731238681,24.785942038320947,20.93028408189025,20.930936156981375,20.932495101577274,20.931524423489122 
 06/27  00:15:00,19.996376495449187,20.013829989942952,20.010946357457428,20.07391453283961,18.0,18.83802764177079,24.772125975330106,20.925532079809386,20.926194232917283,20.927637611902128,20.926672884379286 
 06/27  00:20:00,19.98436899880232,20.00096149856979,19.998164818818818,20.058034268282224,18.0,18.822016002082034,24.758404148624027,20.920968318329415,20.921640096159194,20.922959066472004,20.921999594606064 
 06/27  00:25:00,19.97356087346473,19.98934039381571,19.98644009047376,20.043391634544037,18.0,18.80589760355338,24.744752185205016,20.916511502925914,20.91719252785856,20.91837768206466,20.91742293773052 
 06/27  00:30:00,19.963643366506695,19.978653962370867,19.975494742590698,20.0296917264915,18.0,18.788668971476483,24.731149272831132,20.91210391048321,20.912793644168346,20.91383585564006,20.91288558764211 
 06/27  00:35:00,19.95440430818856,19.96868674533639,19.96513889425355,20.016730606078678,18.0,18.771326876092296,24.71764094498367,20.907754106991092,20.908452231088575,20.90934209745376,20.908395903816768 
 06/27  00:40:00,19.94569373693959,19.95928597181378,19.9552388095955,20.00436287232675,18.0,18.753200590637164,24.704193283741603,20.903430699871592,20.904136722550618,20.904865225805167,20.903922923296705 
 06/27  00:45:00,19.937403061128542,19.950340597605027,19.945697938116105,19.992482052301394,18.0,18.734955265116476,24.69084557345746,20.8991529596193,20.899866607526747,20.900424603090244,20.89948582794824 
 06/27  00:50:00,19.92945191376859,19.941768077387227,19.936445003179276,19.98100825980603,18.0,18.716115751658776,24.677561742799796,20.894894410663312,20.895615234647835,20.89599385432723,20.89505845064491 
 06/27  00:55:00,19.921779607021843,19.933505762024378,19.92742628957241,19.969880188021957,18.0,18.697152310727187,24.66437693256263,20.890675672893394,20.891403429806928,20.891593796542224,20.89066143211312 
 06/27  01:00:00,19.914339438860765,19.9255051644769,19.91860052511042,19.95904978249756,18.0,18.677705134363034,24.65126331950628,20.88647411304413,20.887208416827036,20.887201808620375,20.886272322412253 
 06/27  01:05:00,19.91366673411711,19.924277630082155,19.917735237564838,19.95615744866076,18.0,18.69523847788174,24.638265996128084,20.8902471274846,20.89098641963278,20.891095894365435,20.8901721305117 
 06/27  01:10:00,19.915697666097056,19.925773613680757,19.919995561224336,19.95644812474433,18.0,18.72025198659226,24.625460613300024,20.89472983610665,20.895470817652722,20.895640371832656,20.894725432099392 
 06/27  01:15:00,19.91940833432743,19.92897176327849,19.924161225931016,19.958717954182486,18.0,18.74486189205406,24.61275289758295,20.899418918477977,20.900162174383468,20.900312452810454,20.899405192418385 
 06/27  01:20:00,19.924263339616562,19.93333734511558,19.929593305505954,19.962334101070986,18.0,18.781591817008277,24.600086137722748,20.90411638768387,20.904862511955685,20.90490235489642,20.904001531164965 
 06/27  01:25:00,19.92991791193305,19.938525536648307,19.935880035295806,19.966886876134666,18.0,18.817859059532974,24.587494493179825,20.9086854568161,20.909430549063927,20.90926572549091,20.908375408951088 
 06/27  01:30:00,19.93613599928862,19.944299849872703,19.942739359846854,19.972094099817575,18.0,18.86113025111374,24.574935429170804,20.91297614134396,20.913720400475427,20.91325928425448,20.91237865042126 
 06/27  01:35:00,19.942750391573117,19.950492420120206,19.949971446890096,19.97775451497182,18.0,18.903882901205957,24.56243765293021,20.917015248628218,20.917758778269103,20.916909919650152,20.916038319825077 
 06/27  01:40:00,19.94963952992898,19.95698091062278,19.957431044658122,19.98372066547237,18.0,18.950642443288288,24.54996590095211,20.92079011964057,20.9215328157631,20.920206236208458,20.919343264053282 
 06/27  01:45:00,19.956713098189226,19.963674161976122,19.96501029154902,19.989882025793396,18.0,18.996852288970203,24.537547999462973,20.92432916638643,20.9250710631444,20.923177652381696,20.922322800187032 
 06/27  01:50:00,19.963902705098597,19.970502910775654,19.972627590022647,19.99615407749101,18.0,19.045170656911566,24.525153194220344,20.927623182397383,20.928364149397737,20.925816334949502,20.924969288540694 
 06/27  01:55:00,19.97115567438863,19.977413602924667,19.98022018574842,20.00247101926156,18.0,19.092923309625956,24.51280748993239,20.930697433892078,20.93143747297563,20.92814843049399,20.927308775240817 
 06/27  02:00:00,19.978430803552516,19.984364167323243,19.987739095700015,20.0087807806629,18.0,19.141553620697263,24.500483515754226,20.93354283234902,20.934281804025886,20.930166182779658,20.92933366867669 
 06/27  02:05:00,19.98271317757224,19.988343866214137,19.992146754278682,20.012072000586443,18.0,19.16756216331522,24.48820598120639,20.932698116672043,20.933437393867848,20.929233114276485,20.928405374978297 
 06/27  02:10:00,19.985880800769078,19.991226264540096,19.995388364370918,20.01426582408823,18.0,19.18951081899931,24.475901780742756,20.931436539435936,20.932177325299108,20.927944021641565,20.92711979400093 
 06/27  02:15:00,19.988391397775747,19.993467394877392,19.99794184578663,20.015831974188764,18.0,19.21144043290363,24.463679928772056,20.93007782437246,20.930819854394485,20.926583702704306,20.92576289537851 
 06/27  02:20:00,19.990474587114708,19.99529566993323,20.00004759302456,20.01700541055737,18.0,19.226409216556597,24.451525968069173,20.928700447545395,20.92944341098098,20.925214986482615,20.92439763664214 
 06/27  02:25:00,19.99227260573473,19.99685233642613,20.001854455993413,20.01793072869414,18.0,19.241349751214557,24.439466496410958,20.927353344873325,20.92809710075568,20.923880050802325,20.92306606397233 
 06/27  02:30:00,19.9938789064707,19.99822999331583,20.003460131205657,20.018702090602552,18.0,19.252143754978086,24.427478308041874,20.926033428087862,20.926777734023972,20.922573538045413,20.921762937544486 
 06/27  02:35:00,19.99535672807083,19.999491121852426,20.004930656311736,20.01938248903814,18.0,19.262921091284433,24.41558739219554,20.92475963734887,20.925504389976027,20.921313097540178,20.920505784808825 
 06/27  02:40:00,19.996749747452,20.00067871400879,20.006311595013244,20.020014796680382,18.0,19.271102944657084,24.4037681002761,20.92351623271236,20.92426120827895,20.92008291279592,20.91927891767932 
 06/27  02:45:00,19.998088599336786,20.001822776890933,20.007634878042698,20.020628521613233,18.0,19.279274418113914,24.392045955126644,20.92231807115911,20.9230631846724,20.918897401143056,20.918096628300873 
 06/27  02:50:00,19.999395024157284,20.002944470420463,20.008923150974045,20.02124409882009,18.0,19.28578765015633,24.380394365500948,20.921147727527796,20.921892771118337,20.91773940420194,20.916941887088853 
 06/27  02:55:00,20.000684584153653,20.004058816282107,20.010192617748803,20.021875695206646,18.0,19.292294252541137,24.36883827312495,20.92001967663606,20.920764581199933,20.91662308817274,20.915828733720502 
 06/27  03:00:00,20.001968483398123,20.005176512755142,20.011454943615302,20.0225330853116,18.0,19.297727547757027,24.35735103453827,20.918916703343655,20.919661277949842,20.915531553116466,20.914740394940395 
 06/27  03:05:00,19.958356207124865,19.96140717529324,19.967794242284555,19.97830060457879,18.0,19.230576952241144,24.345956794083854,20.836429146026262,20.83717309495387,20.833567572265792,20.83277952467597 
 06/27  03:10:00,19.89701956033396,19.899921377159735,19.90650704772421,19.91647057321102,18.0,19.147240967066466,24.333571175954194,20.748392485852946,20.74915666972163,20.746022068984985,20.745216882334773 
 06/27  03:15:00,19.824593912813413,19.827354049843084,19.834235976319537,19.843684003215376,18.0,19.063825766833585,24.320951954360627,20.659416169555698,20.66019785793992,20.657525246190232,20.65670555238563 
 06/27  03:20:00,19.744447829159594,19.747073384874614,19.754341738386856,19.763300223994303,18.0,18.955460744544606,24.308140059064222,20.570167759529568,20.570966588109513,20.568757360414338,20.56792340855054 
 06/27  03:25:00,19.658704016997696,19.661201748449358,19.668935491940484,19.677429124351747,18.0,18.846971471155342,24.295144660041387,20.480759296798567,20.481575243962254,20.479832798333973,20.47898449490799 
 06/27  03:30:00,19.568787238964685,19.571163583309147,19.579430078226633,19.587482352105372,18.0,18.722994797686322,24.28197512787113,20.391212150829688,20.392045253518575,20.390773466148914,20.38991066525341 
 06/27  03:35:00,19.47568705827912,19.477948149218218,19.486804061260454,19.494437334456236,18.0,18.598917770379042,24.26864189804283,20.30153295066873,20.3023832890442,20.30158626857167,20.30070878863836 
 06/27  03:40:00,19.380108724579515,19.382260406489834,19.391753051609346,19.39898859284555,18.0,18.46465782778371,24.255152620003617,20.211722921064165,20.212590624710515,20.212272768107823,20.211380386341602 
 06/27  03:45:00,19.282565795349484,19.284613636312837,19.294782383016305,19.301640415848208,18.0,18.33030883353815,24.241514400379927,20.12178006944646,20.122665361379177,20.122831518179225,20.121923928320143 
 06/27  03:50:00,19.18343931717093,19.185388621340856,19.19626618691727,19.202765932293172,18.0,18.189035180700042,24.227733024907753,20.03169587222044,20.03259919568353,20.033255093294713,20.03233178573703 
 06/27  03:55:00,19.083016796963577,19.08487261639054,19.096486199538358,19.102645917842242,18.0,18.047679062933245,24.213812955786974,19.941438107018826,19.942361218791575,19.943515556841135,19.942574825937868 
 06/27  04:00:00,18.98151850052282,18.983285646461713,18.995657887408807,19.00149492016365,18.0,17.901471241306645,24.199758520313495,19.851263686632535,19.852195727404023,19.85383384376388,19.852885963527115 
 06/27  04:05:00,18.90439357076523,18.906076715988927,18.919064782043158,18.924595892813766,18.0,17.80549363945384,24.185574426282084,19.8080376280692,19.808986429922015,19.81047122427094,19.809508240947423 
 06/27  04:10:00,18.836437240400098,18.838040862540566,18.851538832241346,18.8567800055077,18.0,17.716783615402125,24.171848336448893,19.767521837053096,19.76847625346886,19.769835886577425,19.76886862956752 
 06/27  04:15:00,18.774034026412494,18.775562351255907,18.7894839830102,18.794450269185756,18.0,17.62807348797735,24.158152531123783,19.72740901859038,19.728370624496392,19.729608803988526,19.728635677970033 
 06/27  04:20:00,18.715381732502426,18.716838756751955,18.73111328959343,18.73581888880403,18.0,17.553919337476174,24.14445184057342,19.687366693263584,19.6883357875854,19.68945304007525,19.688473686405075 
 06/27  04:25:00,19.009003919398044,18.937679102636572,18.83181445540185,18.83627406231325,18.0,17.678706880640174,24.13074766077854,19.824335355407925,19.789673714727144,19.73270981672806,19.732759374391208 
 06/27  04:30:00,19.04969623764925,18.969872999800465,18.856542349936635,18.86076937059644,18.0,17.674207813800855,24.12821937154434,19.767394195588622,19.742832898214715,19.708949077150464,19.70898711194775 
 06/27  04:35:00,19.27947675613257,19.124685688275555,18.912532811618732,18.916539290165083,18.0,17.734219665817367,24.116917655799522,19.835119274850285,19.77980399116558,19.705780342722676,19.706533702916147 
 06/27  04:40:00,19.734264837075038,19.410393538715105,18.990246336773673,18.994044008027366,18.0,17.80605452696281,24.110728595566364,19.985037903961484,19.86359412074944,19.70831971474513,19.70916244487006 
 06/27  04:45:00,20.172688622273085,19.6779688741481,19.07215274861432,19.075752638068426,18.0,17.879118417163134,24.108704724841886,20.075669570646767,19.908526467337595,19.707099054518267,19.707154305537813 
 06/27  04:50:00,20.629541815634457,19.948192569705217,19.15971153028221,19.163123994230784,18.0,17.975423227375067,24.10585715826871,20.165465686138532,19.949790732577185,19.70447924961104,19.70373852077944 
 06/27  04:55:00,21.075052197593646,20.2042835939434,19.252047341836672,19.255282199874728,18.0,18.072936995811883,24.10367940203538,20.241396542689756,19.9811173694776,19.701846480672202,19.7007519500728 
 06/27  05:00:00,21.431265835794868,20.407877550689836,19.348331914844056,19.3513982779316,18.0,18.18664548506475,24.101858478732524,20.27142536086251,19.990026231423826,19.699100739817254,19.69767555525698 
 06/27  05:05:00,21.789527515228528,20.620136462030413,19.4747266162007,19.477638883104277,18.0,18.33191053043902,24.099265384479715,20.35466626346215,20.044617238354874,19.74240430603288,19.740634433631385 
 06/27  05:10:00,22.145698472686814,20.83179143852224,19.61535485999243,19.618129226809454,18.0,18.49757675486359,24.097482170235477,20.44245300870392,20.103966673748346,19.793054587562096,19.79098842196055 
 06/27  05:15:00,22.502308712765043,21.042511959658,19.766139052649518,19.768782607516652,18.0,18.666315315788964,24.09642330766526,20.53244871167601,20.164141345856365,19.845622980813232,19.84328121677669 
 06/27  05:20:00,22.861150998838806,21.25238585872187,19.924973012724717,19.927495743667283,18.0,18.8583586618837,24.09590659117618,20.6241612371183,20.224322194444767,19.899189098548277,19.896591622759217 
 06/27  05:25:00,23.223237653981986,21.461389955036946,20.090517239628085,20.09292963891696,18.0,19.053602296641653,24.095893294614694,20.717452997741475,20.284281355089888,19.95362249335045,19.95078838285832 
 06/27  05:30:00,23.589073295747298,21.669408000065516,20.2618597611227,20.264172320042803,18.0,19.267950399009056,24.096381495047513,20.812228821361316,20.343869407708098,20.00889930415991,20.005854224403606 
 06/27  05:35:00,24.574013299238917,22.14534584834324,20.49481116438033,20.497033249910086,18.0,19.61634793076203,24.097387867354872,21.221320879562427,20.551502622604914,20.099503060244558,20.094967928504218 
 06/27  05:40:00,26.35805257416543,22.939999419581447,20.796244925518003,20.798384143690622,18.0,20.03212560691662,24.108764996036726,21.934232468945083,20.87334639149003,20.21597209608194,20.21000598836514 
 06/27  05:45:00,27.93086006998379,23.626912866087295,21.0954415581433,21.09750445487247,18.0,20.46585090146804,24.13300253513469,22.342994311607868,21.065530369084513,20.31618240159935,20.308865255523983 
 06/27  05:50:00,29.50906276944383,24.29240688724746,21.40529603437835,21.407287939311242,18.0,20.990415393024886,24.150966334814616,22.749009866901247,21.24554990980016,20.41504454708911,20.406505172368043 
 06/27  05:55:00,31.116243629356198,24.941169578242825,21.721997136578697,21.723921727692584,18.0,21.533387317281118,24.170815684126637,23.159279164556892,21.4167995450058,20.513633090671874,20.504016119527932 
 06/27  06:00:00,32.71850442759952,25.564938058257223,22.050744732390744,22.05260400696457,18.0,22.159446990752567,24.192225878111415,23.55714076588407,21.57600928110469,20.615635574904957,20.605114132902088 
 06/27  06:05:00,34.26647806569791,26.155812760019515,22.396562276414787,22.39834019165381,18.0,22.765123374209796,24.215057007244532,23.967933738937063,21.767378683242782,20.764969404599015,20.7539275374711 
 06/27  06:10:00,35.77656208321982,26.71122726252984,22.749364705910196,22.751055282977056,18.0,23.421407318856318,24.239694201848476,24.370657702580615,21.94507659597673,20.916577476999066,20.905249739638975 
 06/27  06:15:00,37.248976703583345,27.22964153313129,23.105570005438224,23.10716899644197,18.0,24.076028359111692,24.265908050948962,24.765185765218916,22.11051691280852,21.068880587319313,21.057473342862977 
 06/27  06:20:00,39.32789408622098,27.9160193932378,23.519112428718326,23.52061569458506,18.0,24.75820723549098,24.293483122386714,25.467600691074495,22.36957509987019,21.251332611985674,21.240052415672267 
 06/27  06:25:00,40.93934005332113,28.426791847661697,23.89771463152137,23.899118156253763,18.0,25.438123413079737,24.334016729153113,25.84426957790032,22.50955720651325,21.407625518964323,21.396649164853898 
 06/27  06:30:00,42.42176821250565,28.86730838632178,24.266329853764084,24.267629588704704,18.0,26.13454201079897,24.366546348941213,26.215508349763354,22.636554792671348,21.561227858148072,21.550726803146404 
 06/27  06:35:00,42.67870710044834,28.933676144307732,24.529276946144673,24.530468852969957,18.0,26.468533867472114,24.400202848423106,26.041493106441294,22.597206328110985,21.661813436312286,21.653343040255777 
 06/27  06:40:00,42.524466850272255,28.87054083041932,24.748614989964906,24.749694825614377,18.0,26.72469210290452,24.41848918946123,25.872991272209333,22.565997254054082,21.75751337112672,21.75083380107401 
 06/27  06:45:00,41.45781165538346,28.580536290686556,24.897204150335334,24.89816742687321,18.0,26.96815815790734,24.434618738455693,25.37891914688987,22.46593594942533,21.831453967254674,21.826327696534236 
 06/27  06:50:00,40.68546945838821,28.367959305571667,25.056586892517092,25.057428971952184,18.0,27.08097908572058,24.438233233549376,25.216828549302022,22.461959154004035,21.926959318069407,21.923172480742323 
 06/27  06:55:00,39.902300100049125,28.166888912321756,25.208270589849164,25.2089870450791,18.0,27.184614065229233,24.448104507753794,25.056417386682824,22.464885037969907,22.024989108868965,22.02232797707211 
 06/27  07:00:00,39.09619366026606,27.977219858265045,25.351797644563764,25.352384829301407,18.0,27.2010245145517,24.45739041517704,24.900591895067578,22.493247460890757,22.123275786981708,22.121544416936104 
 06/27  07:05:00,38.38147089220085,27.865645569298,25.553372185025736,25.553831316546763,18.0,27.337587895741297,24.465676676224096,24.830580247006424,22.59220620710005,22.288041175554724,22.28704583176392 
 06/27  07:10:00,37.68335436117112,27.79167539292457,25.771947269091072,25.772276734140387,18.0,27.434281137578417,24.474133059804224,24.765108579808725,22.702939090012876,22.456371463841492,22.455980996110384 
 06/27  07:15:00,36.324397316121114,27.65847408315866,25.97277991403638,25.972978897920193,18.0,27.52081193506477,24.482102103615183,24.377875897214494,22.776113478185607,22.6109028472398,22.61098041970621 
 06/27  07:20:00,35.40195404211713,27.619920799750734,26.196268229987908,26.196337461193547,18.0,27.59506494798788,24.48034241574761,24.307872188309204,22.905801069980043,22.777246746575656,22.777685834718056 
 06/27  07:25:00,34.56887355788911,27.623678335876765,26.425905992060592,26.425848090785525,18.0,27.659165494105387,24.485089848945513,24.24121118861177,23.044174339825645,22.945399965334218,22.94608279041995 
 06/27  07:30:00,33.778646375244406,27.66088090032639,26.657954715264328,26.657774297091883,18.0,27.701781641081016,24.490676921387895,24.176308593702856,23.18802299287978,23.111783943646117,23.112629013857145 
 06/27  07:35:00,33.70735637257393,27.848067685589154,26.985266148690652,26.984969788832082,18.0,28.05317642825585,24.49646389294223,24.45303501620822,23.389212449929005,23.324782858229582,23.325722033825343 
 06/27  07:40:00,33.88679962725385,28.090756403095895,27.347969403505363,27.347565514968213,18.0,28.45627762183391,24.513157758459045,24.730677046750998,23.592735701117704,23.540681094420506,23.541719954828352 
 06/27  07:45:00,34.21206706642094,28.364661027619174,27.732161076332968,27.731659545031203,18.0,28.86217881034673,24.53204334294993,25.006527893852763,23.795858370754047,23.756411085057493,23.757543395612856 
 06/27  07:50:00,34.63074031883942,28.66480156077941,28.138547157783837,28.13033065556392,18.0,29.364294888862073,24.55270207325187,25.280217291847407,24.001240022489583,23.97426591152589,23.973278873568802 
 06/27  07:55:00,35.11066021254677,29.01128836723223,28.590586910359452,28.539311535524806,18.0,29.869580865630738,24.575315772604778,25.55183693311494,24.216353908093822,24.203091650291185,24.189170471633247 
 06/27  08:00:00,35.63088464566599,29.38078728759324,29.067532367910008,28.95579894151851,18.0,30.436913123601034,24.600023035196187,25.82126894409322,24.431561206100696,24.434429821128504,24.405190937746283 
 06/27  08:05:00,36.15934828713957,29.749369104790528,29.546250456436983,29.360657035783184,18.0,30.989289956793986,24.626463903829727,26.061386082836634,24.620244842549937,24.641307596151933,24.59430908898844 
 06/27  08:10:00,36.69782509850604,30.12296401474764,30.034337443690006,29.76341961976759,18.0,31.581409703208582,24.653949771055416,26.297676353872305,24.807455331488427,24.849179722235817,24.781915181766635 
 06/27  08:15:00,37.24180465146991,30.50094385264421,30.532039882268347,30.165566206084588,18.0,32.17663607454996,24.68282662983817,26.53132510814646,24.994491578296334,25.059458661292297,24.969406264968825 
 06/27  08:20:00,37.787406446817144,30.88238483736675,31.038989019987245,30.567581855293067,18.0,32.798187122017104,24.71284629735921,26.762370484395092,25.18142533622654,25.27223289865259,25.156871430376896 
 06/27  08:25:00,38.33157337747808,31.266496804301106,31.554745014208095,30.969657886970136,18.0,33.422784685828105,24.74409732759843,26.990874020984393,25.36834916040266,25.487573557900532,25.344405303684084 
 06/27  08:30:00,38.871895288014215,31.652635527592825,32.078869816872334,31.371851180759318,18.0,34.06901449587166,24.7763886558076,27.21673694727599,25.55518190618818,25.70535959366481,25.531931102428985 
 06/27  08:35:00,39.025170934022015,31.937969542602293,32.468571055647715,31.67261085935227,18.0,34.4501364051807,24.80980350191399,27.25361167770393,25.690586296240326,25.8599961045428,25.669007092851984 
 06/27  08:40:00,39.05322311438498,32.18701211883551,32.80664642779849,31.9363838248357,18.0,34.79012979410395,24.83591987234887,27.291601079621728,25.82325006442619,26.010028218532284,25.803282545673937 
 06/27  08:45:00,39.01162212294811,32.41397778255469,33.110467702769014,32.1775107677516,18.0,35.12851686655667,24.861290114564113,27.331547661187585,25.955227093227222,26.157332377118678,25.93686537672602 
 06/27  08:50:00,38.927460331410046,32.62580742195262,33.38836133391175,32.403025899994105,18.0,35.385059558389,24.886084429804782,27.37349142727055,26.086505987555483,26.301792877690332,26.069748212383274 
 06/27  08:55:00,38.817027905131845,32.826724776273146,33.645402987546596,32.61722326839138,18.0,35.640160674789094,24.910376985031768,27.417398876354923,26.21710200411087,26.443341884647452,26.20194337393889 
 06/27  09:00:00,38.6907335921931,33.01946851759047,33.88492408621471,32.82289656309941,18.0,35.84293793162109,24.934306821634323,27.463273733565984,26.34708203120738,26.58199179107953,26.333513258742187 
 06/27  09:05:00,38.599308442989035,33.24905355079974,34.15271134933284,33.06528982620652,18.0,36.094668009090334,24.957910199052797,27.586257661229865,26.55193403742453,26.793133884713143,26.539943748802557 
 06/27  09:10:00,38.51874676694207,33.48913765583407,34.42237505188802,33.317906433894656,18.0,36.32039562183975,24.982291555433008,27.7147884012129,26.76001285659015,27.005219135786092,26.749693021908 
 06/27  09:15:00,37.93436614697302,33.89520866244442,34.64570248067451,33.73563849414971,18.0,36.543950318706024,25.00682488698654,27.592615970136478,27.047749466389803,27.193562516866677,27.038435079992496 
 06/27  09:20:00,37.71086648725516,34.20563413143398,34.885729224046116,34.05781646125886,18.0,36.758053992700354,25.02968331531709,27.736149226022803,27.25683771541935,27.397404917696406,27.24927730682589 
 06/27  09:25:00,37.57351657287913,34.49619250591554,35.12369795798057,34.36000529442283,18.0,36.96993347040226,25.054471989207517,27.881037523454324,27.46633302795317,27.599104405724233,27.460374957996464 
 06/27  09:30:00,37.48355649850082,34.77702364224036,35.3568213692276,34.65234306543668,18.0,37.171999906971905,25.079575046147255,28.028214751622556,27.675340038946615,27.79830608918354,27.67093477322146 
 06/27  09:35:00,37.85502258046599,35.19947348545062,35.84455239744537,35.085906393697044,18.0,37.79511447254573,25.105035302877848,28.407658880768167,27.958615976115993,28.133973211162242,27.95531558102431 
 06/27  09:40:00,38.385999048543205,35.671347843560184,36.42817334728969,35.56878907632562,18.0,38.50269860763993,25.141510649581825,28.766642862679873,28.24466442526409,28.458782547968553,28.242614705349865 
 06/27  09:45:00,39.423239019216304,35.95817653616022,37.148591747290034,35.866833020100984,18.0,39.21375264893008,25.18080383669774,29.344276155551483,28.42469314303628,28.840498525933526,28.42420147984501 
 06/27  09:50:00,40.2239850900475,36.3874107353111,37.8695349822757,36.30715095132574,18.0,40.07240603925008,25.222248909142518,29.682698275253756,28.704489824447478,29.174634676156415,28.70530324714059 
 06/27  09:55:00,40.98574359876176,36.855250345893346,38.61481774388615,36.78614031516895,18.0,40.93345136351072,25.265711108836708,30.024278818381504,28.983854015388033,29.51916557047025,28.986139844273566 
 06/27  10:00:00,41.72418942617396,37.34425788164515,39.38186871118915,37.28642253460355,18.0,41.89182005576372,25.310927874483806,30.359749441945723,29.263166845861804,29.867511674174864,29.267015462624613 
 06/27  10:05:00,42.293467454841974,37.712493097269146,40.01005301684982,37.65280653609519,18.0,42.60549421842649,25.35799540397762,30.49050663339466,29.350540519645392,30.017525049659127,29.35179099024117 
 06/27  10:10:00,42.78698660309038,38.040203526575944,40.594445478632984,37.97329181060228,18.0,43.328129777124694,25.403984589371717,30.604382500523798,29.42849216872412,30.159798479481367,29.426839466952174 
 06/27  10:15:00,43.223610368006334,38.34324945929104,41.15394928208728,38.26546520530409,18.0,44.045032544106576,25.450660710805316,30.707936594970306,29.504492585218486,30.30136393502812,29.499800504936104 
 06/27  10:20:00,43.87167928688809,38.4211690651691,41.83145262891915,38.33043125547462,18.0,44.71268168258574,25.497786964731745,30.927465183538402,29.47762107028268,30.507842310511364,29.47047034522012 
 06/27  10:25:00,44.27431477437068,38.60856127423362,42.40772663065862,38.50263043166922,18.0,45.37595509072819,25.54485140990499,30.9954480774133,29.546262865411336,30.648145912841187,29.535948953926436 
 06/27  10:30:00,44.589239287804695,38.81103000539142,42.955494623693376,38.688191294740705,18.0,46.00534780517802,25.592126465170036,31.053630852796573,29.61371966762249,30.78853987049797,29.600280843188557 
 06/27  10:35:00,44.46006268674315,38.8560179875433,43.12619394503251,38.715789339872515,18.0,46.09241323096644,25.639698351765308,30.908415378379686,29.60314839908648,30.74941550999847,29.587820460892885 
 06/27  10:40:00,44.1786401262668,38.845941515011745,43.16013431546333,38.687922297240306,18.0,46.05354859303466,25.675318067220093,30.765543218892503,29.587597804963025,30.705740653592898,29.570305882787977 
 06/27  10:45:00,43.81251697448122,38.80251392898958,43.109889546325,38.62652814087881,18.0,46.0154781328592,25.70867846233516,30.62699240864697,29.571104215730372,30.659719442334335,29.551936539526196 
 06/27  10:50:00,43.29804795245533,38.97198139478923,42.85128475372394,38.7759099796558,18.0,45.788202247525085,25.7401277781134,30.446250430682653,29.66595608387172,30.540469652388367,29.642404773522856 
 06/27  10:55:00,42.845138406082356,38.97243562224845,42.646816071132896,38.757027190272616,18.0,45.564518977692146,25.772495026076182,30.330924496784178,29.650888189063153,30.489532307952288,29.626226057148415 
 06/27  11:00:00,42.3993340250569,38.92795061622854,42.43108496998697,38.693502822992315,18.0,45.22793150831214,25.80145275828171,30.220799381972768,29.6343944153719,30.436583406199475,29.608339396097108 
 06/27  11:05:00,41.98213152785695,38.88139290633539,42.22262005340443,38.62750323545912,18.0,44.916501124927564,25.829024579575496,30.15862627556527,29.654153541016456,30.423601297875734,29.626145674598433 
 06/27  11:10:00,41.580997988296666,38.82644865630161,42.008836518845726,38.55328066888501,18.0,44.5411683019904,25.85603043094439,30.105589735280546,29.678591056379446,30.412195175533384,29.64928122217725 
 06/27  11:15:00,41.195073060198744,38.764969722640515,41.78857031191969,38.47285021472436,18.0,44.16973908479736,25.882131602343208,30.06007827862925,29.704728276199887,30.40060339221202,29.67443612600937 
 06/27  11:20:00,40.82477246830376,38.69866804218718,41.56206683517177,38.38802627208426,18.0,43.76485897606762,25.907492028038057,30.022028355945963,29.731707550277235,30.388761772080215,29.700714770769082 
 06/27  11:25:00,40.470786376874635,38.628820135870136,41.32996191483374,38.30015991978187,18.0,43.36400723889757,25.93214134226005,29.99139087064293,29.75916566696003,30.376755761348363,29.727750086009564 
 06/27  11:30:00,40.13385011000437,38.5563811967285,41.09302553760422,38.21026307398032,18.0,42.94470985406339,25.956204997788014,29.968033226358727,29.787017087139873,30.364750340047976,29.755449058247223 
 06/27  11:35:00,39.95466108161615,38.55542341092291,41.198164910445314,38.191070756311866,18.0,43.052566035257314,25.979689230790676,30.003045686302983,29.85691301459127,30.527973961386635,29.824555490209377 
 06/27  11:40:00,39.65646253632381,38.35532892586999,41.59193903916554,37.97684009832942,18.0,43.24628932413012,26.009066435872437,29.96065439861053,29.817479882981615,30.774010941398558,29.788630689478452 
 06/27  11:45:00,39.4340073968611,38.31858639302277,41.93176339357587,37.92411789530164,18.0,43.43847596459412,26.03476274743323,29.971028473946376,29.884250636714626,30.93837484090784,29.854199654878812 
 06/27  11:50:00,39.20883988801879,38.324088693524025,42.28517530555565,37.912990416457404,18.0,43.778650428279725,26.064829722453098,29.987397090455488,29.952875563721477,31.10185902555071,29.922117272754576 
 06/27  11:55:00,38.994126906999846,38.35211977593514,42.64987448139113,37.95403938351729,18.0,44.11446764010255,26.095722988585138,30.024487860985744,30.02210288630971,31.26353262792304,29.995951217826303 
 06/27  12:00:00,38.603971821927296,38.08472974441193,43.12722953737644,37.89529117881489,18.0,44.53004843277178,26.12759020356903,29.947835279637445,29.945203190210577,31.470545600355024,29.98448831942528 
 06/27  12:05:00,38.524202059776094,38.08730668078372,43.6527155791797,38.2153866292263,18.0,45.16213044585933,26.152236657797662,30.044194245890594,30.041505250847194,31.676223196174078,30.155898822918346 
 06/27  12:10:00,38.53737086036903,38.16070982474541,44.20509725188395,38.68560565866117,18.0,45.88885109651844,26.18621345445356,30.08785034098605,30.085017067351828,31.825950376256117,30.296948355772088 
 06/27  12:15:00,38.60318398056642,38.27238637017539,44.774524489122136,39.263339376211256,18.0,46.62042422105651,26.13085891963398,30.129097467136944,30.126057121161864,31.97456869818666,30.457154800186117 
 06/27  12:20:00,38.70354027134731,38.408775935449285,45.35458161174816,39.92978610107194,18.0,47.458333027407505,26.065340439423938,30.182933415697107,30.179677578424503,32.13476289062487,30.652266452867536 
 06/27  12:25:00,38.613362438186535,38.347518816888076,46.11690837826546,40.6155710525849,18.0,48.3008806761178,26.000615664267908,30.14334300157816,30.13989582336245,32.38258960950225,30.852092266119428 
 06/27  12:30:00,38.6854490433672,38.44340963434166,46.766608209715855,41.44141539858965,18.0,49.21550904640789,25.94432948936065,30.21525661140305,30.21159480215067,32.557498541767586,31.123589635659414 
 06/27  12:35:00,38.80317986556734,38.581218458255556,47.17125184561613,42.23351870741572,18.0,49.76467334489768,25.902067277095185,30.294415942369824,30.290578520201393,32.620258671958936,31.376563751319395 
 06/27  12:40:00,38.94769800692518,38.74294634111397,47.492367702047346,43.03010729339358,18.0,50.29629552857892,25.868133689596,30.37756000476844,30.373573507939966,32.6837998034008,31.634495894511417 
 06/27  12:45:00,39.32266800517702,39.13298665594072,47.59976094439708,43.792776053393176,18.0,50.83194074103708,25.84201845728015,30.566685819064844,30.562532677715012,32.67152868278788,31.87678180776834 
 06/27  12:50:00,39.57483325973836,39.39846312782604,47.78984733610018,44.563461695486204,18.0,51.288096840238474,25.82482432723727,30.657472417011093,30.653191080432634,32.738750114777474,32.127749582911406 
 06/27  12:55:00,39.80793654777882,39.64337185414313,47.98020429608548,45.334802349680416,18.0,51.74868853865438,25.81078608390889,30.749249598654217,30.744929096352962,32.804989416626654,32.37675950891463 
 06/27  13:00:00,40.035071789576925,39.88108225688456,48.16435630094944,46.10566374718967,18.0,52.16638368191445,25.800891167431985,30.842314944154566,30.837987583257927,32.87055172530904,32.62299596439806 
 06/27  13:05:00,40.16555248691866,40.021811806186214,48.16651327538042,46.709130931618645,18.0,52.2564427219219,25.794737448885254,30.858236045413946,30.85397597643839,32.82834578427503,32.75917292662257 
 06/27  13:10:00,40.26170870900148,40.12746924367597,48.10411986258087,47.24782082498169,18.0,52.25883977476192,25.790686219665044,30.927888827401944,30.923755034101077,32.83618482420354,32.937855290677305 
 06/27  13:15:00,40.33778166092077,40.212315722988926,48.001630397464034,47.74232909370353,18.0,52.262461254666725,25.909639976659193,31.000271732260956,30.996319359002428,32.84482348281779,33.10962038171249 
 06/27  13:20:00,40.40081200738232,40.28344734068488,47.871265756681716,48.2025796309735,18.0,52.14451374506127,26.008562906484883,31.057820835164932,31.05401668095783,32.838071007263466,33.25845796811109 
 06/27  13:25:00,40.45503316538854,40.34515683764122,47.720583162664596,48.634583152923696,18.0,52.02986323031651,26.097249122439685,31.108155075679406,31.104514432572444,32.82356899163483,33.39232668652846 
 06/27  13:30:00,40.503129346036516,40.400184923185485,47.554568874235216,49.042251909040054,18.0,51.84309649069577,26.176157518431925,31.152798557185918,31.149324385497778,32.810773698803416,33.513303930564234 
 06/27  13:35:00,40.48212342342353,40.38559023381396,47.30770015457249,49.356886876879436,18.0,51.580140302657405,26.24756175989488,31.162518828276745,31.159227876026932,32.748078252236496,33.59305691964198 
 06/27  13:40:00,40.43539878535903,40.34479832065686,47.02905377571416,49.62812015678354,18.0,51.25949968029098,26.307388669121135,31.167432543771383,31.164338035625065,32.68598320570436,33.6619193541801 
 06/27  13:45:00,40.37295965239801,40.28786342956818,46.72997776655354,49.86699233565222,18.0,50.94182467140276,26.36897220776938,31.17438835007499,31.17148390714567,32.62237591452197,33.7228888747145 
 06/27  13:50:00,40.299874120809775,40.21989522301719,46.416465543381285,50.07923437301544,18.0,50.57425680828783,26.429394000472072,31.17663149087298,31.17392718846486,32.55645131102068,33.77630803818204 
 06/27  13:55:00,40.21927619624767,40.14406338398372,46.092364467826975,50.268486408555354,18.0,50.20997564358318,26.48750521410036,31.109068745846116,31.106583994804907,32.425553262412905,33.757719209663264 
 06/27  14:00:00,40.13321703990972,40.06245003743013,45.760309813600784,50.437225022344265,18.0,49.8172994508743,26.453885196002776,31.043850026915322,31.041547816014145,32.29553942881819,33.73699945412761 
 06/27  14:05:00,40.09067432787606,40.02376355175866,45.534784543974006,50.73403339717643,18.0,49.67306561954619,26.39733571024669,30.9951956623284,30.993055521025326,32.1997377021911,33.76700893420809 
 06/27  14:10:00,40.061098057938345,39.99771143454051,45.33799356814899,51.06265730119144,18.0,49.55236890080042,26.344547146789612,30.956120163355422,30.954135326170558,32.1127666164158,33.79690500352547 
 06/27  14:15:00,40.03835865027679,39.97823194238455,45.15455934063977,51.405108653753786,18.0,49.42867152325285,26.299166812960074,30.92301424787871,30.921166076269742,32.03021455916644,33.848870580524135 
 06/27  14:20:00,40.01964248138557,39.96255157894699,44.97737526462914,51.75310183469149,18.0,49.364948649485655,26.26246673006744,30.894537220690495,30.892808426869692,31.950664358773793,33.896733908071496 
 06/27  14:25:00,40.003308106738544,39.949057433600025,44.8023265159552,52.10181336318578,18.0,49.29839938632197,26.232422575352828,30.868916723871678,30.867283409036077,31.87244751609103,33.94510955796204 
 06/27  14:30:00,39.988326088037134,39.93674180705511,44.62686842111513,52.44822809554676,18.0,49.264510673982784,26.20792117642695,30.845305526643642,30.843742916296037,31.794828791346504,33.994117754733395 
 06/27  14:35:00,39.984625075959904,39.93555204740502,44.48875557387568,52.89836592226559,18.0,49.31359605471084,26.187697141166154,30.828266890513476,30.826794055422056,31.734860503726793,34.09551240931705 
 06/27  14:40:00,39.9845714344942,39.93786922926703,44.35790975491853,53.38242659611107,18.0,49.39625546142241,26.1724472867675,30.8124763709489,30.811067665882092,31.673333039336285,34.19957489039132 
 06/27  14:45:00,39.986243154833,39.94178261733143,44.2270982713296,53.886671602047194,18.0,49.476059212612554,26.159952391511222,30.796602899863842,30.795229973768073,31.609472918031884,34.3058353133402 
 06/27  14:50:00,39.98860901036913,39.94627081052421,44.09243323727165,54.40431929884155,18.0,49.592710673524586,26.149772440348062,30.781190284601905,30.77982242283855,31.543102528650138,34.41407300969979 
 06/27  14:55:00,39.99100121417669,39.95067460839035,43.95134982413519,54.93116648814894,18.0,49.706513083781445,26.141595700955033,30.822767047425486,30.821369596299633,31.53843841332366,34.58418338998115 
 06/27  15:00:00,39.99296001356092,39.954541830030514,43.80201485952536,55.46438862703141,18.0,49.84119903690484,26.259962527100036,30.869614781788982,30.86818773263326,31.52323021917846,34.75809533202204 
 06/27  15:05:00,39.90421012065519,39.86781530643556,43.496919530968356,55.76785997133464,18.0,49.63397349328856,26.358243281901157,30.848752858013313,30.84723179502845,31.431080514343193,34.79796858170067 
 06/27  15:10:00,39.782831746572214,39.74841428282529,43.13442320401421,55.99606918484581,18.0,49.3749050377181,26.44172718098827,30.815515503451593,30.81387389171232,31.32765038072438,34.82335082693555 
 06/27  15:15:00,39.64162453407097,39.60911123545666,42.735639688613816,56.1778127307223,18.0,49.11620969805168,26.51536534985038,30.775980706389873,30.774190194421294,31.219159649035078,34.84112371778588 
 06/27  15:20:00,39.48693483364826,39.45624241597514,42.311063818112125,56.32696388923919,18.0,48.75391674736944,26.579338730143867,30.7317712367784,30.729804282233545,31.10774068149334,34.85325613103163 
 06/27  15:25:00,39.322658061056366,39.29369957828115,41.86714939893666,56.45178151900795,18.0,48.39458029247026,26.63546988162355,30.683307851447694,30.681145182802197,30.994378473425968,34.860044670045454 
 06/27  15:30:00,39.151335476480256,39.124023662758525,41.40812577668663,56.55749131438674,18.0,47.97445340303182,26.693724641980396,30.56942611137208,30.567074704779714,30.818914957522225,34.79305950668527 
 06/27  15:35:00,38.92884362951702,38.90308964474222,40.86419022643543,56.233570270493786,18.0,47.32524816076839,26.65957575639581,30.430912898698466,30.428339519851306,30.61874186382181,34.536885223011325 
 06/27  15:40:00,38.68741162291277,38.66312838612586,40.29782663376751,55.76282912247902,18.0,46.60810196445825,26.5964635675814,30.30151187647732,30.298770463446658,30.436183371797256,34.28894557697771 
 06/27  15:45:00,38.43492327915434,38.412028622242,39.72530881269701,55.19956727092029,18.0,45.90552540970233,26.535344979750132,30.181069256670014,30.178209960650065,30.270732501903808,34.04672637575038 
 06/27  15:50:00,38.18601449940198,38.16443126625481,39.14632829668312,53.91159711128875,18.0,45.12830452366748,26.482043813608634,30.072331323614776,30.069407391723757,30.115493412781575,33.4972628046346 
 06/27  15:55:00,37.91973342386279,37.8993879465149,38.58606752113397,53.02803607212379,18.0,44.36679475210548,26.42799023482616,29.95911650432464,29.956184559738404,29.977532189817225,33.26551703587961 
 06/27  16:00:00,37.647423285887434,37.64590426926669,38.05826835875258,52.192894406642125,18.0,43.57731998633619,26.384795638390564,29.851096764720126,29.850015198412848,29.85308057655334,33.03037383713263 
 06/27  16:05:00,37.405144957261356,37.509139131831915,37.68404258208172,51.49680510732155,18.0,42.9480551491754,26.345633062010908,29.749553997203407,29.771163381435827,29.752991022134893,32.830099381195396 
 06/27  16:10:00,37.171342658453824,37.40462358448936,37.36373827197261,50.8331450855502,18.0,42.331701043210956,26.3108727368488,29.649995255321016,29.69863661699901,29.655022305672162,32.62853320276406 
 06/27  16:15:00,36.941808565598066,37.31248658432712,37.074588510078655,50.177899810900165,18.0,41.71760050893845,26.278731801251116,29.55150923395371,29.63004357998966,29.558058225503714,32.42346521723772 
 06/27  16:20:00,36.71466886475977,37.22265948287822,36.80547328732646,49.51965401622819,18.0,41.14301957758333,26.248493361185425,29.453745952021904,29.56369115550399,29.46171326140569,32.214515579408555 
 06/27  16:25:00,36.48885973762917,37.12887720474029,36.54974573962316,48.852121436900255,18.0,40.57102621616985,26.21972479414601,29.35652548565008,29.498154169889403,29.365795251222494,32.0016894843651 
 06/27  16:30:00,36.263739307047764,36.912616297246366,36.30318896186027,48.17177469028754,18.0,40.024393951778485,26.191945598788504,29.310674795929685,29.4891993636175,29.319562772969675,31.838655530748895 
 06/27  16:35:00,36.026360537419876,36.80463974065512,36.14883900238336,47.958943088411424,18.0,39.62324462307152,26.290664105163,29.265147187818457,29.484881253814706,29.263766217499835,31.896228794607396 
 06/27  16:40:00,35.78191171610728,36.72784205708496,35.92200382613383,47.891211608659034,18.0,39.257025824317594,26.369765383473712,29.205374811722265,29.471400249712588,29.20393950500113,31.940555732054804 
 06/27  16:45:00,35.53102536574499,36.6703079865058,35.67599162693694,47.90431132180201,18.0,38.88250587022694,26.437432029203883,29.137503600731065,29.45523030058422,29.136609448424338,31.976809096894556 
 06/27  16:50:00,35.27383223404516,36.62731395736395,35.418315985771564,47.96722880315261,18.0,38.550254556771726,26.494050107909324,29.062901226529448,29.437916646600115,29.06274206011824,32.005922493730736 
 06/27  16:55:00,35.01032922493916,36.596181396913956,35.15155697014726,48.06125350588305,18.0,38.20975314840787,26.542789108027048,28.983575835533713,29.421531082025865,28.98428937660111,32.02962073668874 
 06/27  17:00:00,34.740452633067676,36.575216448909295,34.87696870971199,48.174270020782764,18.0,37.88523649038416,26.582320019397724,28.89976167555335,29.413982011304938,28.90147449896631,32.047982894165216 
 06/27  17:05:00,34.47507902697697,36.56786189001731,34.60603180737472,48.28541838494798,18.0,37.54173815555441,26.622115942571998,28.843291231741944,29.423403435436512,28.8461299647484,32.08295619102307 
 06/27  17:10:00,34.244998216847826,36.73217272635253,34.370037785297626,49.054950852871,18.0,37.198646279837384,26.661272375907117,28.749174858582933,29.462292221856842,28.75323159736024,32.3570100316623 
 06/27  17:15:00,33.98631856694466,36.806548741296616,34.10537460320997,49.36954755331747,18.0,36.84914404255538,26.618665504620875,28.633002257808357,29.429931394977473,28.638400428174464,32.32071223635273 
 06/27  17:20:00,33.71710053095385,36.866856847620625,33.83027125820822,49.587520182910986,18.0,36.490423665999764,26.543591310095895,28.52285870256128,29.407322521883543,28.52970839387524,32.290479485041715 
 06/27  17:25:00,33.439594525264035,36.922921352189874,33.5470659026267,49.75303928321562,18.0,36.12533982938733,26.47241995903344,28.420248606090183,29.39553865211883,28.428644316423174,32.265115593572034 
 06/27  17:30:00,33.15442968906034,36.97776742120107,33.208803690008565,49.881378046649715,18.0,35.74749677479152,26.410862183663625,28.323743862544802,29.390169747749724,28.356303364604514,32.24272015358952 
 06/27  17:35:00,32.89932382783628,37.01059236663487,32.93414495669923,49.47668578904419,18.0,35.2945269892405,26.356386840990627,28.247002434879846,29.335936285590435,28.282537377892368,31.993151364255027 
 06/27  17:40:00,32.65416989728197,36.93394312101461,32.677552472407676,48.89099770601984,18.0,34.826592561218604,26.305347347336866,28.172203617832622,29.27252373648537,28.20964997751753,31.742838957071058 
 06/27  17:45:00,32.41491333283442,36.80539637811082,32.43104807864289,48.19549621402511,18.0,34.366442802985034,26.25817320103593,28.09965384114082,29.202473312102597,28.1386530764359,31.492010543282277 
 06/27  17:50:00,32.17970086705526,36.636923925949006,32.19126896654032,47.424738432882904,18.0,33.88986516258415,26.213887371842514,28.02870582347407,29.12548018395387,28.06903606479625,31.24041889067007 
 06/27  17:55:00,31.947438728366617,36.43402469753924,31.956284799039697,46.59937978236693,18.0,33.42122351696704,26.171624852298894,27.95888343613956,29.041229396107383,28.000352988914244,30.987771939485867 
 06/27  18:00:00,31.719681819781396,36.199925863155,31.727109522717317,45.72868762036143,18.0,32.95202543527939,26.130762700189383,27.89094392115578,28.949641364421723,27.933348628468366,30.732051471814316 
 06/27  18:05:00,31.46860585729162,35.9154793559913,31.476059790932418,44.819902734000465,18.0,32.48141492741678,26.09088802092943,27.774082426833502,28.804942492500402,27.815306401452915,30.43408678831247 
 06/27  18:10:00,31.209627854595503,35.59479438589904,31.217963141065216,43.880373254507134,18.0,32.015539642755854,26.05097994055511,27.701863247468054,28.70066251930575,27.740556597950103,30.183807834042682 
 06/27  18:15:00,30.914356860551052,34.99789090507978,30.924488634373002,42.346473373566944,18.0,31.555746813819656,26.134891916179107,27.619566198765426,28.474227135764522,27.655868267156052,29.64984452274058 
 06/27  18:20:00,30.636737410004073,34.520068971994725,30.648906539081242,41.17138356532434,18.0,31.104206640438143,26.184771538190898,27.536399990933887,28.338916492137628,27.570082622085692,29.388994252427096 
 06/27  18:25:00,30.362149766586285,34.044463790806795,30.376509604270073,40.05434812904319,18.0,30.658933324876514,26.23010926696283,27.448392455345868,28.19130183751446,27.47947964762028,29.114155396610045 
 06/27  18:30:00,30.08881763456076,33.55424244890233,30.105431237405487,38.95558134275628,18.0,30.226017984338192,26.263838229010904,27.35428437626473,28.030500929636446,27.382811886399963,28.82952312035809 
 06/27  18:35:00,29.833804175466504,33.180375604518254,29.852504677223617,38.14002989076597,18.0,29.84172526585159,26.28811511244487,27.267974661398625,27.931790201778085,27.29430857416139,28.6726917674074 
 06/27  18:40:00,29.585451722484432,32.84403273932071,29.60608248278198,37.42705932191547,18.0,29.47691542071286,26.307258090109286,27.179841605610534,27.83011367462109,27.203940705249806,28.517287615418525 
 06/27  18:45:00,29.34092575544952,32.529083680534505,29.363324595223553,36.77922977889134,18.0,29.114370676152788,26.325356374730596,27.089944421359746,27.726227719204644,27.111786027123003,28.363543281305738 
 06/27  18:50:00,29.098826053122888,32.22960356946659,29.122823231616774,36.18138092538724,18.0,28.77618101965128,26.34297321347603,26.998817862947703,27.62164095171056,27.01834094782339,28.213690885929623 
 06/27  18:55:00,28.858319454906205,31.940520843356282,28.883736762173008,35.620724872988696,18.0,28.440763949803472,26.35888042306644,26.906468429415895,27.515892446763417,26.923590691344884,28.06591254689323 
 06/27  19:00:00,28.618901908416916,31.55323472358201,28.64555135325354,34.893928070417665,18.0,28.124378488325316,26.372870875157954,26.812789567791583,27.356140422841804,26.827404591373693,27.822057649101737 
 06/27  19:05:00,28.323243267319324,31.056018182179923,28.349820255329846,34.03004960950631,18.0,27.746730784599254,26.381086899815827,26.624379160053877,27.093876970477766,26.637144691204583,27.481049388094675 
 06/27  19:10:00,28.00710817410679,30.503135313089917,28.033494878222868,33.112597779349805,18.0,27.37814580481423,26.385195686408732,26.393679974425254,26.77711895228549,26.407214100637475,27.087761422111498 
 06/27  19:15:00,27.66710314107591,29.78771174906426,27.693645560859967,31.970762370568877,18.0,27.008510260886172,26.297549921619062,26.1333849203387,26.38701616736506,26.15040711120338,26.59509243928477 
 06/27  19:20:00,27.330437135594988,29.134576615084868,27.35749902450172,30.972610333434933,18.0,26.635304029725084,26.1826850764658,25.88246347441077,26.07137735154845,25.904645650245698,26.228239971108508 
 06/27  19:25:00,26.993419788903648,28.460095307669327,27.02146644691934,29.977539000126885,18.0,26.26659083509205,26.072645078581196,25.63614559008454,25.752087099396704,25.664735268826462,25.858386690802433 
 06/27  19:30:00,26.55408464405932,27.563307853016415,26.585075652878473,28.737407777389194,18.0,25.780953025566742,25.971231204093648,25.336117705443712,25.33529909201502,25.374474036617926,25.366137735860264 
 06/27  19:35:00,26.23184817350306,27.011921293981402,26.265336638962353,27.995083509238896,18.0,25.484963751683598,25.869377580028555,25.138214768541616,25.13758843930367,25.179218062637005,25.177800258305524 
 06/27  19:40:00,25.945182852781414,26.56993638552256,25.980834568616018,27.416261484785572,18.0,25.181756978077377,25.787974663897575,24.947130877544282,24.94638154558595,24.99071244150798,24.99000581964185 
 06/27  19:45:00,25.678369553303956,26.190401607102434,25.715946464746228,26.93256333819622,18.0,24.879299496172294,25.713203941786063,24.758130853924968,24.757388571448587,24.804102617216188,24.80346790463068 
 06/27  19:50:00,25.424459773696064,25.852022609365086,25.463762767044727,26.512207801051183,18.0,24.61050199267042,25.643994621981353,24.570691270773295,24.569978430322635,24.61885078458397,24.6181903283333 
 06/27  19:55:00,25.179329959480892,25.54209450603179,25.22019542829534,26.13602518458915,18.0,24.34215044278809,25.579369840071248,24.3844160346639,24.383739096237264,24.434561394558557,24.43386407233845 
 06/27  20:00:00,24.940326405093785,25.25238711003463,24.9826231847212,25.791578050427763,18.0,24.093162216621625,25.51816233795411,24.19880390519768,24.198165279011278,24.250742008960174,24.250010903937493 
 06/27  20:05:00,24.757821652812197,25.030204548064756,24.80096395277785,25.52607219337972,18.0,23.909924118525996,25.460343076264156,24.102330199528296,24.101731272930977,24.15074186145921,24.14997452422631 
 06/27  20:10:00,24.59816151932918,24.83873599395919,24.6414481866399,25.297835170690302,18.0,23.751123734775597,25.405546718427185,24.04533136887983,24.044742535969476,24.089458131408037,24.088655338806234 
 06/27  20:15:00,24.452856725581235,24.66744526603457,24.4957011054901,25.09455986246261,18.0,23.592208082921168,25.469930757531632,23.997943633411523,23.997411479268578,24.037844520691806,24.03694150113597 
 06/27  20:20:00,24.31753999168276,24.510565783437578,24.359475864168562,24.909374518728168,18.0,23.46087143516637,25.515663261498837,23.9377950662398,23.937291928192508,23.973668262963884,23.972755058484438 
 06/27  20:25:00,24.189468488654175,24.373389175371262,24.218501566817448,24.737782376263745,18.0,23.329620090183415,25.55178543140224,23.878197567067218,23.91563805290923,23.88012447962683,23.909240346473155 
 06/27  20:30:00,24.06681787652375,24.23828372680321,24.09061554627904,24.576698483483597,18.0,23.21530701545569,25.579339199108276,23.8161640479334,23.845093567859692,23.816386413459668,23.843627213889818 
 06/27  20:35:00,23.94833798701217,24.10791927025715,23.968738556949447,24.423944318875957,18.0,23.101179100047712,25.600602243858464,23.75231138215156,23.777176122567937,23.752257770383437,23.77644364319832 
 06/27  20:40:00,23.83315421183378,23.98173581368099,23.851080849707486,24.27778775372573,18.0,22.998202868718966,25.617120824279947,23.686925724171488,23.708561750499143,23.686845531689357,23.707951001102572 
 06/27  20:45:00,23.72064480369524,23.85908959458964,23.736676188784898,24.13717499324962,18.0,22.895478248803634,25.629580190520883,23.620349338666756,23.639060104201008,23.620281338547215,23.638473331983846 
 06/27  20:50:00,23.61036158697768,23.739461377124403,23.62488663542558,24.001231491719242,18.0,22.800495678553496,25.638671893882787,23.552868323064672,23.56886284585653,23.552818754134023,23.56828378715852 
 06/27  20:55:00,23.5019770503623,23.62244628876574,23.51526831068046,23.86929685685942,18.0,22.705812017313903,25.644558136464468,23.484614372806277,23.498081473312823,23.484583997318566,23.497507149157286 
 06/27  21:00:00,23.395248289234534,23.507728982320693,23.407503385197245,23.740886985675946,18.0,22.6167942462566,25.64830175312499,23.415963117536194,23.4270790334715,23.415953074712206,23.426507389405742 
 06/27  21:05:00,23.277125291817537,23.382101156404246,23.288526956640144,23.60357064823512,18.0,22.496455246962906,25.649526111901807,23.32380577074491,23.33219128671385,23.323815605955815,23.331617843816844 
 06/27  21:10:00,23.15918372940369,23.25340484322835,23.166065863227786,23.46331728721139,18.0,22.37403967385327,25.64935402639699,23.236135039889575,23.236418920889946,23.230536100731115,23.23016938308018 
 06/27  21:15:00,23.036000465187527,23.123370781569946,23.04186500431186,23.323654318184794,18.0,22.251990252558517,25.648013598466417,23.14114297539419,23.141005268473123,23.13725412057545,23.136445316039612 
 06/27  21:20:00,22.91094924521831,22.99280199931868,22.91675331482255,23.18450906086133,18.0,22.123028024291827,25.64506129786307,23.04632640922034,23.046147753353807,23.044144620365046,23.0432599542969 
 06/27  21:25:00,22.784999958460872,22.862170055906002,22.791227103474238,23.04610652738313,18.0,21.99427045539388,25.641163695382875,22.952238968104666,22.952083713060006,22.9514345943262,22.950534078431588 
 06/27  21:30:00,22.658676113762162,22.731772036755476,22.665604268346186,22.908597808759538,18.0,21.86182892284602,25.636193884496866,22.859033754388975,22.858912993536705,22.859212070494777,22.85830389625596 
 06/27  21:35:00,22.532312390734837,22.60180296424361,22.54009615564818,22.772071625115224,18.0,21.729519398188817,25.630098333240547,22.766765060352498,22.766681136569787,22.76750919406288,22.766594210996686 
 06/27  21:40:00,22.40613592232975,22.47239573849773,22.41484771158691,22.636577694439705,18.0,21.595147034852708,25.623039737466264,22.67582925608116,22.675782933900337,22.676702728781947,22.675774387854062 
 06/27  21:45:00,22.280307710748936,22.343644710633455,22.2899615239417,22.502142233538233,18.0,21.46086352250741,25.615001574385296,22.5860172881504,22.586010138831682,22.586562841719854,22.585629574551717 
 06/27  21:50:00,22.154946892747244,22.217737331721434,22.162940215688582,22.368777772664327,18.0,21.325432033067855,25.60612934833858,22.49730302847189,22.496797124794853,22.49761241544138,22.496130329264304 
 06/27  21:55:00,22.030145793253485,22.091696366301075,22.037514519132046,22.236489490305313,18.0,21.19006399422034,25.596416901104064,22.409741529617634,22.40804077545323,22.410059850860875,22.40733392522054 
 06/27  22:00:00,21.905979644542562,21.96623795613303,21.91291770223094,22.10527942272563,18.0,21.054090653314844,25.585991369263922,22.323461866617208,22.32010190164999,22.323810250440715,22.319374610366367 
 06/27  22:05:00,21.769747326404794,21.82838158577148,21.7763018059784,21.961446795685617,18.0,20.89658259613531,25.574856902123063,22.208429451285554,22.204514168822016,22.208807414414764,22.203774313377153 
 06/27  22:10:00,21.628608586432097,21.685624601899185,21.634819463360905,21.81281463784113,18.0,20.733405839770885,25.562750045796996,22.09178300551639,22.087330488791167,22.092199084430547,22.086570288072608 
 06/27  22:15:00,21.4843111669862,21.539798029379533,21.49020872284886,21.66128057180445,18.0,20.569958433616527,25.549533026110204,21.97469940079742,21.969683988387942,21.975152510360203,21.96890400516179 
 06/27  22:20:00,21.337746152968318,21.39182955389814,21.3433543266194,21.507800084114002,18.0,20.397471331330653,25.536044714053247,21.857564193537428,21.85196000427692,21.858054968248098,21.85115898618153 
 06/27  22:25:00,21.189479315487993,21.242302803510412,21.19481792345191,21.353003276043086,18.0,20.224631588066973,25.52197787040409,21.740305552407563,21.734088576687213,21.74083386341175,21.733266031040614 
 06/27  22:30:00,21.03989257503464,21.091607553017756,21.044978621368248,21.197190846718332,18.0,20.045320973723992,25.507423642333734,21.622967975827464,21.61611497337276,21.62353403582722,21.615270090964827 
 06/27  22:35:00,20.88925172623763,20.940011751610662,20.894100195525358,21.040700929468155,18.0,19.865609930124595,25.492393606974932,21.505542268050476,21.498030896621515,21.506146139075156,21.497163040386795 
 06/27  22:40:00,20.73774569209132,20.78770317828322,20.74237004899396,20.88372073456345,18.0,19.68088809148883,25.47696191241663,21.38805108827023,21.379859648856836,21.38869299627231,21.378968045282477 
 06/27  22:45:00,20.58551093028471,20.634815243495197,20.589923446568474,20.7263763258737,18.0,19.495725378018992,25.461296177185265,21.2705040253079,21.261611541119066,21.2711842725098,21.260695367637823 
 06/27  22:50:00,20.432647247755785,20.481443629304895,20.436859224283573,20.568755648294367,18.0,19.306444722000847,25.445402531702037,21.152935278538166,21.14332095993086,21.15365420074113,21.1423793912723 
 06/27  22:55:00,20.2792283647951,20.32765734464634,20.28325028753437,20.41091958051879,18.0,19.11668775847942,25.428901660393795,21.035282687365054,21.024927714901082,21.036040073982008,21.02396047624768 
 06/27  23:00:00,20.12530914523889,20.173506245566898,20.129150798637482,20.252909641475227,18.0,18.923360776289098,25.411896521613418,20.917592098840657,20.906478271071478,20.918388009649163,20.90548483441728 
 06/27  23:05:00,20.01651847269942,20.0652476553747,20.02018716544823,20.140937980998633,18.0,18.79529054879483,25.394411894809163,20.89158320549052,20.87915041028009,20.89241878383831,20.87812915250413 
 06/27  23:10:00,19.926681968312987,19.976047518006908,19.930187018659495,20.048213226464348,18.0,18.68013895980994,25.37769772286804,20.870372038348137,20.85653064283622,20.871221330942944,20.855506496723933 
 06/27  23:15:00,19.849233911197462,19.899200802682877,19.85258421293958,19.968022716873296,18.0,18.564405889328075,25.36092629518331,20.850038652808962,20.83478684565955,20.850903774404912,20.833756905816244 
 06/27  23:20:00,19.79212134230418,19.831221911115843,19.78394539928779,19.88743926773973,18.0,18.47302831663624,25.344121053898167,20.813398546387475,20.81343174097094,20.831009363887006,20.827247040583643 
 06/27  23:25:00,19.735608788104038,19.769864754953957,19.722045660932835,19.818541511598678,18.0,18.38130260511258,25.327310991481923,20.791741132032598,20.79239246433201,20.81146779678801,20.810053319274687 
 06/27  23:30:00,19.682737077196936,19.713589592753564,19.665351787926184,19.756130151356068,18.0,18.30610287672784,25.310497338606325,20.77088034779092,20.771645273682907,20.792251696782046,20.791026139712017 
 06/27  23:35:00,19.63311021288661,19.661305680566752,19.612772484553673,19.698559511694683,18.0,18.230690008834124,25.293692675430574,20.750389024055494,20.751187909304917,20.773353939742606,20.772153170312208 
 06/27  23:40:00,19.586192439958435,19.6122214045436,19.563512371311113,19.64482822960254,18.0,18.16713965500996,25.277301615514535,20.73029428541213,20.73111518230104,20.75486650809671,20.75366583911716 
 06/27  23:45:00,19.541541572683418,19.565750783615933,19.516980506118344,19.594226885599575,18.0,18.103474843222067,25.26018404005526,20.710293939895394,20.711133850671217,20.736482896808468,20.73527922387524 
 06/27  23:50:00,19.49880771154693,19.521452714786964,19.47273066642255,19.546231725579236,18.0,18.04863402741889,25.243800284905458,20.69076028941322,20.691619648956873,20.718579598456017,20.717370952413887 
 06/27  23:55:00,19.457714900959825,19.478990284257772,19.43042116499069,19.500447232518113,18.0,17.99375419125511,25.22669191692447,20.671310120663406,20.672187559662916,20.70075727323126,20.699544241332433 
 06/27  24:00:00,19.418044715730638,19.438102847562707,19.389787144444067,19.45656956966775,18.0,17.945656636907493,25.210312744038127,20.652324609402058,20.653220820986576,20.683397513183877,20.682178738881362 
 06/28  00:05:00,19.359448590928118,19.3784525322088,19.328759962731365,19.392628348890806,18.0,17.820508436724385,25.19362680718424,20.60966012293568,20.610580862812583,20.639812987946073,20.638578699214804 
 06/28  00:10:00,19.292537348499103,19.310598057688846,19.258795900790645,19.319946333861882,18.0,17.677548184778527,25.193030992573473,20.56299295057744,20.5639565695609,20.591807156718232,20.590537699152264 
 06/28  00:15:00,19.219698622764298,19.23690375125559,19.182593078833275,19.241175733406923,18.0,17.53156013860338,25.18232871889855,20.512350764414464,20.51334415508643,20.539401858282304,20.538107895411486 
 06/28  00:20:00,19.14205639042714,19.1405208538031,19.120192798436474,19.15769080054764,18.0,17.348919550728784,25.171204989897383,20.460350246699193,20.483874731633875,20.46261869236207,20.4839371720671 
 06/28  00:25:00,19.060270804832538,19.049138107097054,19.044316467745304,19.070439967914563,18.0,17.16298137842703,25.159658580156183,20.406884766380244,20.429122400394363,20.40816620662764,20.427973817442194 
 06/28  00:30:00,18.974749027800225,18.956738282826045,18.96254009523374,18.980173429838775,18.0,16.94559853461004,25.14774010603493,20.351884470855566,20.371481087349423,20.353076059027103,20.370184416143218 
 06/28  00:35:00,18.885751168080503,18.86299146413459,18.876195980979393,18.887557303342263,18.0,16.72567877237794,25.13549472630446,20.29526206455398,20.31187661716558,20.29647430979452,20.31053112693985 
 06/28  00:40:00,18.793463121536043,18.768189163472194,18.785861997747073,18.79324423116453,18.0,16.47866237672171,25.12294992934376,20.236902861546923,20.250355612963062,20.23815419986539,20.248972868564465 
 06/28  00:45:00,18.698065026442766,18.672813282970267,18.69193847120366,18.69791960393699,18.0,16.23191350594122,25.110125363222668,20.176655793927125,20.17885690504636,20.177952091612497,20.177423300223268 
 06/28  00:50:00,18.599826474517755,18.57748302260583,18.594834603564752,18.60233274498273,18.0,15.965829561577676,25.096989046897193,20.114305881061455,20.1118632351604,20.11565185487666,20.11037969502229 
 06/28  00:55:00,18.499308605079822,18.482953401702517,18.495204732608403,18.50732638390601,18.0,15.706221396893577,25.083633180119705,20.039970939587192,20.042100969349406,20.041398746749167,20.040560301163566 
 06/28  01:00:00,18.398372177304324,18.390208019776058,18.39497469959426,18.413944226864967,18.0,15.443568312614167,25.06997185622344,19.96785702267482,19.96933078024273,19.969397965897997,19.967706208400045 
 06/28  01:05:00,18.354762230283903,18.342118811013343,18.351945113715583,18.365121901258426,18.0,15.327855251328138,25.056085344260087,19.999133573803192,20.00172210090733,20.00061815677168,20.000122110802295 
 06/28  01:10:00,18.337894536919432,18.316518454311502,18.335553712612317,18.33870770658514,18.0,15.27067157289106,25.04321379420254,20.027040466854828,20.0334692467718,20.028451940742457,20.031939219624633 
 06/28  01:15:00,18.338232831903742,18.307386749569904,18.336283759457917,18.328702316888876,18.0,15.226501133268185,25.030421959938735,20.05177335334747,20.06123298550881,20.053123682516457,20.059755933507063 
 06/28  01:20:00,18.350343479908595,18.3109949728153,18.34871764131473,18.33139481201405,18.0,15.27442761389235,25.017655507439255,20.06856050761894,20.0853722818282,20.069877769277525,20.083937185020545 
 06/28  01:25:00,18.370512043537353,18.32446905121491,18.369153763302542,18.343926332091073,18.0,15.324487151680325,25.004804250154827,20.085063767796782,20.107217627213686,20.08635385752416,20.105828119051466 
 06/28  01:30:00,18.396084907014952,18.34547654304672,18.394948808595057,18.36397762910773,18.0,15.444685942090395,24.991961259751484,20.099412548767987,20.122618605713342,20.100677687836594,20.12125971255324 
 06/28  01:35:00,18.425133821151373,18.372093161432545,18.42418281272057,18.389635864076375,18.0,15.561870214689618,24.97901112510524,20.111932480018766,20.13741331057156,20.11317556169564,20.13608029403474 
 06/28  01:40:00,18.45624598408168,18.426891285356863,18.431772504494216,18.419316931374475,18.0,15.726445308963033,24.96599178483255,20.12275784084295,20.12460185259272,20.150979140248353,20.148572582220595 
 06/28  01:45:00,18.488382813237227,18.46831278178047,18.456015596345953,18.451711584941727,18.0,15.885416367725211,24.952859908043273,20.131990051057187,20.134473563732172,20.16118478827218,20.159000426083026 
 06/28  01:50:00,18.520781228652268,18.50653299232194,18.485218844050927,18.48574359211079,18.0,16.07188566409346,24.939723519732837,20.13983655476943,20.14140381682091,20.169037628166507,20.167474199022195 
 06/28  01:55:00,18.552882907921727,18.542672564916256,18.516886392355037,18.520534999955746,18.0,16.25159373384838,24.926497967919282,20.146325290390223,20.147644586188505,20.175391116554124,20.17400839542904 
 06/28  02:00:00,18.58428268563649,18.576960854896086,18.549696923451258,18.555376339461738,18.0,16.443133682612157,24.913197244252586,20.151576669214137,20.152780788152654,20.180024183519947,20.178733986254315 
 06/28  02:05:00,18.59589032347448,18.590609786132763,18.560168362223756,18.56724031117986,18.0,16.504864044571658,24.899826319035473,20.157432154280286,20.158610153284542,20.188493065148236,20.187215776320443 
 06/28  02:10:00,18.59934035167355,18.59555614326001,18.561830557781537,18.56984709549886,18.0,16.54467953288809,24.886441331514195,20.16372675744833,20.164903938958446,20.197124893664977,20.195846079769694 
 06/28  02:15:00,18.59745902264209,18.594791907564304,18.55789767219515,18.566544476999198,18.0,16.585661906954346,24.873082865096237,20.1705419900876,20.171729200694244,20.206077934046675,20.204789004144345 
 06/28  02:20:00,18.591644006140985,18.58982253608292,18.54999208372425,18.559044366309347,18.0,16.5799609681845,24.859757944492813,20.17793956241735,20.179141119184123,20.215186278840974,20.2138847580041 
 06/28  02:25:00,18.582737450729564,18.563933474406245,18.55724321077435,18.548457600977514,18.0,16.57431411305067,24.84648212202986,20.185995796499583,20.224808931128564,20.19061575420676,20.223025448371573 
 06/28  02:30:00,18.57126369398895,18.545124807677404,18.552171100998617,18.535583296922553,18.0,16.5354058454617,24.833219365076538,20.194754253937845,20.233828165658338,20.197473210384544,20.232012173352928 
 06/28  02:35:00,18.557544153564862,18.52689004218736,18.54252649822266,18.521059945767053,18.0,16.496376009157462,24.82006304520528,20.204383525325625,20.24215382292607,20.206186320581764,20.240707613799827 
 06/28  02:40:00,18.54176692139682,18.508720899480483,18.529640953193148,18.50546860447649,18.0,16.432304288317514,24.80694941024953,20.21489096190669,20.25008246098389,20.21638438095863,20.248683798811726 
 06/28  02:45:00,18.524041053144202,18.49082173219151,18.514049886734835,18.48941675050146,18.0,16.369838294487785,24.793906622395454,20.226380476124007,20.256874929608614,20.227759976216362,20.25551053219141 
 06/28  02:50:00,18.50446803017312,18.473676202317133,18.49609555559678,18.4736142524878,18.0,16.291857093430952,24.780912641698542,20.238770018183004,20.261835840954745,20.240117097259144,20.260475227840345 
 06/28  02:55:00,18.483323475768618,18.458025749057274,18.476207434903074,18.458945118751064,18.0,16.222506114330365,24.76799079799479,20.251603104081482,20.264070204133077,20.25294603386419,20.262710557892774 
 06/28  03:00:00,18.462149351058752,18.44496766364111,18.45603465052689,18.446600918727174,18.0,16.158639794666275,24.755105190780714,20.26156122983957,20.262222683966456,20.262906748814657,20.260862843904306 
 06/28  03:05:00,18.46351071109767,18.45046905365104,18.465294695350053,18.45969478052875,18.0,16.159860050283076,24.74224937543738,20.284334473284844,20.28692745361775,20.26887434764501,20.268736449536846 
 06/28  03:10:00,18.477383197760545,18.467235743074852,18.48849045725766,18.48544555734642,18.0,16.204448349900517,24.72961615024542,20.29756952845264,20.29890745705677,20.27233007220491,20.271101688958936 
 06/28  03:15:00,18.500634816895023,18.49264742156703,18.52007200468409,18.5188158436018,18.0,16.259315370758898,24.716965620946983,20.308955012388253,20.310380197694712,20.27618789152274,20.275012473068728 
 06/28  03:20:00,18.53105004229052,18.52471597007056,18.556955254542046,18.55695989674579,18.0,16.366303839652694,24.70436950386427,20.31755501487089,20.31884580779075,20.2805270751183,20.279288399395455 
 06/28  03:25:00,18.566804002252642,18.561755085601572,18.597105500109336,18.597994009866305,18.0,16.472467097693613,24.691844668791788,20.32458792784604,20.3258521499705,20.285484165665935,20.284254477965533 
 06/28  03:30:00,18.60638811694695,18.602348981400482,18.63912391481107,18.640622882782907,18.0,16.61499394109234,24.679369241547874,20.330423829272945,20.33165640207403,20.29098543573673,20.289770599484086 
 06/28  03:35:00,18.648571215352064,18.645331737363303,18.682037787062345,18.683947189452535,18.0,16.752981314507604,24.66697361547013,20.335472572963,20.336681461377395,20.296990435052976,20.29579538919438 
 06/28  03:40:00,18.69236253430253,18.68976005715993,18.72517026885456,18.72734316024241,18.0,16.911134089117677,24.654630411315527,20.339938069900768,20.341124347512732,20.30339847541063,20.30222420113921 
 06/28  03:45:00,18.7369759189013,18.7467423009851,18.75656554014546,18.770381886343596,18.0,17.063547944320053,24.642367888966447,20.34401379307866,20.313646353568572,20.345491322750547,20.30901552301873 
 06/28  03:50:00,18.781796685529592,18.795041010192005,18.795845437393606,18.812773429731756,18.0,17.223311027636907,24.630140329462378,20.347771440587735,20.318734887641085,20.34889708802791,20.316075547782816 
 06/28  03:55:00,18.826352005474725,18.84043485083229,18.836837951402806,18.854327347009917,18.0,17.377207325789488,24.61801843330475,20.351349111015452,20.32511625153137,20.352481231731417,20.323411768817095 
 06/28  04:00:00,18.870285084688327,18.883776879993306,18.87826080095318,18.89492445210349,18.0,17.52958941350906,24.605951457539827,20.354751807471985,20.33226665653183,20.355859691060573,20.330939080457256 
 06/28  04:05:00,18.898351477479697,18.911541717971037,18.90455183315034,18.920709364770833,18.0,17.629297353762617,24.593963590806062,20.35070321380715,20.329481767789616,20.351803509979163,20.32830485958027 
 06/28  04:10:00,18.91980384201401,18.932614804351854,18.924703390827585,18.94029692053081,18.0,17.715286102299824,24.581897096286994,20.34631302543721,20.326161100762874,20.34740909929178,20.325043615198467 
 06/28  04:15:00,18.937008812511074,18.949370466990466,18.940936710658487,18.955910782277183,18.0,17.800597115327292,24.569889894765637,20.341716497049276,20.322565669604785,20.342808004145127,20.32147416674809 
 06/28  04:20:00,18.951210505109636,18.96307798320912,18.954401528126812,18.96872276748346,18.0,17.864854713014118,24.557923858360382,20.337063526711802,20.318884203396635,20.33815038570083,20.317805406728326 
 06/28  04:25:00,19.44288959580413,19.340540643510494,19.15468580391544,19.166417426362056,18.0,18.182312845068193,24.5460212307332,20.583706735030887,20.50569192482078,20.43379044097037,20.412622877377657 
 06/28  04:30:00,19.585846916668682,19.465030493023495,19.265654143343987,19.274010170791065,18.0,18.31320030086998,24.548685546765533,20.546697829731443,20.503518032038926,20.42719030317471,20.423816180609947 
 06/28  04:35:00,21.014161139027177,20.345184160715977,19.392824855486364,19.39949191269814,18.0,18.489222178409875,24.539787032790652,21.22430242211294,20.930999948107967,20.5195001635758,20.532776941448844 
 06/28  04:40:00,23.005981753130715,21.51094235840236,19.523801824562526,19.529311698620457,18.0,18.674826314707808,24.55020936494145,21.930410876403357,21.355352132824407,20.598954609021007,20.61713487143203 
 06/28  04:45:00,25.60394817911747,22.967339002141404,19.6689559102629,19.673598828184634,18.0,18.879174424655737,24.56541949765003,22.792970429847173,21.8437542060679,20.66717086991946,20.67685463772773 
 06/28  04:50:00,28.08531857879645,24.29628914491995,19.80490627099428,19.808887486974402,18.0,19.120191714187158,24.58939066400028,23.407976324504375,22.18728813619714,20.713351461267735,20.71296529687106 
 06/28  04:55:00,30.554365333701497,25.55812566998515,19.941424998791835,19.944888853845264,18.0,19.37898010993893,24.609789728287232,23.99696617699334,22.505610442701936,20.75461660748732,20.749569559942586 
 06/28  05:00:00,33.07764218115869,26.811272021323777,20.129382724667416,20.132434974895105,18.0,19.684606650276532,24.633096272686313,24.600244701754832,22.8235580027889,20.820611811684046,20.81075512755126 
 06/28  05:05:00,35.38670982176277,27.87282010082932,20.260753530814878,20.263487045843153,18.0,19.92647949094174,24.662390641415804,25.05157060309682,23.00689068582244,20.813691076434793,20.799040362347228 
 06/28  05:10:00,37.635315926821974,28.840942578124192,20.377174249710507,20.37966608820288,18.0,20.206395001531316,24.698743683142432,25.5065264475262,23.177043557491345,20.788478525762457,20.769119694942617 
 06/28  05:15:00,39.85069168069937,29.734903390657696,20.487375489959025,20.48969927556425,18.0,20.509856565777877,24.730240876241847,25.96444313162999,23.33389815162508,20.77682423328946,20.753053697553014 
 06/28  05:20:00,42.04310338479743,30.562999541460403,20.595519013568364,20.59775059273604,18.0,20.849408011828043,24.76413796719136,26.42442333670897,23.47679600392962,20.750636157155782,20.722668768491985 
 06/28  05:25:00,44.21680772925139,31.32973375634579,20.704214834864832,20.706432923989556,18.0,21.212911218865397,24.7987029370299,26.88543651804025,23.604384126854768,20.739887927261634,20.70799122110037 
 06/28  05:30:00,46.373015189339185,32.03768400074112,20.815230516742112,20.81751306813312,18.0,21.631629159076894,24.834167757184666,27.346922253983223,23.71574471694271,20.714234371552266,20.678767618173083 
 06/28  05:35:00,47.99014620840851,32.47226538400488,20.910275543912483,20.91269368660373,18.0,21.984581487950464,24.870805899886772,27.55498446856768,23.693558257560937,20.688347501024623,20.65128799751477 
 06/28  05:40:00,49.42478445549306,32.78648095683046,21.00019636439262,21.002807823417072,18.0,22.37256597349267,24.90145041600892,27.767528129395828,23.64690107596755,20.645221071264473,20.606959737359773 
 06/28  05:45:00,50.746770716178155,33.01604959602765,21.087810537276688,21.090654569921504,18.0,22.772808383962936,24.931438101639475,27.979249072541563,23.594240110963312,20.617443742443697,20.57841397554148 
 06/28  05:50:00,51.99065576447551,33.17941568392879,21.17462951688148,21.17772458463177,18.0,23.194700075030408,24.96041106870435,28.189780133974978,23.53006223692205,20.575149144848183,20.535723673402345 
 06/28  05:55:00,53.165478579180686,33.28385919238696,21.261070124106105,21.2644140248079,18.0,23.628742112958616,24.988410700375074,28.39316343321059,23.451202903781223,20.547089756832747,20.50768809190572 
 06/28  06:00:00,54.304857433821844,33.34447843261631,21.348760521463202,21.35233236232121,18.0,24.094068055098568,25.016116988481155,28.60163430454577,23.362087149526474,20.50494716054942,20.46588866989157 
 06/28  06:05:00,55.534724017543255,33.48810696029759,21.558869290164395,21.56263517375795,18.0,24.756216509203025,25.043994166008098,29.032593052433867,23.493325081704597,20.70252683796423,20.664173246577377 
 06/28  06:10:00,56.77066271481345,33.63804077192842,21.81955217713503,21.82346202130829,18.0,25.497481385323166,25.078064313697492,29.35604494065609,23.532405174368932,20.832900798217338,20.794893187981927 
 06/28  06:15:00,57.999390348900896,33.77952961130383,22.11347376089757,22.117468829140996,18.0,26.249366314679424,24.939481789266917,29.72984697819203,23.57948666277082,20.982285586410853,20.945343040967145 
 06/28  06:20:00,59.073978193339435,33.94230755688436,22.532735849191692,22.53675019706547,18.0,27.11460882860666,24.888617521878057,30.050118098357757,23.667148726298706,21.235884787553914,21.200757548338174 
 06/28  06:25:00,60.235053781117976,34.068324355088265,22.91239610153451,22.916362927658916,18.0,27.989251357176997,24.84502412043136,30.448312859967473,23.731738166088405,21.4170579980688,21.38433185669362 
 06/28  06:30:00,61.39388674220547,34.16934802982045,23.292703127484625,23.296558299110245,18.0,28.955450465424597,24.809302124032108,30.844020454499287,23.790258203618578,21.6083973591617,21.578172587357244 
 06/28  06:35:00,62.20152790691315,34.17459396219023,23.68229128212926,23.685973485293772,18.0,29.836700893644316,24.781644387475026,31.06459768080822,23.806967606173203,21.804962571295277,21.777329947082194 
 06/28  06:40:00,62.896300887369065,34.13740505172721,24.077197268265582,24.08064986886522,18.0,30.765912680355328,24.757261628500974,31.29666053236474,23.823372479076,22.001369948283127,21.977024422099362 
 06/28  06:45:00,63.51647291645988,34.07010928922298,24.475976183934595,24.479148541359677,18.0,31.695213945349806,24.73738365896887,31.526725687345674,23.840669814322155,22.199303151400386,22.17817969399988 
 06/28  06:50:00,64.0810434511735,33.97915766999818,24.877581136319037,24.88042936997684,18.0,32.64010912254741,24.721023101248235,31.753474282346815,23.859573531828573,22.398256305419864,22.380218188383196 
 06/28  06:55:00,64.74686426916888,33.79295328557463,25.16134154431172,25.163830667996613,18.0,33.58533943080113,24.707793696083616,32.0499894053126,23.840004572940245,22.533603208525847,22.518470486171736 
 06/28  07:00:00,65.27303844321959,33.63212830538724,25.515857766388578,25.517958673892362,18.0,34.54450577514178,24.694700556088566,32.2662000545962,23.86204744092032,22.731087500309513,22.718694730076095 
 06/28  07:05:00,65.5962361847492,33.41384703997391,25.877514441275114,25.8791960634598,18.0,35.38919483158809,24.68557061048646,32.430679263943716,23.923718652624245,22.97747890653767,22.96775366375573 
 06/28  07:10:00,65.83521177103303,33.17051152246763,26.242801538972788,26.24404977263198,18.0,36.21025193462111,24.750734869299176,32.58204469956479,23.986198664292772,23.213031932109004,23.205654559267714 
 06/28  07:15:00,66.01285533597715,32.910205888848765,26.609321346751013,26.61013201523728,18.0,37.02118415820018,24.77411428981907,32.7178043734458,24.050552698166257,23.437146070779704,23.43189012422647 
 06/28  07:20:00,66.14152588275407,32.63772080547482,26.975546157763446,26.975923203511254,18.0,37.78012906184282,24.796129967245474,32.84765707558836,24.129028811992498,23.66032932007613,23.65689124134866 
 06/28  07:25:00,66.22894816443068,32.35651704629803,27.3404752908425,27.340429549623572,18.0,38.53087499881513,24.816415602332476,32.971568645535626,24.22316472380703,23.8826258490314,23.880704616030584 
 06/28  07:30:00,66.28025340407919,32.069257756288806,27.734476304075226,27.702986801603327,18.0,39.237238705084245,24.83552944899079,33.089963932088494,24.334655953529534,24.10340901472432,24.103543306017627 
 06/28  07:35:00,66.25900394669961,31.81748046551036,28.200035362151027,28.159283858016163,18.0,39.96897978675372,24.854021030002887,33.18313423470539,24.50717787368069,24.37506376170967,24.375355840624252 
 06/28  07:40:00,66.35117417296858,31.524582214759246,28.564130594109805,28.52129756708167,18.0,40.67212616348058,24.874833578408673,33.3484888613533,24.64540012422316,24.580266875044515,24.581471681143057 
 06/28  07:45:00,66.44889100356095,31.216264638764905,28.896193791888866,28.85548206616896,18.0,41.37137605927086,24.89314193039346,33.50480470255661,24.804961689692618,24.785164551295622,24.78683514203317 
 06/28  07:50:00,66.53689497949783,30.956629850361857,29.269671363461946,29.173926180425592,18.0,42.05331306717115,24.911491488883428,33.655257255068875,24.990824758386907,24.994493405545143,24.99269260264407 
 06/28  07:55:00,66.6081843618698,30.923407080711087,29.867117199756915,29.48201076032511,18.0,42.73108274681567,24.930194791981606,33.80008401656784,25.197130895739463,25.232463100384052,25.199187664859892 
 06/28  08:00:00,66.65892017234044,30.97861921867661,30.54994530637505,29.782968839830453,18.0,43.392087301759645,24.9497047574901,33.93953728457427,25.404518781924367,25.491612685214534,25.406380275054858 
 06/28  08:05:00,66.81911660565565,31.058746383402386,31.265098118865655,30.04477173036457,18.0,44.16311842531102,24.969843577295194,34.149831359255586,25.61973912973008,25.77812995885364,25.621218029775605 
 06/28  08:10:00,66.99238626794411,31.164979134560234,32.01183898718558,30.29053724402323,18.0,44.948450138484866,25.23675440692011,34.33530518473117,25.801010253611594,26.049694632378703,25.801845475896414 
 06/28  08:15:00,67.16210392393764,31.290892704063367,32.7834579320493,30.52629651511049,18.0,45.73714674019893,25.362317318615307,34.479994944634655,25.943738307460308,26.29868406019216,25.94401240437753 
 06/28  08:20:00,67.31984018566163,31.43159262907816,33.57469583791798,30.755270227170367,18.0,46.56260192229999,25.47641104518644,34.602321716781034,26.071867860651366,26.54658225922276,26.071494738770298 
 06/28  08:25:00,67.46047793283083,31.58361375920594,34.381603647337016,30.979520056059993,18.0,47.39016886890899,25.55642782135969,34.70727104321685,26.1878822920238,26.79511251943393,26.18685130734002 
 06/28  08:30:00,67.25832716456092,31.868279812718853,35.264221181262776,31.32448300401544,18.0,48.24446034082858,25.617561116746675,34.64936687233842,26.36328435742007,27.083767073287845,26.361636624190453 
 06/28  08:35:00,67.23987832669225,32.01522674876189,36.04722281290299,31.52225637044734,18.0,48.88822718794654,25.67249008393382,34.72975644919279,26.441263637083523,27.32770481291402,26.43915640656121 
 06/28  08:40:00,66.91219153303402,32.244472820971765,36.85014386188836,31.79488894900638,18.0,49.50166150815311,25.722217709283267,34.64687155691581,26.577402381822935,27.60064586546082,26.574909730916033 
 06/28  08:45:00,66.49243008820558,32.49431838696563,37.639437964390474,32.08231094325603,18.0,50.10733072018365,25.7682456649089,34.56383604304801,26.710644714797354,27.869489730273244,26.707892391368205 
 06/28  08:50:00,66.01319132137647,32.75352525701359,38.40822369071412,32.37436342091434,18.0,50.63813451085218,25.81130994868984,34.47750329943187,26.841019120010287,28.133227563941944,26.838099704941556 
 06/28  08:55:00,65.49065913007914,33.01686844354021,39.152991585621,32.666659573531454,18.0,51.16309634339378,25.851396677573277,34.388174985750936,26.968323963557054,28.390526068021984,26.96533520685739 
 06/28  09:00:00,64.93474259502467,33.28107958654811,39.87151618525774,32.9565852833546,18.0,51.630773477678254,25.889237647280293,34.296353492922435,27.09284586261515,28.64070339724799,27.08988261026707 
 06/28  09:05:00,64.48628856472715,33.42259354059369,40.50785545032435,33.121319540180295,18.0,52.074496209245126,25.924793695744164,34.27564218487095,27.163295542377625,28.866335934514495,27.16041398287757 
 06/28  09:10:00,63.90046951692774,33.64103996580448,41.151100476445585,33.36072463224731,18.0,52.4670733910278,25.932535616756038,34.18184649228198,27.30160559344779,29.117823972481688,27.29891516320572 
 06/28  09:15:00,63.27548423309554,33.874453605111064,41.77268300130835,33.61319806087836,18.0,52.85252586377415,25.961017716154355,34.09272941910086,27.442872612614224,29.36452244245379,27.440463334155538 
 06/28  09:20:00,62.62480583132735,34.1129969584175,42.36855892930416,33.86912304442072,18.0,53.19004192986763,25.98829317485261,34.002161394208315,27.581842049161253,29.601559378439788,27.579787241569818 
 06/28  09:25:00,61.955118455860685,34.352598640394376,42.93726132726472,34.124625289036864,18.0,53.52075839616825,26.014793254698635,33.91046303244343,27.718817877773404,29.829168635485075,27.717177024413786 
 06/28  09:30:00,61.270748169395176,34.59088349099908,43.47813643040021,34.37749945851596,18.0,53.8098464060816,26.040469388737936,33.81744206819383,27.853955531062866,30.047337017813447,27.852769358363844 
 06/28  09:35:00,60.82412575594773,34.832186312275866,44.09844821744899,34.63222996390354,18.0,54.33238456954076,26.06528050090889,33.844700679837615,27.99001943797748,30.30964704185743,27.989247958648377 
 06/28  09:40:00,60.43054814403443,35.073779498616055,44.73651302949796,34.88621663759479,18.0,54.86592149762111,26.0917950265566,33.88001427990298,28.126120490956282,30.569029614043416,28.125786830655898 
 06/28  09:45:00,60.057464201606244,35.314834595688914,45.38030939735237,35.13873858023157,18.0,55.3961888055769,26.117866843972433,33.90164942616616,28.261219732825964,30.824825058817737,28.261371525996537 
 06/28  09:50:00,59.68891455002616,35.554862088189374,46.02397931464844,35.38939940973579,18.0,55.982277251502666,26.14355429169928,33.91480813965569,28.39542808563118,31.076950579554023,28.3961030091246 
 06/28  09:55:00,59.3154493313695,35.793533664231624,46.66391154610686,35.637951699941134,18.0,56.56266267904442,26.168826699651067,33.91929355782952,28.528764483026634,31.32527000821233,28.529991149287355 
 06/28  10:00:00,58.93115081945487,36.0306259157236,47.29771802729504,35.8842425819174,18.0,57.1731472957193,26.19366272509935,33.91429766765458,28.661248692736308,31.569672447977496,28.663045112947202 
 06/28  10:05:00,58.36457082930124,36.18033406857467,47.786484083186835,36.0429397927611,18.0,57.49321623328909,26.218051749555592,33.74891275380719,28.680736784330463,31.67303624861904,28.683095279391182 
 06/28  10:10:00,57.731579610763404,36.29647920398812,48.21736579116102,36.16756511127526,18.0,57.77359203389224,26.234561569486782,33.571519824040536,28.69534013781731,31.76802275306909,28.69822928210317 
 06/28  10:15:00,57.05229526665364,36.391259495351434,48.60745104435033,36.27030497883005,18.0,58.04740762404784,26.25580574876044,33.3844270736227,28.70948131304789,31.858000974327865,28.712878516931426 
 06/28  10:20:00,56.336515948933275,36.470871950727314,48.96510111944266,36.35737422212131,18.0,58.2256215572728,26.276224323686296,33.186711979951724,28.722618633985803,31.942560347260496,28.726494023835357 
 06/28  10:25:00,55.59018135428377,36.53922181326448,49.29539656029304,36.43270466565931,18.0,58.40106883598339,26.296179267841442,32.97820689185198,28.736600220727382,32.022026865129305,28.739346682206133 
 06/28  10:30:00,54.81718904741502,36.59893754432849,49.60162230811022,36.49895426740992,18.0,58.510911361810535,26.31527708856134,32.758623870520125,28.74881012894707,32.096441124524176,28.752888964059025 
 06/28  10:35:00,53.940310263636114,36.6651513564779,49.81324407336997,36.57128851881204,18.0,58.47864922622569,26.33423683204474,32.48414019166199,28.764677597501873,32.12693001941591,28.76956150786441 
 06/28  10:40:00,53.02596243398797,36.68183806251656,49.97700338480929,36.640786177072194,18.0,58.37505090429621,26.35253638847541,32.205381135698644,28.77661899979728,32.15064398170745,28.785569499580845 
 06/28  10:45:00,52.08921777962912,36.71198603935701,50.240167376969445,36.706048818035754,18.0,58.26874429280283,26.370244914134577,31.92316902802554,28.78802069378321,32.21558957132254,28.800348403688645 
 06/28  10:50:00,51.13848205262973,36.73975534976505,50.40828746206416,36.76671328357898,18.0,58.08317561577997,26.387690072070654,31.639036495712844,28.800743824802453,32.23880502255747,28.81401258200964 
 06/28  10:55:00,50.17946020243004,36.763548815564924,50.539559397663645,36.82279085680257,18.0,57.896554037342035,26.404533142195564,31.35450855942986,28.811917117853852,32.25500441488953,28.827486962667365 
 06/28  11:00:00,49.21636272300421,36.78318760134511,50.6419690225615,36.87449647436836,18.0,57.65721843298872,26.420973751886677,31.07168193950247,28.8218707480454,32.26544857153988,28.83951476224081 
 06/28  11:05:00,48.34045981167137,36.844328751194375,50.78365125916937,36.95450377250999,18.0,57.63430459823609,26.43700743649085,30.826693385870385,28.849196274600104,32.305154820847065,28.867751314970633 
 06/28  11:10:00,47.4885492332779,36.91792840420645,50.92275148082022,37.04236692856233,18.0,57.609851370712704,26.458818009225446,30.584901337378255,28.87695084972478,32.33989035966954,28.896026983039064 
 06/28  11:15:00,46.80620853382964,37.2043423227323,51.16573983158762,37.34268179301962,18.0,57.58116434223282,26.475079257019175,30.42274886336861,29.002129159134427,32.422836157142115,29.02411814287086 
 06/28  11:20:00,46.04476777513159,37.367393681298935,51.09878897086176,37.516926292170226,18.0,57.59005363238091,26.5000651028153,30.20614703260958,29.034955025543013,32.37585008427567,29.057227229111504 
 06/28  11:25:00,45.27289240615889,37.613788149864945,51.171423274172916,37.66469333201929,18.0,57.59369784935144,26.517205915553802,29.999371613240214,29.082426514624785,32.40044221787457,29.087546828915947 
 06/28  11:30:00,44.49753821342138,37.77931995114076,51.25746350074036,37.7994126079227,18.0,57.61334331578455,26.534649578811088,29.80858231675637,29.1137507520977,32.42420923795777,29.117742065747848 
 06/28  11:35:00,43.64248979468517,37.83517354568278,51.28770214073455,37.83853599997703,18.0,57.57563633839961,26.551649414139384,29.59445545733729,29.102212003843363,32.42389540840634,29.10585096560294 
 06/28  11:40:00,42.75846052375028,37.84945486311339,51.29547971359502,37.842715598406954,18.0,57.53422471034309,26.56388110146958,29.40256928907081,29.08937870932874,32.419694112269895,29.092726589670065 
 06/28  11:45:00,41.85582452517472,37.83919279729362,51.285511317171874,37.826252087780674,18.0,57.48984048101386,26.575220260081828,29.24010412530049,29.07664955151847,32.41220576695014,29.079782503865545 
 06/28  11:50:00,40.93965171735172,37.813065213053584,51.25976950285706,37.79635704491441,18.0,57.4283126226656,26.5859807451273,29.113852912169136,29.06421927064548,32.401512159499816,29.067223488106038 
 06/28  11:55:00,40.09139333183497,37.77632997438814,51.21938526302107,37.83722970627247,18.0,57.36419258198431,26.59619058579854,29.03520023262729,29.052074477667247,32.38758305820306,29.06150171866932 
 06/28  12:00:00,39.60279844268745,37.73233111086113,51.165059180173074,38.24639659632257,18.0,57.28602949977208,26.606332633244737,29.024156296933825,29.040533674695155,32.37071734835985,29.140224335016114 
 06/28  12:05:00,39.2912200638273,37.726126474346025,51.16321358278398,38.83067402517864,18.0,57.30331271886537,26.61826249784926,29.06494568844795,29.08004997844,32.40243550859782,29.310341570032733 
 06/28  12:10:00,39.07131970050666,37.73117908570491,51.168672232964646,39.50733359269917,18.0,57.32432704436828,26.615494694089907,29.114068130571525,29.127401138056598,32.4542333353956,29.520978038244778 
 06/28  12:15:00,38.69418814590967,37.52289147305862,51.0852096638727,40.05694280513415,18.0,57.341508964718436,26.62589208199845,29.061802773444185,29.071151682460027,32.457439794307106,29.671883972801425 
 06/28  12:20:00,38.50343378824205,37.46493535536424,51.06562723258,40.7811088341485,18.0,57.37664268962658,26.62827572410839,29.113031758580803,29.12097046900118,32.49177116462636,29.939088302905986 
 06/28  12:25:00,38.373870057988,37.44244424185314,51.05268470009869,41.562461553292614,18.0,57.4074477731637,26.638775370241355,29.167146645641992,29.173570885907566,32.54038576361455,30.22529188244647 
 06/28  12:30:00,38.28156799830478,37.364464704341415,51.03752776625828,42.37658268522812,18.0,57.44413179612352,26.64975543049117,29.22144295735427,29.21966720207297,32.57047596719531,30.523516108425156 
 06/28  12:35:00,38.23756691232195,37.373106550565325,51.17396086355507,43.22080338784041,18.0,57.46878650512655,26.6612400103561,29.28676556867572,29.28426297023475,32.66128403923756,30.835467665602266 
 06/28  12:40:00,38.22075312654949,37.4098469862492,51.18386617377016,44.078049309283216,18.0,57.491562329435745,26.674241939863478,29.352735218709427,29.34989998262506,32.68110280146408,31.149579616573817 
 06/28  12:45:00,38.223419952743654,37.463242962252295,51.16096629799799,44.94048365496233,18.0,57.5110669370698,26.68754123543901,29.418897014031245,29.41583843917647,32.701033294514104,31.46227687724206 
 06/28  12:50:00,38.24082747657238,37.527919217546966,51.11697413896283,45.802894183394145,18.0,57.52383852349117,26.701155805442042,29.48523312883333,29.482019599421733,32.718754805659444,31.770939769459005 
 06/28  12:55:00,38.26972021650665,37.60060505980774,51.056305100748666,46.661550256706036,18.0,57.5335843209884,26.71500488395427,29.55166239189782,29.5483594414045,32.74220553744328,32.07341712176816 
 06/28  13:00:00,38.30776070085218,37.67915426589364,50.981351527087654,47.51368901836651,18.0,57.53546413100288,26.729001060299527,29.61810533823541,29.614779551254628,32.74871989622767,32.36805010412206 
 06/28  13:05:00,38.35308715812597,37.761219436850645,50.89851489513142,48.3605705621331,18.0,57.59010885767421,26.74316253633716,29.672058096147396,29.66876945806314,32.74985032375241,32.64547285989977 
 06/28  13:10:00,38.40452908555533,37.84647151248644,50.80526910916268,49.19957133153137,18.0,57.64572043013037,26.77786732961706,29.719771660824904,29.71660108232504,32.74605227038228,32.9081584667984 
 06/28  13:15:00,38.46110960067388,37.934319200838544,50.70151903183669,50.02931599336262,18.0,57.69809186010373,26.794945019018353,29.763934949753434,29.760928795540508,32.73152801682488,33.15813411394993 
 06/28  13:20:00,38.52204191486392,38.03842331526632,50.556561058557165,50.84872932095272,18.0,57.75921934387719,26.811835956981348,29.80821214578384,29.806227120572657,32.70404744448297,33.39862602063192 
 06/28  13:25:00,38.715990747236965,38.25677459815491,50.45669931778914,51.64210120396752,18.0,57.816887865767214,26.82773826356697,29.916318915878264,29.914242913260125,32.695687518613795,33.62249772967243 
 06/28  13:30:00,38.82170021208897,38.38016860878902,50.340055215959964,52.42090072498644,18.0,57.87606895731528,26.847243496185566,29.957355063881664,29.95498500316063,32.67429756691661,33.838492124201025 
 06/28  13:35:00,38.925889793859234,38.49761891399774,50.14419481669139,53.071667917130476,18.0,57.78000303793754,26.862538265090873,30.005141531603613,30.002547119569726,32.61035099227337,33.98122838441685 
 06/28  13:40:00,39.02847542795454,38.61020029633633,49.92000779733463,53.660792647570524,18.0,57.65722910186632,26.877508556703358,30.052810805429544,30.049992632756926,32.545182403454646,34.11040880787846 
 06/28  13:45:00,39.131124804195586,38.72029414066448,49.677889438537,54.20002253983899,18.0,57.5351219103645,26.891885153498365,30.100549464514472,30.097505306084827,32.47877340616367,34.22645900473458 
 06/28  13:50:00,39.234867387471716,38.829422182810525,49.42319521860725,54.69479684670593,18.0,57.3615127748617,26.905839082315975,30.148410449289486,30.14512838962594,32.4114714374208,34.33048032492911 
 06/28  13:55:00,39.34029469470154,38.93853435326239,49.1594022653658,55.14828713461782,18.0,57.18985206400213,26.91931195721669,30.196358449362037,30.19281785557348,32.34353548378681,34.42340858672577 
 06/28  14:00:00,39.44774342831692,39.048240404434026,48.888979650914834,55.56246522157217,18.0,56.98574117451348,26.932402506930867,30.24444763351096,30.240620481444523,32.27532797746255,34.50618022086542 
 06/28  14:05:00,39.396902217432434,39.02415382695121,48.38718715558807,55.71690331816128,18.0,56.33376719554213,26.945050560684955,30.157846252962884,30.154989586039733,32.03764828956952,34.39404325572332 
 06/28  14:10:00,39.28953053923906,38.9523720714488,47.81091886252129,55.76340055216024,18.0,55.59009053018038,26.94598732620517,30.06632482877677,30.06471341460974,31.800213150115837,34.27012709436485 
 06/28  14:15:00,39.14844951820345,38.85225578596521,47.19374078937859,55.73179240895389,18.0,54.85897255252668,26.954098841313392,29.97424836789986,29.974214302539053,31.567265302519104,34.13860108713095 
 06/28  14:20:00,39.08537741729993,38.83398428718171,46.441470902851606,55.17268246645821,18.0,53.98272289045787,26.9620437158524,29.929400746101805,29.93146913341991,31.283953262793034,33.77780249985062 
 06/28  14:25:00,38.93811067088829,38.73404773844551,45.7620266807998,54.87732871376789,18.0,53.124136402871315,26.96597964962647,29.831667533962502,29.836110723935917,31.06436966237891,33.63273679537758 
 06/28  14:30:00,38.76469141686367,38.60957888246357,45.096928869457024,54.59750245529535,18.0,52.19256442246239,26.972584570860718,29.733624875972055,29.74081733166372,30.85033200383998,33.481251272347095 
 06/28  14:35:00,38.49655112537391,38.39071644772881,44.513785259501404,54.74075313319401,18.0,51.57594286849824,26.9789772448591,29.596477411637807,29.606388457562616,30.666797525324796,33.538814374764456 
 06/28  14:40:00,38.18753367598977,38.13069570034601,43.94494593569573,55.01848457014187,18.0,50.96430604605586,26.984366555851505,29.45749589187392,29.47017188001854,30.47564312150496,33.59485762291308 
 06/28  14:45:00,37.79372214597739,37.784347020517856,43.47458364067401,55.9309105995192,18.0,50.34869656555443,26.989741154059384,29.289747907588605,29.304422838576897,30.324213256077883,33.90974425539355 
 06/28  14:50:00,37.42740522290022,37.464531915071085,42.92798862767881,56.53135274191631,18.0,49.79291012678413,27.00062616281326,29.152334417514112,29.169774792247495,30.119473893894735,33.975429141660015 
 06/28  14:55:00,37.05677006448844,37.13895427613524,42.351515834966904,57.09706814221802,18.0,49.23120686571715,27.006246751744158,29.011417072311474,29.03137661460846,29.9057322164698,34.04028291082602 
 06/28  15:00:00,36.67906509864475,36.64083134142012,41.748781780178966,57.650789936463035,18.0,48.69636797479824,27.01164068521349,28.868217177380302,28.870496726171154,29.68512028215696,34.10343055109439 
 06/28  15:05:00,36.389286327676984,36.320524774034396,41.24304628963342,58.343191526118105,18.0,48.386535118683746,27.01636974699709,28.800077775856607,28.80130636202972,29.543663538366218,34.27342756343262 
 06/28  15:10:00,36.1223477458976,36.03994242362568,40.74709656752977,59.0762408571303,18.0,48.12119783705986,27.0218519469527,28.734607406888983,28.73557900055397,29.400559676772218,34.44840263111303 
 06/28  15:15:00,35.86393133444791,35.77521916946913,40.24175647169696,59.83146381081456,18.0,47.84364661783234,27.026214859748436,28.667098806972035,28.66788547593336,29.251815827544874,34.623540490268056 
 06/28  15:20:00,35.65685760383695,35.56593333650945,39.79573845260381,60.877304676328,18.0,47.62549131557758,27.030446681575313,28.62072512523224,28.621271968699943,29.135024509869936,34.92513750971659 
 06/28  15:25:00,35.414632529674634,35.323907786393406,39.272059160158555,61.763092728792266,18.0,47.39449544671873,27.039614378064375,28.549710804228653,28.549967634248844,28.97944139538663,35.11287053609868 
 06/28  15:30:00,35.1594030290402,35.070312847647,38.70603844476174,62.620274068593396,18.0,47.18439151792295,27.043616452785685,28.474263555476625,28.47418753560811,28.819703571368905,35.29688713610636 
 06/28  15:35:00,34.967265855582525,34.8806804562775,38.12071957412359,62.80878518680845,18.0,46.682420041057654,27.047217593414125,28.4304297102733,28.42988277307768,28.68675248000045,35.18185164738486 
 06/28  15:40:00,34.79637220630635,34.712810995368514,37.53081186488313,62.78571450440837,18.0,46.146801613332904,27.049053159334424,28.38621336681564,28.38522544421187,28.564884894250895,35.06004076676561 
 06/28  15:45:00,34.63827586649078,34.5580253533079,36.942987505431255,62.63067215518598,18.0,45.61742937190222,27.04972517190659,28.342198201373208,28.34084935666732,28.455618049935083,34.93025916791953 
 06/28  15:50:00,34.48905100060084,34.41224813478972,36.361550856600694,62.381396485373706,18.0,45.017451121864624,27.049762120620752,28.298412614244853,28.296806068066473,28.35963231653932,34.79279759358246 
 06/28  15:55:00,34.265776094563414,34.19244647860961,35.70560395616558,61.73731700124513,18.0,44.4246068015947,27.049140610671913,28.216636844558536,28.214918402973126,28.23757845494157,34.49948784778098 
 06/28  16:00:00,34.09364026455472,34.05863098438589,35.14835219429267,61.27077197613169,18.0,43.798204515941435,27.041232358757203,28.168250926305177,28.16690611858843,28.165773798153737,34.349355079878364 
 06/28  16:05:00,33.97379690715583,34.262108278364735,34.821327268391926,60.83679554876299,18.0,43.2366847013814,27.038268059257895,28.1865797673604,28.214198630243118,28.183921377361855,34.26048148075847 
 06/28  16:10:00,33.87533961580599,34.465638195284576,34.58009313493981,60.392491041791395,18.0,42.672800200287135,27.044905222828394,28.209558487405445,28.28052845815597,28.20702147224881,34.16689463021578 
 06/28  16:15:00,33.79048959818274,34.69102477153557,34.390579175775926,59.92917004750341,18.0,42.115901879801505,27.045045475082006,28.233755278396075,28.356906204087977,28.23154514657392,34.06677775780622 
 06/28  16:20:00,33.715310164307226,34.92788737526959,34.23588535796285,59.44335824616565,18.0,41.57616659557696,27.044897581329757,28.259231654259054,28.441697060065678,28.25749940992432,33.96107910565286 
 06/28  16:25:00,33.64740680025499,35.16753693236702,34.105800939357195,58.933657339794706,18.0,41.043615792737384,27.04442647061451,28.285467352589762,28.532601211292786,28.284323300949268,33.849905577050436 
 06/28  16:30:00,33.585233980737996,35.40378291866652,33.99377566747729,58.39969191971502,18.0,40.5289785001858,27.043716039208938,28.312270027667694,28.62765106487825,28.311794234286253,33.73355218710867 
 06/28  16:35:00,33.51351175556832,35.65633074566346,33.88122208948111,58.18773342299626,18.0,40.121833215430776,27.042707633650362,28.33354849966753,28.727990255638815,28.333934944976875,33.769281155303815 
 06/28  16:40:00,33.43915388231081,35.91567166580956,33.77279086765997,58.060034491947604,18.0,39.74440043465792,27.043159202389464,28.354975545766763,28.83428670179967,28.35635253153913,33.79614149329046 
 06/28  16:45:00,33.363149583066395,36.179275445931985,33.66787893886573,57.97435487449839,18.0,39.3661449883869,27.04392421774697,28.376146955311697,28.945167940436647,28.378620075365404,33.824386920990264 
 06/28  16:50:00,33.28580240877998,36.445625300643194,33.56565254135816,57.910783419074946,18.0,39.02590201292406,27.044743071269945,28.397082185752083,29.059834741632017,28.400746364697625,33.85111690049803 
 06/28  16:55:00,33.20723066107862,36.71362486091842,33.465401029945994,57.85779376329783,18.0,38.68494916105446,27.045535393297552,28.417804470863757,29.177491931923555,28.422742323779403,33.87557218233371 
 06/28  17:00:00,33.127474157471,36.982439421994805,33.36654893216311,57.808334673424774,18.0,38.36595851151346,27.0462922931971,28.43835885228242,29.297403289236854,28.444639789819917,33.89755507648226 
 06/28  17:05:00,32.955595058333806,37.16133216397057,33.1776314266914,57.66498887559093,18.0,37.94138487617023,27.046956882685844,28.299452707276828,29.25284709326513,28.307271557737636,33.760463523591284 
 06/28  17:10:00,32.75021162173822,37.308302507875354,32.95701481756857,57.48993405248567,18.0,37.50978981726094,27.00126259642134,28.15203524546905,29.218294496023304,28.161336497428692,33.6148820635139 
 06/28  17:15:00,32.52441464957445,37.43580594129979,32.71750253845624,57.29311968095323,18.0,37.07789256760743,26.993202888257937,28.00906614140638,29.171393701029046,28.01989433957749,33.47136964503204 
 06/28  17:20:00,32.28452310178557,37.549781358189634,32.465185996246525,57.078908423505965,18.0,36.621485638329126,26.98507501743006,27.865169015246465,29.13088365417866,27.877520261622124,33.32476592769808 
 06/28  17:25:00,32.03433714263662,37.653746669956675,32.20368345991873,56.84973241868201,18.0,36.164945167884305,26.977657626723985,27.721199618635637,29.090694373976532,27.735063404320783,33.17599071805569 
 06/28  17:30:00,31.776292427229528,37.74991017795452,31.935283639650535,56.607050404596855,18.0,35.69415871470734,26.97057655497021,27.577218124745855,29.0494715583352,27.592564361831194,33.02513889038164 
 06/28  17:35:00,31.475303246789906,37.64745798482842,31.624794879730743,55.75719484375522,18.0,35.07576209347685,26.963720783509242,27.414440286635795,28.91195594746398,27.430110648081666,32.594595092848124 
 06/28  17:40:00,31.157616061424605,37.45749285811777,31.29836954864123,54.712820548959606,18.0,34.43129360865845,26.949485177161307,27.249460931130898,28.759378778818018,27.265218641993442,32.167393556562956 
 06/28  17:45:00,30.82985827342884,37.2022383518503,30.962544401951288,53.54879856748127,18.0,33.798284931680726,26.93421316028795,27.084660316549275,28.594239256089054,27.10027203457696,31.736678826376192 
 06/28  17:50:00,30.49548751191979,36.89186096453264,30.620702841781352,52.30075441899696,18.0,33.13191511923329,26.917832291117435,26.91992633359581,28.416503867962717,26.93515532072155,31.302376582715624 
 06/28  17:55:00,30.10416000288001,36.272514313240556,30.222454981859165,50.31582862496567,18.0,32.47717847599575,26.900287864504445,26.72948358400413,28.102380024914112,26.74410382699682,30.54438158456577 
 06/28  18:00:00,29.74691560900829,35.77022915592822,29.85877831194989,48.74369774054982,18.0,31.81606837853909,26.869793132162375,26.563158245949353,27.892800592001834,26.576930406618544,30.103419760550764 
 06/28  18:05:00,29.387783725234193,35.26011588468408,29.493970066127606,47.241440788090536,18.0,31.1958815954833,26.84850293429003,26.322339173123396,27.60590607251845,26.3351459202853,29.601206051355348 
 06/28  18:10:00,29.02820682390079,34.72351726883992,29.12919878397956,45.74942813867237,18.0,30.586119908322992,26.70404362544623,26.10623916007154,27.332329219540213,26.117820573449592,29.11722950426588 
 06/28  18:15:00,28.668106314404643,34.153593840197495,28.76429688661932,44.25030417715691,18.0,29.983974977765303,26.662766866881473,25.909356058561627,27.066017928663427,25.919600525276792,28.6462548662098 
 06/28  18:20:00,28.30744015252623,33.54619734930154,28.39916640127624,42.735417849810474,18.0,29.40298884918701,26.621418139821486,25.711322071329846,26.786528640553456,25.72003336337127,28.170012389786223 
 06/28  18:25:00,27.946222554675586,32.89824170515164,28.033780033154237,41.199735281126,18.0,28.830021298655527,26.582111900617754,25.51359573542129,26.49555977870409,25.520645796284555,27.6893541614848 
 06/28  18:30:00,27.584486894718705,32.20704634601622,27.668138421696472,39.639891852356435,18.0,28.278937733274226,26.543470276944635,25.315698120579327,26.192838743546304,25.321006925836798,27.21188364553791 
 06/28  18:35:00,27.24562818339757,31.680505239290028,27.325604009590513,38.48672531660229,18.0,27.796155864400603,26.505620670183202,25.134873154274203,25.99067375632262,25.139315629702025,26.929594996555807 
 06/28  18:40:00,26.892974827089308,30.93591027216429,26.969484771461627,36.92694199137795,18.0,27.342109055411235,26.473731050177356,24.94550119843518,25.658213111660416,24.948960127811915,26.385808837198056 
 06/28  18:45:00,26.55876589241585,30.37160763928862,26.632000582379987,35.792702007201825,18.0,26.889864059605067,26.433045765614413,24.76648777075252,25.44633174787134,24.76887663808293,26.103625376146795 
 06/28  18:50:00,26.230517306622854,29.850510374848,26.300646945231644,34.78027354902391,18.0,26.47127483441209,26.401846842344497,24.5914112651015,25.23514056778913,24.592630730297742,25.825260381788098 
 06/28  18:55:00,25.905530935330198,29.345433910973366,25.97271265789477,33.83188200582361,18.0,26.05489780514827,26.371800363950374,24.4177990142274,25.02075256028047,24.417716487628923,25.54602051447705 
 06/28  19:00:00,25.582537901230342,28.74326117176,25.646916291591335,32.78214766917581,18.0,25.662291762936867,26.34266683627306,24.246121676313294,24.7614634663841,24.244594681289414,25.195644618441747 
 06/28  19:05:00,25.33207118087015,28.198157868278706,25.399829579428165,31.778505060540997,18.0,25.346019506913187,26.311883635214077,24.20610712310929,24.62803716395905,24.197331068262542,24.971727083554413 
 06/28  19:10:00,25.10970220863873,27.65605012116991,25.175651719492567,30.79075634951733,18.0,25.064781635992084,26.275685652340258,24.17030030590979,24.49948339644152,24.158183739303013,24.758267455540192 
 06/28  19:15:00,24.904796994486336,27.105721616401166,24.96781052873828,29.813920883906295,18.0,24.787081859652698,26.24558088964912,24.130022655892162,24.368293989666427,24.117685426156243,24.548341402052017 
 06/28  19:20:00,24.711901222567526,26.542572036751086,24.77157381502402,28.847526891911336,18.0,24.55150148868623,26.215399290657064,24.083308648714024,24.232660711100607,24.0731780448466,24.340699519557575 
 06/28  19:25:00,24.526929244456777,25.969530815715792,24.583147481326453,27.901125568510277,18.0,24.319771932433927,26.18524456792489,24.0301992299635,24.095642195415962,24.02402668123807,24.14059649020885 
 06/28  19:30:00,24.32722939212439,25.394061073913793,24.379985883239108,26.999512255224086,18.0,24.10156802152489,26.155185237454845,23.960934300972156,23.961125649267387,23.95970624063034,23.95895835488318 
 06/28  19:35:00,24.207811324797856,25.065214408041125,24.25743906681303,26.46324983390067,18.0,23.976407770802037,26.12504767651331,23.95806822341183,23.958045798317585,23.957219832488363,23.955895587277155 
 06/28  19:40:00,24.119709622695613,24.829809831719995,24.16646802533123,26.070200636797647,18.0,23.884435518587864,26.10286364151669,23.959559163672566,23.959294515112504,23.959044994387625,23.957350299930624 
 06/28  19:45:00,24.051391179232684,24.651819240174493,24.095503833229394,25.76660813368456,18.0,23.79093955457749,26.08194320107293,23.961977140078375,23.961606663740213,23.961699528263125,23.959863503538486 
 06/28  19:50:00,23.997064395536153,24.51331944375931,24.038721754436935,25.525138766164897,18.0,23.737855141867165,26.06202642081576,23.965108441597636,23.96468787451022,23.96497609010413,23.963090867602375 
 06/28  19:55:00,23.95307455180153,24.40317901660525,23.99243676683485,25.328662674582088,18.0,23.684811636421156,26.043062151646485,23.96879479495726,23.9683513994529,23.968712078580836,23.966824032101954 
 06/28  20:00:00,23.91695919065676,24.314019052696832,23.954159231506072,25.165752741301848,18.0,23.657579032208773,26.024788732942596,23.972853282296228,23.972399564713044,23.97272258577277,23.97085047582317 
 06/28  20:05:00,23.81285951020165,24.164505281709566,23.848005457862147,24.949747604638635,18.0,23.530721998985236,26.007195619042772,23.814311854998664,23.813858529194363,23.814405119293383,23.81255369578571 
 06/28  20:10:00,23.683595692030746,23.997005135494753,23.71695437998316,24.723305867492453,18.0,23.398729427949917,25.92583882424243,23.656356193493593,23.6559139883218,23.656772671253748,23.65495037308642 
 06/28  20:15:00,23.53921703651728,23.82021189178732,23.5710500525184,24.493999321883372,18.0,23.26696630891165,25.886394005283055,23.506263299650982,23.505878630114125,23.507190479051587,23.505361633612097 
 06/28  20:20:00,23.384673921803603,23.63795680499308,23.415218183463644,24.264672610328756,18.0,23.112592364176834,25.846353166224713,23.35518232424573,23.354843126540686,23.356734497455136,23.354916500988452 
 06/28  20:25:00,23.223028041830606,23.452422954600127,23.25249320733267,24.036703177275612,18.0,22.957968041465495,25.807823334125086,23.204035939811035,23.203745410173838,23.206346400421978,23.20453990820033 
 06/28  20:30:00,23.056297616155994,23.26493942861363,23.08284560393855,23.810765947830912,18.0,22.79031148886833,25.770282810058564,23.052696501224432,23.052456303500378,23.05297776563816,23.054102316248247 
 06/28  20:35:00,22.885856281059503,23.08004364531592,22.910437765683533,23.58715839190415,18.0,22.62245966382407,25.733526263219524,22.901098458087915,22.90475262739335,22.90133458185386,22.903536422074296 
 06/28  20:40:00,22.71266071393515,22.892805584208396,22.73554196608969,23.365969102169434,18.0,22.446638976954628,25.69735486250604,22.74915771939277,22.75409257731286,22.74942440154888,22.7527558595026 
 06/28  20:45:00,22.53738980621602,22.704942287443878,22.558739086795406,23.147171175915204,18.0,22.270696166781082,25.66167287219106,22.596834969538577,22.603073428597725,22.5971448903299,22.601719533889877 
 06/28  20:50:00,22.360533196461354,22.516856998444567,22.38048307433538,22.930675598867484,18.0,22.089816376440037,25.62633408073155,22.444051163121628,22.45170175608382,22.44440596906759,22.450346228024728 
 06/28  20:55:00,22.182449203784586,22.32874602272765,22.201111124564406,22.716362247997882,18.0,21.908866573223943,25.591329796584997,22.290783195369954,22.29997121815387,22.29118359311491,22.29861289002946 
 06/28  21:00:00,22.003403574468337,22.140724101357936,22.020874382039562,22.504097956340516,18.0,21.724854659326688,25.556546919061688,22.136906609743676,22.147765345899415,22.13735411669495,22.14639819470392 
 06/28  21:05:00,21.919802685939363,22.047448887344675,21.936409443925136,22.391699995994202,18.0,21.649766594511753,25.521999401123786,22.155915680616033,22.164728209515147,22.15641632227249,22.163359186401465 
 06/28  21:10:00,21.870557853358626,21.98963878237451,21.886442941842397,22.317239030832827,18.0,21.592622858720095,25.486287656231806,22.216615878289986,22.222424480378777,22.217099242423274,22.22112756344592 
 06/28  21:15:00,21.841470179188967,21.953246397744163,21.85673027819149,22.266002054236875,18.0,21.5309618034884,25.57190746274296,22.27379050360622,22.276688297284352,22.274357549063893,22.275320738838047 
 06/28  21:20:00,21.825677478625106,21.931337147478764,21.840377542238148,22.23069365893997,18.0,21.499119525824224,25.545565109165217,22.296497706245646,22.2964662456244,22.297031550744123,22.295146114479508 
 06/28  21:25:00,21.819001646162974,21.919634670451497,21.833206866656475,22.2068017036456,18.0,21.464359021370722,25.49613918270004,22.323764546545362,22.320778783251342,22.32428764699324,22.319494578294893 
 06/28  21:30:00,21.818753650807714,21.915323955744267,21.83250304303003,22.19133955400399,18.0,21.44512466174114,25.45148513061221,22.354309518608773,22.34850709134355,22.354822845886133,22.34728676994132 
 06/28  21:35:00,21.823108604644528,21.916464120328254,21.83643922845707,22.18225029931834,18.0,21.423317439124325,25.409880426676803,22.386229335890448,22.377745981249177,22.38674643939862,22.376555898528125 
 06/28  21:40:00,21.83078774707408,21.921695663697996,21.843732661734176,22.178069497561765,18.0,21.40941660341692,25.37144240795455,22.419540612699166,22.40853439582213,22.42006713131309,22.407365001962205 
 06/28  21:45:00,21.84086988387085,21.930016967127273,21.853458514416616,22.17772023231354,18.0,21.392993200305508,25.335282014933064,22.45344160156492,22.44013190889399,22.453978075865052,22.43897977486597 
 06/28  21:50:00,21.857076769335276,21.940663614418852,21.864932542518975,22.182188022625215,18.0,21.379546818595646,25.301050810002,22.472523429162266,22.472430381560116,22.488338193944855,22.491503179252675 
 06/28  21:55:00,21.8730475777339,21.953029155234542,21.87763802944755,22.187431993934254,18.0,21.363416657147223,25.26829033934064,22.50570985988503,22.50521376225049,22.522851517828883,22.526774011109637 
 06/28  22:00:00,21.889642011728355,21.966609350965285,21.891182660002862,22.19385263050564,18.0,21.34655503276287,25.23677035747693,22.53839022764123,22.538482525425252,22.557425929971885,22.560574215213023 
 06/28  22:05:00,21.820275927064614,21.891951225645922,21.823934536923623,22.106372157345756,18.0,21.295388596207875,25.20629334302454,22.32786269360355,22.32811518466906,22.335186340193673,22.334337629376932 
 06/28  22:10:00,21.707609250696652,21.773367764658975,21.71328101249812,21.969137208959665,18.0,21.213925456342906,25.11909930726591,22.119078875049695,22.113346281646102,22.119690115493086,22.11246657382901 
 06/28  22:15:00,21.564156531500892,21.624240739934738,21.570236358599175,21.802907932429058,18.0,21.115014507676577,25.066883955772074,21.92843539079354,21.929352298443064,21.929035371197642,21.928359196498036 
 06/28  22:20:00,21.39652961598542,21.45289396313078,21.402560738200435,21.61560294457665,18.0,20.978348857914412,25.128811650208046,21.74711107727984,21.75741941261731,21.747768284254676,21.75636735160333 
 06/28  22:25:00,21.21050131605449,21.26521942719095,21.21626975176086,21.4132474108843,18.0,20.83136208196912,25.17714500378724,21.56201623496031,21.59309953803165,21.562686833715077,21.592051482495265 
 06/28  22:30:00,21.010624671452803,21.0654900788607,21.01602545661661,21.200152445517574,18.0,20.653267811151096,25.213236011610412,21.368097096561996,21.402051218910856,21.368773712701056,21.4010144857117 
 06/28  22:35:00,20.800417444251952,20.856828327481704,20.805407368962825,20.97939900884442,18.0,20.47143625369993,25.241364187376394,21.167859597201527,21.22473840106875,21.168542351999804,21.22370997163455 
 06/28  22:40:00,20.582564158999727,20.641526368825698,20.587136028255824,20.753195894195265,18.0,20.268364450989186,25.261956755145217,20.975563873414444,21.022581182381714,20.976252270447844,21.021560571194073 
 06/28  22:45:00,20.359093309271053,20.399943208271694,20.382224692118893,20.523131475878092,18.0,20.063036296783356,25.277494369108155,20.75365912759014,20.755521061942716,20.835045269618888,20.836727995848605 
 06/28  22:50:00,20.13152519081409,20.164962528806264,20.16459538649997,20.290350925296163,18.0,19.844503014396256,25.288454458478643,20.540219362105404,20.540902303467874,20.640841890893796,20.62719895281373 
 06/28  22:55:00,19.9009913600491,19.92940028657261,19.94220373371757,20.055681316925742,18.0,19.62492094278226,25.295386044820432,20.324914987286206,20.325521685666104,20.427227522421276,20.437737169028082 
 06/28  23:00:00,19.66832894181207,19.692913309168063,19.71673818044599,19.81972025584674,18.0,19.397548623024143,25.299453788216724,20.107627678461995,20.108239172995695,20.223261433677123,20.22285327166918 
 06/28  23:05:00,19.543146564999013,19.565408376219636,19.586241386605714,19.681854808328765,18.0,19.292572457561555,25.300689812585833,20.086842124628788,20.087489734474616,20.20144411486217,20.200596051271816 
 06/28  23:10:00,19.450104541198833,19.47066987491926,19.48705744839944,19.57668040249828,18.0,19.200246845801818,25.291525300208253,20.06682427844129,20.067484669844703,20.179468320004787,20.178451906281794 
 06/28  23:15:00,19.374026489060853,19.393268680343592,19.405402334202666,19.48992870534527,18.0,19.10705875369483,25.28894571864464,20.047845784794276,20.04852358503348,20.15804776849683,20.15695849728536 
 06/28  23:20:00,19.30833476977893,19.326499184159896,19.334957224547598,19.415027544800193,18.0,19.036456558404044,25.28388752005135,20.029396581458855,20.030091919356437,20.136664896447712,20.135544811108105 
 06/28  23:25:00,19.24938850767859,19.26664562126527,19.272062638908643,19.348161221479245,18.0,18.965007408266562,25.278138864075824,20.01168718492022,20.01240124095841,20.115640065383957,20.114505055751465 
 06/28  23:30:00,19.195016581599997,19.211490527215787,19.21444527129023,19.28695417009773,18.0,18.90444407255893,25.271633968335248,19.994783659812526,19.99551747840087,20.09504402099276,20.093900037900994 
 06/28  23:35:00,19.143867755927896,19.159652803145075,19.160636207480493,19.229867663032618,18.0,18.843216084928006,25.264375703575592,19.978724181553616,19.979478537460523,20.074901463291667,20.073750598948664 
 06/28  23:40:00,19.095072020482753,19.11024249298052,19.109656621700914,19.17587342985571,18.0,18.78759307475659,25.25648711063417,19.963599943103418,19.964375755935066,20.055293258329925,20.05413571366853 
 06/28  23:45:00,19.048052687145518,19.06266914100874,19.06083690492351,19.124265655185795,18.0,18.73144090219069,25.24797570438877,19.949469951759056,19.950267987519055,20.036255581724618,20.035091048764173 
 06/28  23:50:00,19.002417774204346,19.01653097192592,19.013708352999362,19.07454830904403,18.0,18.678232728290492,25.23893844481993,19.936434706908813,19.93725586728874,20.017870691990083,20.016698423883838 
 06/28  23:55:00,18.957895108284067,18.971548654543472,18.967936243757055,19.026365485415916,18.0,18.624552791652974,25.229384046590884,19.924569380648393,19.92541444074959,20.000187794281942,19.999007090764167 
 06/28  24:00:00,18.91429242892592,18.927524572037655,18.923277383170348,18.979457185992068,18.0,18.57236616072501,25.219391501755528,19.91398608750694,19.91485593335119,19.983296979760667,19.982106984080303 
 06/29  00:05:00,18.856567127606308,18.869350860501562,18.864481462073513,18.918398649641528,18.0,18.49660718407193,25.208970641656983,19.870094964927148,19.87098752776194,19.93273445492696,19.931535811366984 
 06/29  00:10:00,18.793910277460995,18.806255836783098,18.800677952621427,18.85241417597444,18.0,18.416871343224123,25.196203688279056,19.82550613062034,19.826424408555056,19.882639193652665,19.881428939069167 
 06/29  00:15:00,18.7282824968981,18.740206388619747,18.733883791342095,18.783534321046748,18.0,18.33628933555986,25.183529120537123,19.7809910223599,19.78193513986355,19.83272487721854,19.8315027383984 
 06/29  00:20:00,18.660553477901033,18.672073917436926,18.66502472451631,18.71268688595682,18.0,18.248306396906028,25.170479353252194,19.736601850738452,19.73757224080896,19.78289878960709,19.781663866969325 
 06/29  00:25:00,18.59120539287233,18.602340502745864,18.594632199504023,18.640401028072173,18.0,18.159193895477035,25.157054213420537,19.692355141946962,19.69335233413858,19.733156563232058,19.731908056042755 
 06/29  00:30:00,18.52051970087013,18.53128523409871,18.5238864432475,18.56699359580402,18.0,18.064489859570184,25.14331755961518,19.648280489465037,19.649305164327075,19.651991458725433,19.68226506372332 
 06/29  00:35:00,18.44869428186285,18.458143172485034,18.451812162100286,18.49265557892594,18.0,17.968413647785553,25.129157247522272,19.60431886885766,19.6336599097462,19.605848479628435,19.632677385836985 
 06/29  00:40:00,18.375675236334423,18.384382660316245,18.378602377521094,18.41750222435835,18.0,17.86724038991521,25.114943488657776,19.56066071921134,19.584439679059642,19.561856642688554,19.58334580226108 
 06/29  00:45:00,18.301590511009273,18.309777151209868,18.304344799119864,18.34161200447676,18.0,17.764434875647492,25.10039812485346,19.517142304711683,19.53535166292437,19.51830849143164,19.53410877701259 
 06/29  00:50:00,18.22643676428285,18.234353583187982,18.229042244562017,18.26492392601669,18.0,17.65638344944749,25.085628887315753,19.473839981281344,19.486336283177536,19.47502542185981,19.48505372044042 
 06/29  00:55:00,18.150192984555392,18.158115036888777,18.15266983929537,18.18749559599796,18.0,17.54640093783909,25.070649429556486,19.43075685123972,19.437501863154807,19.431969895570433,19.436195437248557 
 06/29  01:00:00,18.072821433585382,18.081047010631483,18.07518619171941,18.109306405745595,18.0,17.430586758963926,25.055483561757267,19.387907017019756,19.388892001049612,19.389149665892432,19.387563478000402 
 06/29  01:05:00,17.93472157364941,17.94277395977029,17.936968921828356,17.969747008949188,18.0,17.248159576164873,25.04014089545771,19.207944614238045,19.209688978221948,19.209194698846318,19.208355524051854 
 06/29  01:10:00,17.77178225607496,17.779502425120867,17.773906289065994,17.80522521224255,18.0,17.0473642530833,25.022508594647153,19.020685109038993,19.0234914880715,19.0219758521597,19.022121383472154 
 06/29  01:15:00,17.59306614196428,17.60040441337106,17.59507634525577,17.624886670741013,18.0,16.846548404295444,25.00444375235001,18.832140281904003,18.83604807492941,18.833467207826686,18.83464516012492 
 06/29  01:20:00,17.40326549152977,17.410168170790808,17.40516822866643,17.43344025602455,18.0,16.620210725164593,24.985690622863,18.64313641692081,18.64814473787385,18.644498667226117,18.64670951281778 
 06/29  01:25:00,17.205385044885464,17.211795845163945,17.20718658767581,17.233897361557986,18.0,16.39396064697164,24.966239418339843,18.453822440917577,18.459923084442266,18.455219594242863,18.458455650258657 
 06/29  01:30:00,17.001477970610097,17.007333087776967,17.00318399407505,17.028305755456255,18.0,16.151879474040022,24.94615930425134,18.264267251379238,18.271450406651866,18.26569912010433,18.26995064665425 
 06/29  01:35:00,16.793010614618712,16.798231347138742,16.79462391271002,16.818108413835674,18.0,15.909995027100056,24.925444185000135,18.07447825545387,18.08273293389027,18.075944512635147,18.081200885290286 
 06/29  01:40:00,16.580989448606022,16.58554793582455,16.58252984446821,16.604369702579735,18.0,15.657968767271083,24.904158936632843,17.884495164109694,17.893809950398122,17.88599565116482,17.8922454940261 
 06/29  01:45:00,16.366122787843377,16.36989369312236,16.367583617499935,16.387790498181488,18.0,15.406204173845612,24.88229499674481,17.69431683767033,17.70467939906962,17.69585126183938,17.70308256341889 
 06/29  01:50:00,16.14906286542223,16.15196503486901,16.15044991590572,16.168921361729858,18.0,15.147913104896865,24.859910971055527,17.50397600371855,17.515373738515564,17.505544236860942,17.513744397891287 
 06/29  01:55:00,15.930249384530219,15.932193312733009,15.931567582987222,15.948253131869356,18.0,14.889923365372125,24.836995611933368,17.313467742782564,17.3258871987278,17.315069536336352,17.32422536043657 
 06/29  02:00:00,15.710020957446735,15.710912325602369,15.711274786946978,15.726119707094439,18.0,14.62776985161491,24.81360156730871,17.12281973416708,17.13624728537485,17.12445500039837,17.134552805283647 
 06/29  02:05:00,15.579626412815744,15.57928359589854,15.58082117620396,15.59368607171513,18.0,14.497403678388547,24.789714542177673,17.104257952166563,17.118219257460396,17.105934693659265,17.11648546488874 
 06/29  02:10:00,15.484185243823946,15.4827497218429,15.485325653237654,15.496396115305846,18.0,14.392031934570475,24.767520701939752,17.090946232259398,17.105323247792285,17.092621237908986,17.103594164662127 
 06/29  02:15:00,15.410380563999734,15.40802812682205,15.41147065185096,15.420961616491875,18.0,14.286664500270302,24.74563973212366,17.07989992422756,17.094667351107717,17.0815760693705,17.092939584961528 
 06/29  02:20:00,15.351490039795081,15.348391866154609,15.3525334011735,15.36065198312885,18.0,14.223814166968822,24.72404905452599,17.069861425113345,17.08500871127046,17.071540554697435,17.083280277395374 
 06/29  02:25:00,15.303299370949503,15.299610924008995,15.304299260612385,15.311234241214626,18.0,14.16103888139308,24.702738731343782,17.060313659520602,17.075836584742206,17.06199663916027,17.074106511168225 
 06/29  02:30:00,15.262995586662393,15.258853677990707,15.263954977974349,15.26987422621645,18.0,14.124360685690547,24.681663977389775,17.051021862076993,17.066918573328167,17.052709085936385,17.065186368813215 
 06/29  02:35:00,15.228636746651608,15.224159957299811,15.22955837251495,15.234609536065767,18.0,14.08773774951906,24.660812154362937,17.041891470489645,17.05816150768044,17.043583250600932,17.05642677209272 
 06/29  02:40:00,15.198847887230706,15.194138314903707,15.19973426974526,15.20404673728547,18.0,14.068026822871175,24.640142468175153,17.03286357448559,17.049506612297705,17.034560097898236,17.0477690807395 
 06/29  02:45:00,15.172634781894832,15.167780181927336,15.17348825459926,15.177175471796092,18.0,14.04835386611795,24.619643317770993,17.023916147013438,17.04093219771903,17.025617617150715,17.039191591702775 
 06/29  02:50:00,15.149265252126165,15.144341153099173,15.15008797737057,15.153249706875126,18.0,14.039957611236739,24.59928247314018,17.015025233783945,17.03241407730087,17.016731772155822,17.030670203513694 
 06/29  02:55:00,15.128191240819806,15.123262861930284,15.128985223968195,15.131709583449505,18.0,14.031585196311413,24.579049984552835,17.006182885936255,17.023944398882577,17.007894616121348,17.022197062019814 
 06/29  03:00:00,15.108996396415533,15.104120311504829,15.109763497981255,15.11212872626523,18.0,14.030908154337409,24.55892246248841,16.99737582261713,17.01550965541344,16.99909279681617,17.01375873367192 
 06/29  03:05:00,15.19820379559302,15.193096178749206,15.19894734699302,15.200695789179115,18.0,14.14947880655082,24.53889192895009,17.19584149982211,17.21161431994983,17.197573948614945,17.20985211995435 
 06/29  03:10:00,15.33044075571752,15.325480747707802,15.331163099837788,15.3326970961358,18.0,14.297949162035769,24.5218061868606,17.40602851902048,17.418782559068177,17.407727046871514,17.417058033427566 
 06/29  03:15:00,15.489719234875562,15.485322175546333,15.490422287367617,15.492177733835298,18.0,14.44551412596593,24.50566254411322,17.628282134462324,17.627894298045817,17.62995485932231,17.62620159788844 
 06/29  03:20:00,15.667941260914025,15.66447643158621,15.668626666811045,15.670991488316272,18.0,14.636888831851982,24.490543580691174,17.832342845727567,17.83761245149833,17.833988511934308,17.835951282105043 
 06/29  03:25:00,15.86002091537046,15.857793839840038,15.860690116291929,15.863986933146938,18.0,14.827932024528097,24.476603414810725,18.044167363790166,18.04779846355075,18.045782143849465,18.046168465685128 
 06/29  03:30:00,16.062555130581565,16.061807081964215,16.06320940466922,16.067695289618154,18.0,15.046770769993467,24.46359502730568,18.25725821801234,18.258255033389958,18.25884392818574,18.256656955565234 
 06/29  03:35:00,16.273186658820666,16.27410018227646,16.27382714667844,16.279699338499906,18.0,15.26555468286085,24.451522091447742,18.47072181535566,18.468985132373177,18.472278258775304,18.467419307682974 
 06/29  03:40:00,16.49023938436481,16.49294554046463,16.490867106462943,16.49827040376133,18.0,15.503290686804114,24.440266742782427,18.684348374167655,18.679920239386433,18.685874701582293,18.678387363835782 
 06/29  03:45:00,16.712495291386123,16.717080840949958,16.713111160248495,16.722145226552865,18.0,15.741165464780039,24.429834565923525,18.89812350063528,18.891068872927008,18.899619052476964,18.88956942716436 
 06/29  03:50:00,16.939052489210894,16.945566338929623,16.93965731859234,16.950383224946698,18.0,15.992652667886473,24.420116396009703,19.111986561594676,19.102374743242876,19.113450300327486,19.100909579600284 
 06/29  03:55:00,17.169232048029258,17.177690766459193,17.169826560509087,17.182272380151026,18.0,16.244423921316653,24.411148494959768,19.32595289211497,19.313855080693656,19.32738405833061,19.3124247726783 
 06/29  04:00:00,17.40251532397395,17.412907748860665,17.403100157814606,17.417265637741444,18.0,16.506483327196197,24.402845793743076,19.53996742496514,19.52545655495544,19.541364947882983,19.52406198146889 
 06/29  04:05:00,17.611280838833036,17.62223685024045,17.611853618106235,17.626366708629494,18.0,16.731552867565956,24.395219454434926,19.68070877510172,19.667907258319758,19.682059812701596,19.666557753929283 
 06/29  04:10:00,17.811177185463368,17.82220347434298,17.811737245408995,17.82611055889761,18.0,16.955421234675015,24.387300324018724,19.818723932796843,19.807605423185123,19.820046706640824,19.806284060299504 
 06/29  04:15:00,18.00592600805639,18.01672908034311,18.006473098576766,18.01628039229658,18.0,17.178999707684,24.379724175536943,19.956694623262706,19.947177236036623,19.957985986157837,19.956092378739527 
 06/29  04:20:00,18.201133501853818,18.20775691024212,18.197910578647495,18.205845765439886,18.0,17.394216271925778,24.37247093204644,20.086283922052417,20.086996101756824,20.096264794988656,20.09488607670164 
 06/29  04:25:00,18.54954921064031,18.54155749421612,18.511418090107046,18.51813212731352,18.0,17.766223981515633,24.365536346805122,20.307249007704172,20.301720293594883,20.299177823579498,20.29795782166252 
 06/29  04:30:00,18.77973932200847,18.778438672170566,18.762011163138187,18.76783229093885,18.0,18.0253822095323,24.365220607607036,20.438151253277283,20.439259792074665,20.44622402483668,20.44508216768662 
 06/29  04:35:00,19.017407842042452,19.01643078832895,19.00292002955144,19.008055185202316,18.0,18.291414048259504,24.360948458835146,20.58936826130804,20.590044479742346,20.595178043296016,20.59411614619819 
 06/29  04:40:00,19.25312890683223,19.251298932398697,19.238713470238608,19.243303362362553,18.0,18.548952865839492,24.357159716975488,20.740952709843214,20.74116891687055,20.744592259309798,20.74358900466973 
 06/29  04:45:00,19.48716847972526,19.48391306118926,19.471399820264697,19.475543935584938,18.0,18.80597124952742,24.35381706081718,20.892940915897725,20.892652845178304,20.89442219721684,20.893449577527747 
 06/29  04:50:00,19.720137091685274,19.715046686062617,19.70211032115071,19.7058812618488,18.0,19.05976315693092,24.350855010592895,21.045276196359282,21.044445519869782,21.044628903656076,21.043667452171974 
 06/29  04:55:00,19.952454234665435,19.945199588930105,19.931533660649457,19.934985911495374,18.0,19.31308901590608,24.348325460176806,21.19799293477979,21.19658287724411,21.195272716644922,21.194345842294183 
 06/29  05:00:00,20.184389993152053,20.17469066986455,20.1601047679062,20.163280277272683,18.0,19.564184322707774,24.346179357302226,21.351052665906536,21.349026418748565,21.346326596759752,21.345434756156237 
 06/29  05:05:00,20.26998201516568,20.257597456027028,20.242080300111102,20.245007363690185,18.0,19.65339286278032,24.34445954326196,21.230806134643444,21.228150700600906,21.222442088779985,21.221593129242308 
 06/29  05:10:00,20.295604505414474,20.280339648628466,20.263152504328254,20.265852598759945,18.0,19.70052807106592,24.349394491459915,21.093894982582242,21.09065241095584,21.081623238958343,21.080741728124792 
 06/29  05:15:00,20.282357109660577,20.2640584589577,20.24442424057145,20.24691341844356,18.0,19.74227493649499,24.346439553852623,20.95320675551625,20.949331192669547,20.93671004518052,20.935813601615678 
 06/29  05:20:00,20.24131878594631,20.21983441273268,20.197013216150623,20.19930979818565,18.0,19.720623838056483,24.342773806660343,20.811155903981614,20.806617626149773,20.79015157334868,20.789241081140915 
 06/29  05:25:00,20.174782818326378,20.15491366731691,20.128243462866326,20.134922561244473,18.0,19.6962515289225,24.337724244083088,20.65289616893233,20.662662391021684,20.642116082606663,20.65605710425757 
 06/29  05:30:00,20.093472496712344,20.074273584364445,20.043175231979763,20.053553711421635,18.0,19.632032593161803,24.3321355169751,20.504093302628462,20.51777642244633,20.492924342113156,20.511412435578904 
 06/29  05:35:00,20.096942410636267,20.07987990682488,20.042649092896333,20.058313728841974,18.0,19.68258931255109,24.325927883839096,20.40223518094831,20.420751697849482,20.39022063642426,20.414278451544646 
 06/29  05:40:00,20.127043634178648,20.113806104137048,20.068708303703925,20.09143234727786,18.0,19.72859963913466,24.324481754428827,20.300375783035975,20.3240708132289,20.287440463699,20.317478659091194 
 06/29  05:45:00,20.170441409632218,20.16282170618752,20.10807657730561,20.139724380404783,18.0,19.77123612168885,24.323724587888425,20.197103328215064,20.226463169358112,20.18325483516105,20.219784649302653 
 06/29  05:50:00,20.224965889988763,20.221529982490736,20.153676377714568,20.196137582214995,18.0,19.82910799205295,24.323473330177656,20.09444505660872,20.128404953333472,20.07734288791397,20.120869145566587 
 06/29  05:55:00,20.32931729994152,20.294885652887242,20.19467493080566,20.249694593353503,18.0,19.883423095795745,24.323608101847277,20.01194694315177,20.034060612870576,19.96660717285215,20.01749721064641 
 06/29  06:00:00,20.4448744178926,20.370415562898014,20.23320818582811,20.30251451274433,18.0,19.941392937464983,24.324391515084073,19.92485869057981,19.936984993901888,19.85453150825731,19.91326808933684 
 06/29  06:05:00,20.720036267684208,20.589901542232983,20.42031681830964,20.497862464330314,18.0,20.170341309956676,24.32542455110694,20.094049563776423,20.08996659749164,19.99798633562341,20.059658645672073 
 06/29  06:10:00,21.056514044360256,20.86276662369124,20.661969199917998,20.746815345302743,18.0,20.436543806371425,24.333365024531002,20.241909547464388,20.21705755920152,20.119316979233986,20.1807668154853 
 06/29  06:15:00,21.429425413944745,21.166724103933248,20.936119554552267,21.028165859024718,18.0,20.703081168971206,24.263062562187812,20.392949638944515,20.34625790082987,20.24356520177969,20.30474450027623 
 06/29  06:20:00,21.82582344784495,21.490399351294972,21.231861006932185,21.331265196505573,18.0,21.024948469822185,24.183349509106286,20.55577693358805,20.485891670738965,20.378409134214508,20.43973700778099 
 06/29  06:25:00,22.237517553016566,21.826687534688396,21.542485665383175,21.6494863289066,18.0,21.347321774197283,24.111619029083872,20.724221516413024,20.63445817677473,20.52316602540793,20.5849734767296 
 06/29  06:30:00,22.65903455600209,22.17089997819345,21.863599606263744,21.978441734050488,18.0,21.702782333053268,24.049974250383944,20.891855519588148,20.782221111180206,20.669561016957687,20.731168222760004 
 06/29  06:35:00,23.08442472516015,22.520077093014052,22.193062850274643,22.315983921208517,18.0,22.0588882215054,23.99714273051861,21.059892787152762,20.931149867485033,20.817505941002878,20.879252762121098 
 06/29  06:40:00,23.512441445296833,22.871945075138814,22.52823925504278,22.659433969140807,18.0,22.436004996572223,23.952233968777957,21.229190410552405,21.081394581967174,20.96728232609445,21.02929257220012 
 06/29  06:45:00,23.94152485534923,23.224951307855235,22.86751301671338,23.00713442950293,18.0,22.813228135148883,23.913951640720484,21.399313498475294,21.23259848444593,21.11859478113007,21.180943728216164 
 06/29  06:50:00,24.370475454632437,23.5779989310673,23.209737530770024,23.357900133508874,18.0,23.204216754686453,23.881057352101827,21.569835196136978,21.38436719611059,21.271053118338386,21.333792011246146 
 06/29  06:55:00,24.79840153630357,23.930305357896795,23.554070252328646,23.710854475157717,18.0,23.595223051217495,23.852891108499556,21.7405927989538,21.5365664411255,21.424505060085664,21.48767504769137 
 06/29  07:00:00,25.224642119267525,24.28130992107242,23.899879689231682,24.065336733734597,18.0,23.99539658178593,23.828837120639076,21.911325597728933,21.688945916945443,21.57868350526553,21.642314204216575 
 06/29  07:05:00,25.61192955575561,24.602644301677852,24.21412344084654,24.39328151631423,18.0,24.35304958475471,23.807927743310575,22.065874258903023,21.831521330533178,21.7194734705742,21.787879921820036 
 06/29  07:10:00,25.981844608774406,24.91089557418368,24.51590369809107,24.710853744645185,18.0,24.705644003404725,23.86223150107582,22.207097152205392,21.960932210296846,21.847470572355633,21.920677499646786 
 06/29  07:15:00,26.339045752195286,25.209743788812677,24.809340916009333,25.02154588713425,18.0,25.05556600500342,23.874850203754523,22.337298559523106,22.079401357948996,21.965212221908473,22.043049791231056 
 06/29  07:20:00,26.685778081872975,25.500990253457033,25.096378927591047,25.32700646695065,18.0,25.392515993051525,23.886344619086948,22.465604937908893,22.19646993419542,22.081909126309483,22.16445987739945 
 06/29  07:25:00,27.023426837017862,25.785757334096406,25.378182229581633,25.62822173191761,18.0,25.726926895497304,23.896980918710618,22.5921721135976,22.312219505258668,22.197661875779318,22.284972066030946 
 06/29  07:30:00,27.352919708007143,26.06480198446367,25.655501000862362,25.925824738895226,18.0,26.051460503769135,23.906901575483154,22.717109805450093,22.42674047599951,22.312540793933636,22.404654494130966 
 06/29  07:35:00,27.630296987929192,26.311458383581698,25.903139608498556,26.193815353184554,18.0,26.337517979384998,23.916560791894963,22.819940151875187,22.527084775768117,22.414714966663666,22.510981592399958 
 06/29  07:40:00,27.886591184747676,26.544392418372748,26.138428706216157,26.449664169053097,18.0,26.608667891743536,23.92462251954478,22.921656996496836,22.62658385636621,22.51601141915637,22.61650059591966 
 06/29  07:45:00,28.12916877837007,26.76817592265039,26.365536565452768,26.52034853757927,18.0,26.878066100975502,23.932496798289733,23.022879122878805,22.72573491346168,22.61696770036417,22.62558663211405 
 06/29  07:50:00,28.59855407031736,26.98787271627421,26.58921037486587,26.68967951380361,18.0,27.130228898597505,23.940060406293835,23.24613613664411,22.825725790981437,22.71869817449226,22.719751734358 
 06/29  07:55:00,28.91972125834921,27.21379377385217,26.819295870159216,26.876475501176078,18.0,27.380824351052937,23.948243252796093,23.35829363237042,22.93054137985439,22.824997270196718,22.819212875477774 
 06/29  08:00:00,29.204931469460334,27.43995981808985,27.0497998155868,27.069789817092953,18.0,27.619857035591007,23.956700961449624,23.464566474089395,23.035156637064006,22.93120135228446,22.9194431209188 
 06/29  08:05:00,29.5169256061114,27.709734527530944,27.32887006489881,27.315121080365955,18.0,27.917063172138953,23.965473744629307,23.729868801600105,23.300557275398205,23.199951518425053,23.18215282385904 
 06/29  08:10:00,29.832499066460244,27.99443646709232,27.624425011562924,27.578847893961438,18.0,28.218077017415162,24.225649585097475,23.972316962234913,23.542206556038536,23.4429914484208,23.419059764208953 
 06/29  08:15:00,30.148618426585838,28.287530373684703,27.92926522298471,27.852899988806982,18.0,28.51853644190259,24.342546069136173,24.180874312236824,23.749983629070243,23.64858127804081,23.618644930172763 
 06/29  08:20:00,30.464231534567336,28.58582136906831,28.239925522080657,28.1332871261768,18.0,28.83090982040062,24.448458747016957,24.38460518031411,23.953320106592514,23.854656572077943,23.818452030847993 
 06/29  08:25:00,30.778762109694167,28.887379639656793,28.554338686824817,28.417615315963058,18.0,29.14271737363041,24.542772117761366,24.583649096178988,24.152282718647143,24.057229838483806,24.01462231668296 
 06/29  08:30:00,31.091850589803276,29.19096901879144,28.871194875012648,28.704366631387547,18.0,29.46032699278524,24.62852886906493,24.77909020857919,24.347940615222626,24.256889345260618,24.207750862386888 
 06/29  08:35:00,31.466563761413592,29.46142189372035,29.170210917938945,28.959432885034712,18.0,29.787942423131295,24.707516865014284,25.001099112357906,24.52497029810695,24.442604498591095,24.383504048439477 
 06/29  08:40:00,31.858876640717444,29.720928523417168,29.46692777679337,29.20445140018958,18.0,30.122725497783037,24.780347692963446,25.220018385435083,24.700100187061366,24.62810865522124,24.557337624697425 
 06/29  08:45:00,32.258382528092525,29.97425116474803,29.7648225124056,29.4439393719315,18.0,30.459214969136482,24.848615544023396,25.43591502921049,24.873784983283485,24.814018908498156,24.72982329849532 
 06/29  08:50:00,33.20295484737715,30.108909700042947,30.081362791073033,29.569537270603536,18.0,30.80330805466463,24.913447732994843,25.91032198651078,24.993724271288556,25.008136710708413,24.852497561047016 
 06/29  08:55:00,33.77065164502268,30.31180714794191,30.396667673249464,29.762319969227583,18.0,31.148903105364788,24.978098592862136,26.105002375309596,25.1640917112868,25.199208589505986,25.021464781491318 
 06/29  09:00:00,34.25046888079465,30.52811298127712,30.715522102276182,29.96826212468616,18.0,31.50060393753751,25.037851004028877,26.30388124961644,25.333534491626438,25.390742203402283,25.190064975306313 
 06/29  09:05:00,34.64823528459227,30.7093684068747,31.00531336365569,30.144476856784383,18.0,31.821834030661947,25.09493378102606,26.411870778795787,25.409986406257758,25.496980347770716,25.270638184170366 
 06/29  09:10:00,35.00263541612115,30.87988300322978,31.28905959616651,30.31220975865132,18.0,32.14403956324238,25.124870495127812,26.514721995452078,25.483034735659487,25.60080212521416,25.34691733359523 
 06/29  09:15:00,35.32651495712521,31.044285160683163,31.57179620202845,30.475343433213883,18.0,32.46918932214722,25.165160065692717,26.617567628023096,25.557880029744013,25.707987833773245,25.424701982278748 
 06/29  09:20:00,35.62666789736732,31.204683528468518,31.855854241891667,30.635585946304168,18.0,32.79248569057005,25.205233519852765,26.717303423051078,25.631626236223326,25.815876640736292,25.501442455143547 
 06/29  09:25:00,35.90703612580558,31.362339159581317,32.14253956575655,30.79393675822405,18.0,33.11854297592697,25.241901905735293,26.814064269313405,25.704463932508247,25.924578157368103,25.577308110947 
 06/29  09:30:00,36.626254211568245,31.435394462045043,32.54797631549476,30.87124953990748,18.0,33.44695328546933,25.27661776819405,27.123781753707135,25.73911554990343,26.086131930439706,25.61759906286204 
 06/29  09:35:00,37.200235949955314,31.662576852643266,33.02072287820663,31.098561967873014,18.0,33.95120990131391,25.314224431580293,27.29238935244598,25.8596241815971,26.26189626649898,25.737459140432065 
 06/29  09:40:00,37.74598743869937,31.934396051420713,33.52898792510929,31.368545234511856,18.0,34.4933111874861,25.353478686534267,27.459949619715758,25.980330604061578,26.44010808857854,25.85831924569476 
 06/29  09:45:00,38.27034575437568,32.22979733092773,34.06171444160617,31.660842233530595,18.0,35.03885023446998,25.39240747345944,27.62166822895381,26.100205959167738,26.619909543696508,25.97851325212571 
 06/29  09:50:00,38.7726400775459,32.539277302718865,34.612621264045515,31.96643794455062,18.0,35.64147276396281,25.43099212702412,27.77696307211329,26.219157991661973,26.80115147934191,26.097911365215452 
 06/29  09:55:00,39.25153451437811,32.85724802225648,35.17765732543891,32.280112752471574,18.0,36.24748298822517,25.46919089761806,27.925435008072895,26.337160528736433,26.983679200939434,26.21647971005143 
 06/29  10:00:00,39.705702462549716,33.18017462945665,35.75403734869045,32.598607766040274,18.0,36.89013775554192,25.50700024469979,28.06669303704831,26.454211769816084,27.167348790416327,26.33421174909023 
 06/29  10:05:00,40.21115646831757,33.571192549715256,36.42635643304411,32.99614930917137,18.0,37.66151279937281,25.544398616536412,28.289758217729286,26.655111649573087,27.45529806261868,26.539434579890894 
 06/29  10:10:00,40.71629613342378,33.9868489385635,37.1380175026157,33.42216173714519,18.0,38.488460583416945,25.576937758013994,28.511563031226046,26.861796062837698,27.74311426122904,26.751647680647068 
 06/29  10:15:00,41.209730602907705,34.41707656452226,37.87664693123056,33.865367124932064,18.0,39.32448834117343,25.613902655755805,28.72647332687137,27.069176174573954,28.03318665472517,26.964837070001806 
 06/29  10:20:00,41.685541284465685,34.85681768619613,38.63607303038038,34.3202733315589,18.0,40.22798446961464,25.65070160873678,28.932443655269026,27.275740697826564,28.324733437770135,27.177405798479754 
 06/29  10:25:00,42.13985428954208,35.302954967491445,39.412394936064686,34.78356050653088,18.0,41.1409209020395,25.68737061350829,29.128860515510837,27.481454346943792,28.617674783309326,27.389276461562986 
 06/29  10:30:00,42.56990654384443,35.75344904856223,40.20291604957221,35.2530852477655,18.0,42.106295272442615,25.723840197233855,29.315127307051853,27.686292274323023,28.91187037105442,27.600408352926934 
 06/29  10:35:00,42.34056228688865,35.90568756648059,40.412754669235525,35.431865609097564,18.0,42.24325679836171,25.760094510298885,29.184568911903625,27.746509414236016,28.919100204446522,27.672693491938787 
 06/29  10:40:00,41.909813284802254,35.950690062345735,40.42248633640734,35.507377424899104,18.0,42.251542076483645,25.774552610550547,29.054675759552083,27.797136767900497,28.91923736574779,27.734187498014762 
 06/29  10:45:00,41.373310290718806,35.92837932896927,40.30756309487552,35.51812894768682,18.0,42.25497799827532,25.78577071934105,28.930703219469933,27.843528726696377,28.911199001174396,27.790708994937006 
 06/29  10:50:00,40.77721352968796,35.857600602816795,40.10288035333408,35.48191522853067,18.0,42.0102696504706,25.794129812745695,28.813445288640196,27.885675783060265,28.894402470300292,27.842261270668587 
 06/29  10:55:00,40.149035443054224,35.74948494743776,39.82873664029518,35.409058637854535,18.0,41.7587181602292,25.79975655091063,28.703468995906633,27.923433479663117,28.868704231389756,27.88867031943778 
 06/29  11:00:00,39.506265244074,35.61101742770224,39.49772797101954,35.30591315161844,18.0,41.34663938499752,25.803297629829228,28.601622658257554,27.956957957741793,28.83433224779054,27.930047146863558 
 06/29  11:05:00,38.6213440320767,35.230629153798,38.828044064980524,34.92685763294047,18.0,40.52452109517777,25.804830238290535,28.230538162747223,27.714757793381978,28.494653880303872,27.68508604178919 
 06/29  11:10:00,37.62512657869434,34.908002595403744,37.84305140106867,34.592907075997296,18.0,39.53308001481943,25.806663188737488,27.836652130807806,27.527406297852224,28.03712758176175,27.491398611016393 
 06/29  11:15:00,36.649740895125284,34.41498613568146,36.8985405430429,34.084651576319445,18.0,38.554148904119685,25.802483057661654,27.48341562426276,27.257233017357123,27.67285708626696,27.217616212752432 
 06/29  11:20:00,35.681927137205726,33.853671822724216,35.92599584494141,33.5066319812584,18.0,37.40280822947397,25.795894022648685,27.143278945388317,26.984602973114193,27.308038265885386,26.941426909461484 
 06/29  11:25:00,34.72927712374415,33.24799924469686,34.92903709770007,32.88468563630037,18.0,36.26699247207304,25.78707749705894,26.815745654736133,26.70994921090312,26.942977610486082,26.66362359103067 
 06/29  11:30:00,33.869433175844755,32.76055437757333,33.81554923004765,32.3790030799085,18.0,35.044923648572464,25.777005796688602,26.534067839085083,26.504827259507238,26.532289452751343,26.45219893414628 
 06/29  11:35:00,33.230292874538826,32.3378113609175,33.090483594689296,31.936584606270966,18.0,34.27320483994694,25.768698490227212,26.337931489046753,26.316595354495405,26.340798542582036,26.25698434717617 
 06/29  11:40:00,32.67600780614995,31.942464074069697,32.48538690916246,31.520867925482527,18.0,33.54050801552219,25.767725791748948,26.14468289753745,26.12978425403304,26.142624526559416,26.062929330325233 
 06/29  11:45:00,32.17338281228874,31.563184383631686,31.947205944987786,31.120957615702288,18.0,32.81679130372721,25.76716352309424,25.951691863838846,25.94221837438033,25.94255064108586,25.86787740589449 
 06/29  11:50:00,31.70566570110179,31.194063561883894,31.451825584982927,30.731272876989475,18.0,32.200999570784276,25.766902736316183,25.758866278989615,25.75395053554871,25.74145046192507,25.671870017127844 
 06/29  11:55:00,31.263136211612636,30.831598289264736,30.985256035561992,30.34900012470056,18.0,31.592323442849676,25.766836705300793,25.56634082645803,25.56501130252252,25.53950107403068,25.475111722054123 
 06/29  12:00:00,30.847013817948483,30.47362219464248,30.53883370804173,29.979617662092025,18.0,31.047788580055702,25.766817889817087,25.376604930277608,25.375385762602548,25.33672763161485,25.280257486322057 
 06/29  12:05:00,30.43203047615583,30.102513262540683,30.11631197997173,29.619999206998447,18.0,30.549124850565114,25.766884002196907,25.089017147369532,25.08784926459157,25.044219808758953,24.994786133842695 
 06/29  12:10:00,30.021524495320048,29.726861583027336,29.70510827569537,29.263173883417704,18.0,30.092495958785243,25.749572426816023,24.811614553490813,24.81049610099825,24.763690898027676,24.720889850848835 
 06/29  12:15:00,29.614284539020026,29.34803594295371,29.300717202622174,28.90671314312767,18.0,29.634007358136557,25.74586311322365,24.537073218199794,24.5360144883457,24.486241894049158,24.449800379226758 
 06/29  12:20:00,29.209158007452224,28.966546917916183,28.900499682617113,28.549236446162794,18.0,29.206435729231977,25.74193482544972,24.262596012239555,24.261593831940672,24.209137802051714,24.17871757866078 
 06/29  12:25:00,28.80526654314359,28.582658164383176,28.50273949482989,28.189863855509554,18.0,28.77736015254791,25.738018581139414,23.988266812963275,23.98732176474732,23.93246335765184,23.90765379437846 
 06/29  12:30:00,28.401950093007596,28.196518820716527,28.10627795730776,27.8280073929336,18.0,28.364775535533017,25.734005104580177,23.714064296422293,23.713177231174313,23.65621286406406,23.63654651777074 
 06/29  12:35:00,28.108510363579146,27.918069089284426,27.835425334385857,27.579548905849713,18.0,28.10283469585167,25.72976359674169,23.49360141623771,23.49274037940137,23.44032370967659,23.42037735267388 
 06/29  12:40:00,27.854878629660515,27.677692065024974,27.609378920540532,27.37228463151123,18.0,27.881672995203566,25.731162341813192,23.275205700919344,23.27435108169152,23.227181650795842,23.207813991898263 
 06/29  12:45:00,27.625490738897422,27.460125089689615,27.4104849532919,27.190927117728823,18.0,27.66202531548057,25.733138709952446,23.057777494371123,23.056928705482505,23.01562347783056,22.997713891238902 
 06/29  12:50:00,27.412804725272544,27.25806251343773,27.230336967277722,27.02840747200717,18.0,27.49757786735735,25.735640211358792,22.841364793273783,22.840522147789102,22.805688267705364,22.790157256796363 
 06/29  12:55:00,27.21226060518489,27.06713016334398,27.06391915958967,26.880625139919335,18.0,27.33550846289329,25.738524379938806,22.62595516895584,22.62511928639617,22.597363683650713,22.585164665631623 
 06/29  13:00:00,27.020918877755168,26.747749910672994,26.908030869081163,26.745058303837077,18.0,27.209596731021357,25.74171054983807,22.41155489295147,22.32435648093059,22.39065446394426,22.39357892916746 
 06/29  13:05:00,27.00460143094661,26.71746225690843,27.059937858894248,26.806656831220447,18.0,27.32357634582379,25.744828944587525,22.47525584610105,22.40020693836692,22.545239582335626,22.47234593143554 
 06/29  13:10:00,27.055443394508046,26.78160725833013,27.18795681659287,26.94531586201203,18.0,27.515255729408434,25.772702851974874,22.541493560256868,22.482384948661547,22.620787174659313,22.56574905652701 
 06/29  13:15:00,27.149440198575046,26.902896822559864,27.3382900576061,27.135180757785477,18.0,27.713555116711927,25.783212648348588,22.607290717461865,22.56557344946816,22.69260186876437,22.662341090023688 
 06/29  13:20:00,27.275037908038982,27.064752152723024,27.509924447391366,27.364163630316558,18.0,28.02065507473859,25.794126774727975,22.676078744922847,22.652668206865428,22.7667800610638,22.764292109643748 
 06/29  13:25:00,27.425376602040064,27.25749391417065,27.699984834326777,27.625166934180147,18.0,28.337753717392953,25.80493149685095,22.747574669389337,22.743213857077535,22.843529436810513,22.87109357218594 
 06/29  13:30:00,27.59617305819976,27.4749374444309,27.90635417271676,27.913675434577943,18.0,28.739454627213053,25.81580832808101,22.822046338684743,22.837285171716587,22.92317953905399,22.982861431552465 
 06/29  13:35:00,27.713697474620833,27.641345521814905,28.041717704831367,28.132972522731016,18.0,29.03558251106887,25.826695148870176,22.862936634090488,22.897604961366483,22.961376601504753,23.050457170321806 
 06/29  13:40:00,27.819666730573918,27.79665046840794,28.158148685760978,28.33482998930745,18.0,29.375173633619447,25.834034461221503,22.905741595220206,22.959334637106394,23.001554902822704,23.119448125960787 
 06/29  13:45:00,27.922419141912528,27.94739860073929,28.266625769012208,28.528224599855044,18.0,29.721168067528378,25.840728459477603,22.951275980709624,23.022698423596864,23.044403798731707,23.189905280796836 
 06/29  13:50:00,28.025806333626683,28.09542846838965,28.372390343166327,28.716076328783217,18.0,30.079198695667486,25.8470257251056,22.99990989107698,23.087278215542483,23.090299584659306,23.261387265787107 
 06/29  13:55:00,28.132106963807104,28.240613648971998,28.47858874897253,28.898811102110535,18.0,30.438428770538444,25.85287924065649,23.051915378847355,23.15221509761693,23.13951258185034,23.332990382875096 
 06/29  14:00:00,28.242696755882555,28.381379339182494,28.587160102922034,29.075093012066283,18.0,30.806666442901978,25.858460646853153,23.10771880184882,23.216330033935606,23.192465048955114,23.403464464217393 
 06/29  14:05:00,28.258843768235803,28.41549471222826,28.595583998895876,29.13448405009865,18.0,30.88030359431891,25.863414094721932,23.112215967398754,23.214396506499497,23.191496131564463,23.40260705542437 
 06/29  14:10:00,28.241572004615,28.406536996304283,28.568077760687597,29.145832277948116,18.0,30.89270724348635,25.85855244907851,23.12483065549327,23.219118710407315,23.19923458900223,23.40774565047792 
 06/29  14:15:00,28.205234452161363,28.369999708466715,28.519880381699092,29.125833235496636,18.0,30.902560464184113,25.860520149581994,23.141510434206964,23.225908419664506,23.211084832710412,23.414596084434947 
 06/29  14:20:00,28.15735352572647,28.31454587800457,28.45904141954879,29.08384145308514,18.0,30.799479988946995,25.86287010439059,23.16050669633057,23.233767076108506,23.225389499541507,23.42224757328927 
 06/29  14:25:00,28.10271890526673,28.24609693859266,28.390713761078587,29.02627152740926,18.0,30.699466790711405,25.86524915649396,23.181821154901627,23.243164041468333,23.242158317126155,23.431228606547506 
 06/29  14:30:00,28.04452796022661,28.168931173398594,28.318355665362223,28.957782840622507,18.0,30.528424917490753,25.867618476157176,23.205363406862432,23.254342547057036,23.261306973007777,23.4418325619431 
 06/29  14:35:00,28.068354610394533,28.170127350071656,28.335564198233865,28.9921349544271,18.0,30.487184904688824,25.869961302357048,23.278827274962623,23.314050414253813,23.33434958762723,23.514067506482775 
 06/29  14:40:00,28.121991405429767,28.19778634372204,28.38486504507807,29.06340538849507,18.0,30.427969183147386,25.87652547962273,23.350246501404342,23.37267778849082,23.405175274049157,23.586237400083974 
 06/29  14:45:00,28.19365449853129,28.240585126305074,28.453247339188767,29.15774545240211,18.0,30.371097411146668,25.883795729700946,23.42189041865305,23.43157461673576,23.476117035794346,23.659770377459097 
 06/29  14:50:00,28.277372265181306,28.292960479945453,28.534074297847848,29.268596852810163,18.0,30.332267744955168,25.8915923409588,23.494097007658183,23.491001109859553,23.547466916716076,23.7349894167171 
 06/29  14:55:00,28.369369968816212,28.351501577319226,28.623111224461912,29.39213263994933,18.0,30.295528125763052,25.899902132198758,23.566887840925745,23.55103130441148,23.619217687523474,23.812071028219748 
 06/29  15:00:00,28.42488002954949,28.413987680412795,28.71745719490416,29.526054485586666,18.0,30.27126527513124,25.908580321917317,23.613388432400143,23.611602719013717,23.69121842543302,23.891070701692 
 06/29  15:05:00,28.496025164618658,28.483535705452997,28.81274487286307,29.739363770745648,18.0,30.277910793809543,25.917583885681893,23.65678392919699,23.655503763541617,23.741892471981714,23.99444671604664 
 06/29  15:10:00,28.569682077499344,28.555714541871446,28.90833243725226,29.93912499645943,18.0,30.298524618987898,25.92676923191191,23.699592329046936,23.69839208925646,23.79110073938557,24.0710727580705 
 06/29  15:15:00,28.643796681376134,28.62891698861052,29.003147764451192,30.145728108289475,18.0,30.31934211617329,25.93616709058178,23.742057188929323,23.740852148130784,23.8394878617961,24.148573424546157 
 06/29  15:20:00,28.717456928261033,28.70213071218045,29.096244098703412,30.36123550846689,18.0,30.355024525605756,25.945760657765238,23.784193179836393,23.78297072741111,23.88709967676641,24.22799352071695 
 06/29  15:25:00,28.790063408180224,28.774636918939787,29.18677951550748,30.586413795833717,18.0,30.390737757391832,25.955577848134638,23.826002661902237,23.824761450043525,23.933878957022102,24.309738571596995 
 06/29  15:30:00,28.86117644359633,28.84589907147952,29.273972257497743,30.821988280734658,18.0,30.43543900955999,25.96555862115859,23.867436858733413,23.866177241914784,23.979693603160683,24.394052739964195 
 06/29  15:35:00,28.82022425011969,28.80526773862298,29.237928120336367,30.86607278661043,18.0,30.30928294274197,25.975727849042894,23.85548074382325,23.854226704822963,23.96671054078047,24.382613952531074 
 06/29  15:40:00,28.74039510144288,28.72587447349863,29.158534971330496,30.844142265175808,18.0,30.157540967890306,25.979517631972165,23.842590126225787,23.84136401910348,23.95311136027499,24.37054388263482 
 06/29  15:45:00,28.638494383850766,28.624486032287585,29.05415718785068,30.783622818838598,18.0,30.009003010202477,25.982508801743617,23.83063283336628,23.829436869946278,23.940349515156186,24.3590600444673 
 06/29  15:50:00,28.52288654077535,28.509438265021647,28.93395482654127,30.69793223989108,18.0,29.81586681533471,25.98477742122976,23.819612617803784,23.818447281361728,23.9284006585101,24.348092591539682 
 06/29  15:55:00,28.39870109866982,28.38583972170313,28.80354853951466,30.59525226298148,18.0,29.626530305841847,25.986392444404046,23.809460139723228,23.808325862293202,23.917209998683916,24.33757469124049 
 06/29  16:00:00,28.269274505880805,28.257011528132256,28.6665932108847,30.480900171685672,18.0,29.41600470394069,25.987494071449827,23.800186230861073,23.799083824157492,23.90546658414678,24.32754102742888 
 06/29  16:05:00,28.13473320665515,28.134204448452927,28.528236636336043,30.35295479688718,18.0,29.22427808073672,25.988126186851186,23.769732839993594,23.77342452552,23.874817085637744,24.294469831910305 
 06/29  16:10:00,27.99673358762013,28.012765603566194,28.38852012666071,30.21664047716093,18.0,29.024038545224506,25.99635718528852,23.73482770636565,23.743921598071154,23.840252826468372,24.256267091217296 
 06/29  16:15:00,27.856215921833826,27.89106472723194,28.24694929236891,30.07422771484293,18.0,28.824919460743253,25.997604788640057,23.698276720015656,23.71278251951219,23.80397657442205,24.216253083129004 
 06/29  16:20:00,27.71384175605838,27.76874466958158,28.103744194652492,29.927237709003983,18.0,28.62461280193843,25.99833735895465,23.66175648225851,23.68164928142005,23.76768226056106,24.176216813070027 
 06/29  16:25:00,27.570096293027067,27.64571194150261,27.95915890548758,29.776786324047578,18.0,28.425458338254163,25.998547791852747,23.625260738002225,23.65048632858418,23.731340558151146,24.136180319500852 
 06/29  16:30:00,27.425343086252344,27.521978030704858,27.81341979060343,29.623729148962443,18.0,28.226239394402814,25.998352111292835,23.588824851129743,23.61930843273774,23.694986539517345,24.0962181307861 
 06/29  16:35:00,27.2481018452534,27.363854421050046,27.633990971124984,29.415212210102062,18.0,27.985500517660174,25.997769107822933,23.53767640370802,23.572175187051585,23.642934587375862,24.030867037145583 
 06/29  16:40:00,27.059183879989448,27.19260461237725,27.44192739430229,29.18470292950996,18.0,27.737309882328038,25.995138991646215,23.48596449660522,23.524045934152298,23.590301506344076,23.964269031708568 
 06/29  16:45:00,26.86332311494038,27.012856373482418,27.24203264561305,28.939589804812066,18.0,27.490229308674927,25.99171150468762,23.434184631330368,23.475401796903952,23.537498349611496,23.896851165384817 
 06/29  16:50:00,26.66284600079809,26.826794738020535,27.03668604094799,28.68345950546194,18.0,27.232004155867518,25.987236326898092,23.382313381242056,23.426202210758845,23.484491289960488,23.828572485052973 
 06/29  16:55:00,26.45917293070153,26.635699527922124,26.827351389847372,28.41847039699777,18.0,26.97493171340206,25.982514870924877,23.330487973353172,23.376563785882468,23.431425326789054,23.759556635112858 
 06/29  17:00:00,26.253228515348518,26.440357251790378,26.61498798985497,28.145996264760075,18.0,26.712635107145182,25.97731240360016,23.278669143877778,23.326423457342173,23.378257254092546,23.689739903909185 
 06/29  17:05:00,25.959605859897074,26.155185117606443,26.31763694728795,27.78393756256816,18.0,26.35601690148915,25.971600384417346,23.071085534488702,23.120070678656703,23.169060388844912,23.46362941559613 
 06/29  17:10:00,25.634512416217213,25.83631786583985,25.988575191919974,27.38631123229699,18.0,25.978482472343472,25.917887577155362,22.86031011967492,22.90998824704286,22.958610189225283,23.23551554196166 
 06/29  17:15:00,25.290666933301175,25.496333296371034,25.640048270303996,26.965404238014077,18.0,25.601569521288834,25.901784282729015,22.654561033406935,22.704365233368435,22.75377873764296,23.012142239180776 
 06/29  17:20:00,24.934230918050908,25.141249769681522,25.278082794762017,26.527244243101077,18.0,25.195963673808155,25.8857469678922,22.44773458517335,22.49704441449603,22.547787001711868,22.78684801108625 
 06/29  17:25:00,24.56891296921244,24.77463225558746,24.90635247049283,26.07549567141284,18.0,24.791074884249976,25.870151964427272,22.24035315385106,22.288530217824814,22.341217450271984,22.560199891092566 
 06/29  17:30:00,24.197088724116355,24.398715705487756,24.527236667667115,25.612542029185175,18.0,24.37058697894807,25.85461945201508,22.032306774301333,22.078692968730024,22.133961722806248,22.332111738225194 
 06/29  17:35:00,23.850552078646306,24.053237220617174,24.17371341671039,25.20316432738267,18.0,23.991260673565478,25.83905200947486,21.83769206399893,21.885327994234217,21.9412158535373,22.132975577662307 
 06/29  17:40:00,23.510944491088853,23.715523510293874,23.827116372600525,24.80917355126767,18.0,23.610818036664398,25.82538879999986,21.64276385729727,21.691706289989042,21.748270772377168,21.933745880705487 
 06/29  17:45:00,23.17472235679007,23.381122826769793,23.483788588856473,24.422622221729483,18.0,23.231189380817472,25.811865241041108,21.4470343975338,21.496348528578665,21.55373865962258,21.733524180922416 
 06/29  17:50:00,22.840391979478714,23.048081939897827,23.142158859322638,24.039819598539427,18.0,22.858289605858307,25.79835009067908,21.252724357678517,21.301756638745474,21.360471654243895,21.53172903012512 
 06/29  17:55:00,22.507146252026843,22.715272398006675,22.801361505788748,23.658547840415427,18.0,22.486227437033968,25.784879061837852,21.0589070823803,21.107589448353053,21.167862666249448,21.328603241707356 
 06/29  18:00:00,22.175926701153966,22.37876475074546,22.462352830915652,23.26450017118429,18.0,22.118192714549473,25.77139312361577,20.866026568237146,20.91190614417701,20.97631925051195,21.120389323983886 
 06/29  18:05:00,21.879818580280844,22.078890640417157,22.154247112972016,22.90934556070594,18.0,21.795861946381173,25.757713212455403,20.678397503895326,20.722995482853037,20.784024299845726,20.91739671247035 
 06/29  18:10:00,21.595326959170098,21.789491028439574,21.85675988722244,22.564747223469162,18.0,21.483246122452687,25.61950239535203,20.51586844642287,20.558779008069678,20.618300685744543,20.740896896080812 
 06/29  18:15:00,21.317021590899532,21.50444475531096,21.56508145114088,22.224091131165913,18.0,21.169884446211796,25.57006870884052,20.369952573531464,20.410640471424017,20.470333822310067,20.581186384642365 
 06/29  18:20:00,21.04227035647514,21.220599361076566,21.276827039775057,21.883860864168085,18.0,20.869201635693404,25.51945547081275,20.223688964550206,20.261377330855282,20.321835886532654,20.419828423353522 
 06/29  18:25:00,20.769487169974393,20.935841088190944,20.990532799419313,21.54159980254831,18.0,20.56784894485401,25.47246506061811,20.07833533878062,20.112161080269516,20.17433690031379,20.258190584511453 
 06/29  18:30:00,20.49764315994924,20.648561575342544,20.705232918211685,21.195370843206558,18.0,20.272673392651047,25.427866151747768,19.933592867230175,19.96254571163945,20.027506790470056,20.095750459102135 
 06/29  18:35:00,20.254623486784222,20.404718793977484,20.44994695973305,20.916986135276833,18.0,20.01322895984132,25.385150925061435,19.802573430029724,19.834012721558906,19.89546397243248,19.967395279217328 
 06/29  18:40:00,20.0217740504703,20.177691931187006,20.205679105202428,20.66643503332396,18.0,19.763761579070422,25.34599245374563,19.67276915548001,19.707718585665702,19.7645819122518,19.842183301774753 
 06/29  18:45:00,19.794707954345242,19.96256574238101,19.967871482130676,20.436485965103028,18.0,19.513896097034387,25.308514881242672,19.543478970581305,19.58324491465686,19.63422584190255,19.719975616043484 
 06/29  18:50:00,19.57126511798595,19.758227760470266,19.734238741601256,20.225710658492346,18.0,19.275884115456318,25.27237849032219,19.4145702438866,19.46103540702427,19.50426269860759,19.60160870683012 
 06/29  18:55:00,19.350130245539592,19.56534774455731,19.50336824759977,20.0352838470036,18.0,19.03753286592464,25.23751980393503,19.286053812662033,19.341855868809148,19.37470536741432,19.48828184530538 
 06/29  19:00:00,19.130453596522187,19.365696748762726,19.274335145113543,19.828613499191235,18.0,18.805584292408742,25.20371703210725,19.157790550689356,19.217213598615672,19.245402877774723,19.362375121146556 
 06/29  19:05:00,18.96555637428161,19.218667679119992,19.09962583428173,19.67141228371162,18.0,18.635521466617792,25.17029322079621,19.115439602561196,19.178201911720578,19.204433852569878,19.32449056058499 
 06/29  19:10:00,18.82172234436542,19.091732791941684,18.946218827839502,19.532752738971578,18.0,18.48305089642472,25.131133875736413,19.08117209929094,19.147289956196857,19.170842001235542,19.29370903773986 
 06/29  19:15:00,18.691174569238758,18.9760797992334,18.806326145648644,19.40307326335036,18.0,18.332494705635202,25.096244248721245,19.04926200811127,19.118180393780335,19.13952476969382,19.26375068601328 
 06/29  19:20:00,18.57030015473654,18.86405368465495,18.67627028332157,19.271977405022557,18.0,18.20476332015748,25.06249739084617,19.0182325875204,19.08768647539972,19.1090231891165,19.23026037989041 
 06/29  19:25:00,18.457388061530906,18.742972370368566,18.55429381477862,19.120130752381414,18.0,18.078716905303885,25.029664933635583,18.98810366766304,19.05151369331861,19.079382186940904,19.186217825181586 
 06/29  19:30:00,18.23762773704555,18.38721451571598,18.32055241465773,18.613575264217157,18.0,17.829641213390154,24.997217436487084,18.90657591844416,18.90918514516352,18.993780807831172,18.908271900390787 
 06/29  19:35:00,18.1485449195983,18.23352731570242,18.203872103316467,18.40148296002774,18.0,17.763901308644748,24.95543493133014,18.9730254892782,18.892170301354497,18.980488266899556,18.893285747384198 
 06/29  19:40:00,18.07955329614199,18.133355392694725,18.122427421098674,18.265433298523213,18.0,17.691675329843864,24.924653599183504,18.967236437519773,18.88178961397807,18.970449174656096,18.88116608813806 
 06/29  19:45:00,18.026213259713142,18.061338421097517,18.06093512418958,18.168805591639714,18.0,17.62084041337544,24.89468575851985,18.959247333444466,18.871014413073624,18.96109368724808,18.87008928108105 
 06/29  19:50:00,17.983834337197035,18.007197727626988,18.012729968411673,18.096965600448012,18.0,17.578923411733278,24.86572918008696,18.950846609239875,18.86063126101658,18.95216883164062,18.85962419110035 
 06/29  19:55:00,17.94930821054172,17.965122150168376,17.973869929749497,18.041706417072877,18.0,17.537424652467124,24.837698970031113,18.942483683934256,18.8506379746766,18.94359986881301,18.849600763306796 
 06/29  20:00:00,17.920577615374185,17.931507966974657,17.941817217444843,17.997972151686014,18.0,17.51182494844417,24.810394434016686,18.934247873293714,18.840934644666106,18.935285079078767,18.8398848633758 
 06/29  20:05:00,17.91435501245783,17.92355493263441,17.933033107849106,17.982302720046786,18.0,17.507327998168403,24.78379242458278,18.937954954997963,18.84692105299075,18.938952188742064,18.845858834809064 
 06/29  20:10:00,17.918085812093494,17.92676712528473,17.934719943366265,17.979369509253743,18.0,17.51551462362092,24.694809946629217,18.944602445272608,18.856207983107822,18.945571844724725,18.85516809493504 
 06/29  20:15:00,17.928368077671145,17.93717036844312,17.943333404672604,17.984749834717633,18.0,17.523554119294204,24.644284219879268,18.964298678801015,18.877707001499118,18.965280497951653,18.876658425988467 
 06/29  20:20:00,17.94338955315651,17.952649244139028,17.95695569587744,17.99603674090383,18.0,17.542574554032008,24.596492028800814,18.987331743073184,18.902781559491643,18.988322519599137,18.901727190401346 
 06/29  20:25:00,17.961964181757995,17.97188621109228,17.974361910467536,18.011689254421412,18.0,17.56150659407231,24.552162797066234,19.012110673281825,18.929633722213794,19.01311016771831,18.928574379912448 
 06/29  20:30:00,17.983279602390994,17.993945771264272,17.994674828724488,18.03067781534639,18.0,17.586860982729736,24.51050160928123,19.037913281408237,18.95748962724997,19.03892085365021,18.95642611771791 
 06/29  20:35:00,18.006768875294707,18.018207089901445,18.017292391615303,18.052263144591706,18.0,17.6121499895918,24.47112126643673,19.06445132882527,18.986037970916584,19.065466570379613,18.984970748744786 
 06/29  20:40:00,18.032018443128973,18.044223987386776,18.041775726424284,18.075911137125342,18.0,17.641438539395008,24.43351691376787,19.09147407671753,19.01503266081886,19.09249603072874,19.013962591511245 
 06/29  20:45:00,18.05871934822462,18.071668471505518,18.06779667551342,18.101237949846247,18.0,17.670675652774975,24.397541230939343,19.118933131180825,19.04441706177306,19.11996136536891,19.043344532539436 
 06/29  20:50:00,18.086636091006984,18.10029430743962,18.095104994772626,18.127954944026975,18.0,17.702520424377852,24.362835232630257,19.14668634428091,19.074060026840527,19.147719904271185,19.072985851898125 
 06/29  20:55:00,18.11558606252273,18.12991319553383,18.123506600733883,18.155841026464106,18.0,17.73432274675326,24.329358760566954,19.174744409509344,19.10396593475201,19.175782879278586,19.102890453862187 
 06/29  21:00:00,18.14542556266656,18.160378806134425,18.15284874599423,18.184724131241605,18.0,17.76789838623328,24.296850013408864,19.203007703539583,19.134045360586924,19.204050197038043,19.132969303181653 
 06/29  21:05:00,18.157708743868923,18.172316288073606,18.16467243367675,18.195174123803785,18.0,17.778973892254346,24.265315783249285,19.201942241551137,19.135104246786625,19.202985748059916,19.134031259479457 
 06/29  21:10:00,18.16385408227549,18.178041798552442,18.170394685618362,18.199517593944524,18.0,17.78730144096398,24.230420105698986,19.230149579374597,19.161893116279828,19.231188272256077,19.160828866195402 
 06/29  21:15:00,18.16650734855201,18.18033070153239,18.172657602504344,18.20052247560925,18.0,17.79562023216737,24.30245465812152,19.269781315218893,19.198943382462005,19.270865434974894,19.19783948823641 
 06/29  21:20:00,18.166943284222988,18.180488779120758,18.17273249312048,18.19948602668321,18.0,17.798779592397757,24.368260739421114,19.30050128383914,19.22767361628297,19.301589814924,19.226567105645927 
 06/29  21:25:00,18.16592836324616,18.179284678294955,18.171382823922055,18.19716891184293,18.0,17.801924301347842,24.42315723963902,19.325502421004785,19.251024170007554,19.32659181514333,19.249918306602012 
 06/29  21:30:00,18.16395466877545,18.177201910564527,18.1690980729237,18.194047452326885,18.0,17.80243658315887,24.468309894442598,19.346043306154456,19.27020067749254,19.3471299715888,19.269097207141613 
 06/29  21:35:00,18.16135078375046,18.174557044337302,18.16620457363112,18.190431831524233,18.0,17.802941443202158,24.506326420777942,19.317440116550927,19.243807258466177,19.318531672776658,19.242702485986342 
 06/29  21:40:00,18.158343838997972,18.171564860457014,18.16292751640295,18.186531195367007,18.0,17.802041002356233,24.448417968971253,19.280942737302894,19.20977272441189,19.28200193350483,19.208701779557202 
 06/29  21:45:00,18.155095779726174,18.168375871192172,18.15942716965697,18.182491089737177,18.0,17.801136575019527,24.375319382466984,19.251670284444685,19.18241118906667,19.252718318981465,19.181355161783927 
 06/29  21:50:00,18.15172466058495,18.165098053361124,18.155820127463965,18.178415094504423,18.0,17.799485835741976,24.308865852215032,19.22931886772301,19.161528045534737,19.23036909761072,19.160474069793963 
 06/29  21:55:00,18.148316874361164,18.161809186089375,18.15219149103561,18.174377057173057,18.0,17.797832937151206,24.248158150812312,19.210929817555495,19.14436856520058,19.211982533739274,19.14331596251077 
 06/29  22:00:00,18.14493413128524,18.158563822059435,18.14860180819877,18.17042797300938,18.0,17.795801097586363,24.19411424529854,19.195823540571098,19.13028150999037,19.196882451634792,19.129226586327377 
 06/29  22:05:00,18.141374992522806,18.155042574897127,18.144855071922763,18.166279513031164,18.0,17.791680176057234,24.14507640205343,19.16504566580511,19.10322943640574,19.166112401167368,19.102168651322472 
 06/29  22:10:00,18.137802121423455,18.15147183020728,18.14110827833016,18.1621295272323,18.0,17.786967439865307,24.04548994583235,19.141731917245068,19.082961268401903,19.142785061244467,19.081914579459635 
 06/29  22:15:00,18.13425793945899,18.14790451859515,18.13740182097914,18.15802224192099,18.0,17.782204432726168,23.979090590862757,19.127157327501607,19.070853318237937,19.128230074158296,19.069789626752595 
 06/29  22:20:00,18.130758967377137,18.14436095306877,18.133750863013717,18.153972703989005,18.0,17.776736991985704,23.91851818366755,19.114580846014633,19.060620984740467,19.115665790752303,19.059546661268655 
 06/29  22:25:00,18.1273087838354,18.1408467009422,18.130157930420623,18.149982656598965,18.0,17.771210718940296,23.86277361168489,19.10359393779629,19.050680121762525,19.104690390952953,19.04959713699924 
 06/29  22:30:00,18.123902890475247,18.137358555173204,18.12661766893562,18.146045928379017,18.0,17.76526869124895,23.81102560224408,19.092510502280447,19.04210568961588,19.093616819638385,19.04101485484165 
 06/29  22:35:00,18.12053192682518,18.13388814368411,18.12312000346798,18.14215175451411,18.0,17.75926304854738,23.7626384244796,19.113843492448723,19.064383293644482,19.11494360690392,19.063296502967376 
 06/29  22:40:00,18.11718415174332,18.130424549882328,18.119652585219086,18.138287228321282,18.0,17.752982252537727,23.81577137404245,19.146903815123267,19.097402965129845,19.148049098812464,19.096272541354665 
 06/29  22:45:00,18.113847401953656,18.126956300841965,18.116202727068586,18.13443918286064,18.0,17.746633849743635,23.85837534709879,19.172127855139934,19.123025299489427,19.173279975573678,19.121887127072796 
 06/29  22:50:00,18.110510840661572,18.123473095541563,18.11275913619821,18.13059584885328,18.0,17.740080537647945,23.891260633017502,19.192026114034945,19.143640679237137,19.193177573109267,19.142502019825315 
 06/29  22:55:00,18.107166785636167,18.11996758753215,18.10931373143332,18.126748589753674,18.0,17.73345597256488,23.917925938531916,19.20876882119302,19.161318820155202,19.209920485316218,19.160178831724693 
 06/29  23:00:00,18.10381228123995,18.116436912649664,18.10586320762407,18.122893396386797,18.0,17.726658583493553,23.939019525137454,19.222786540509958,19.17646487217678,19.22393652034509,19.175325229995224 
 06/29  23:05:00,18.06696294904601,18.08043187112482,18.068920901389237,18.086570356326025,18.0,17.658937160159212,23.955694958224154,19.17068839082708,19.12833207998665,19.171835470477845,19.127195500297262 
 06/29  23:10:00,18.0172374433111,18.03223607347099,18.01910641927113,18.03806876891641,18.0,17.57902083970834,23.95893650025175,19.11427895596728,19.075495545550325,19.115432965555044,19.074354123950798 
 06/29  23:15:00,17.95955975980751,17.976584305163488,17.961343888241306,17.982124313744006,18.0,17.49857625418534,23.966825214341682,19.056361287286336,19.02106196465212,19.057527170889216,19.01991073227839 
 06/29  23:20:00,17.896375682184882,17.915783043770073,17.898079074576334,17.921043582041527,18.0,17.39921746871904,23.97076986212395,18.996802078841654,18.964946911594552,18.997976593978706,18.96378884890737 
 06/29  23:25:00,17.829198915079758,17.851236399854418,17.83082560877468,17.856230511237435,18.0,17.299182796982556,23.973141363618087,18.936241045222005,18.907765918142104,18.937424763239278,18.906600433498625 
 06/29  23:30:00,17.759028665778704,17.783857111517808,17.760582588775094,17.788597511473256,18.0,17.187413549719412,23.97400048429741,18.874764539243927,18.849602351217186,18.875957765636144,18.84842907854869 
 06/29  23:35:00,17.686547588765176,17.714259733004177,17.68803253418314,17.71875871598276,18.0,17.074916856809246,23.973459526203925,18.812417374717143,18.79049694114144,18.81362019226924,18.78931572546287 
 06/29  23:40:00,17.61223395484602,17.64286884887153,17.613653562585878,17.647138232299103,18.0,16.954343150327368,23.97171720502908,18.749298630540466,18.7305425432495,18.75051145340899,18.72935291298768 
 06/29  23:45:00,17.53642964757499,17.569983865851267,17.53778739251701,17.574034959272335,18.0,16.833001881209587,23.968879077456357,18.685442455130953,18.669769926056688,18.686665540591434,18.668571558482085 
 06/29  23:50:00,17.459383130606767,17.49581945209224,17.46068231673781,17.499663044401974,18.0,16.705638744804396,23.965093291883218,18.620914883419346,18.60824064506744,18.62214871778258,18.60703300055843 
 06/29  23:55:00,17.381277475135455,17.420531601425687,17.38252123467205,17.424177961187496,18.0,16.577474715555482,23.96002537342701,18.555642483059614,18.545882324906188,18.556887095629918,18.544665304890316 
 06/29  24:00:00,17.302249124699728,17.344234886271302,17.303440421080964,17.347693771252562,18.0,16.444479784351813,23.95445100007011,18.48981430598144,18.482875132674963,18.491070653164684,18.48164775465409 
 06/30  00:05:00,17.21748055085573,17.26240345138694,17.21861796927537,17.265664170333583,18.0,16.33964642083417,23.948146521297623,18.406760302166276,18.399300201985625,18.40801873553528,18.39807567796447 
 06/30  00:10:00,17.130180126246795,17.17813836542284,17.131265086146133,17.181204514101307,18.0,16.237390225777126,23.939276924759174,18.32209320497327,18.313796990450726,18.3233566368354,18.312571875889603 
 06/30  00:15:00,17.04118816850664,17.092252948602997,17.042222693453525,17.0951313599149,18.0,16.13525923334185,23.93025066718164,18.23710845762588,18.227901341202198,18.238377617055846,18.226675020742448 
 06/30  00:20:00,16.950955523681287,17.005182856486325,16.95194186774984,17.007881717814175,18.0,16.039749281064996,23.92058456122322,18.151846302997455,18.141700571788533,18.153121359422244,18.140472860688817 
 06/30  00:25:00,16.859776827719614,16.91721178535613,16.86071732973279,16.91973988542218,18.0,15.944269546323795,23.910264873688643,18.0663168769928,18.05521436685717,18.067597930815225,18.05398513396915 
 06/30  00:30:00,16.76785629219462,16.82853561371526,16.768753296693344,16.830901925312364,18.0,15.852385050889213,23.899392545560033,17.980571842619383,17.968495443363565,17.98185923225293,17.96726433528096 
 06/30  00:35:00,16.67534025978289,16.739294207526704,16.676196071173738,16.7415076388135,18.0,15.760471785101595,23.887957636657884,17.894602077205832,17.88153764472969,17.895895908003922,17.880304530862247 
 06/30  00:40:00,16.58233633644057,16.649590083723286,16.58315319232273,16.651659327876978,18.0,15.670565992802038,23.876043246371754,17.808446833496646,17.794380016637035,17.809747398780587,17.793144595634658 
 06/30  00:45:00,16.48892539059642,16.559500083992663,16.48970544670477,16.5614335294034,18.0,15.580601211946055,23.86363764975397,17.72209672960605,17.707015707915275,17.72340412368294,17.705777867529434 
 06/30  00:50:00,16.395169385799438,16.469082969978466,16.39591470812577,16.470888648825756,18.0,15.491735374786876,23.850811045671897,17.635584711505203,17.619477298034155,17.63689919199703,17.618236778673065 
 06/30  00:55:00,16.301116649400953,16.37838451345848,16.301829210791446,16.38007007508038,18.0,15.402796057996598,23.837550308272167,17.54890152303983,17.531757873964352,17.550223173663312,17.530514579896078 
 06/30  01:00:00,16.206805502708562,16.287440989642768,16.2074871822592,16.28901369009304,18.0,15.314425497842608,23.823916138898,17.46207549805854,17.44388529436901,17.463404547794653,17.442638999620613 
 06/30  01:05:00,16.105938379159156,16.188262242249127,16.106593337723076,16.18973778791405,18.0,15.203626311338716,23.809894419253123,17.37202383589829,17.35392040486198,17.37336834393136,17.352659330693882 
 06/30  01:10:00,16.002492450087257,16.086007583386493,16.003123059171095,16.087394426074297,18.0,15.088998191760597,23.79550832962963,17.281648482635774,17.263698056606017,17.283009999356068,17.262420564700108 
 06/30  01:15:00,15.897404832076822,15.981853373335683,15.898012971504912,15.983157990350216,18.0,14.974234006228029,23.780765101627,17.191135783093785,17.173357686457393,17.192514476558472,17.17206347346263 
 06/30  01:20:00,15.791138791051946,15.876364719226041,15.791726064651861,15.877592500158535,18.0,14.853221135346223,23.765714308794404,17.10053474986512,17.082939085328576,17.10193090225431,17.081627831011474 
 06/30  01:25:00,15.683979496213407,15.769881019504256,15.684547318385253,15.771036622354082,18.0,14.732034486218852,23.750340887474852,17.00983879086425,16.99243510330723,17.011252554159228,16.991106620011635 
 06/30  01:30:00,15.57611437986768,15.662620205192786,15.576664025008157,15.66370775744502,18.0,14.6071490428115,23.734688092399768,16.919067033289707,16.901863143859032,16.920498676575903,16.90051713833907 
 06/30  01:35:00,15.467671296515334,15.554727619420229,15.468203930251583,15.555750843406077,18.0,14.482071593474654,23.718740956872626,16.828208800904065,16.811213089781518,16.82965847406797,16.80984937855436 
 06/30  01:40:00,15.358740030950443,15.446303116367476,15.35925673093494,15.447265411623038,18.0,14.354553366036916,23.702538151558052,16.737280673171085,16.72050015763716,16.738748635003446,16.71911845666432 
 06/30  01:45:00,15.249385224739923,15.337417064180515,15.249886995070424,15.33832156387506,18.0,14.226829337504642,23.686064838430752,16.646272303977298,16.62971454369574,16.647758703691068,16.628314669460224 
 06/30  01:50:00,15.139654459913253,15.22812017748015,15.140142241498719,15.228969788571128,18.0,14.097349927651281,23.669355695000846,16.555198687147254,16.538870036538583,16.556703775335677,16.537451711306574 
 06/30  01:55:00,15.029583471248078,15.118449748637808,15.030058149511923,15.1192471814725,18.0,13.967653560754929,23.65239605944809,16.464049900892007,16.447957213911764,16.46557382693851,16.4465202527133 
 06/30  02:00:00,14.960155529788805,15.008433700792859,14.919662004269327,15.009181491663838,18.0,13.836587856248473,23.635217204626272,16.356998354164944,16.35698866022625,16.374382613770877,16.35553278965449 
 06/30  02:05:00,14.79212872590391,14.86240573671963,14.777128365673754,14.863109917094864,18.0,13.65907657883664,23.617350756390163,16.23413181627336,16.218580876482747,16.236734518267667,16.217094816508336 
 06/30  02:10:00,14.631610822304998,14.703484581482643,14.622590009396442,14.70414830754601,18.0,13.471858268105628,23.599080440906807,16.094420599587295,16.077055108416403,16.09619250524861,16.075526094359645 
 06/30  02:15:00,14.466808645528571,14.536906894500142,14.460742517150837,14.537532553881848,18.0,13.284435717521012,23.58027221671291,15.953893161420524,15.935702825952376,15.955565525355837,15.934131079073723 
 06/30  02:20:00,14.2981269066773,14.365167245550563,14.293882378172027,14.365756801830665,18.0,13.08211745643184,23.56100814438331,15.813660968750696,15.795092254098677,15.815349207404324,15.79347695237658 
 06/30  02:25:00,14.126453957700663,14.18975224331799,14.123408793476528,14.19030737258415,18.0,12.879237224711963,23.541267175863684,15.673910429388684,15.6553358555758,15.675633946444293,15.653676158035637 
 06/30  02:30:00,13.952456768179491,14.01160830660579,13.950230867424553,14.012130473835281,18.0,12.666677991924514,23.521105845996612,15.53472771983138,15.51651504333887,15.536490360760354,15.514809927453712 
 06/30  02:35:00,13.77661028372644,13.83135999938864,13.774960146593227,13.83185050542949,18.0,12.45329916242962,23.500504373048237,15.396138474337022,15.37866382438591,15.397941373805338,15.376912393814223 
 06/30  02:40:00,13.599254236291857,13.649430570733559,13.59801863804753,13.649890582610025,18.0,12.232637610147302,23.479519126851567,15.258203217923153,15.241851617454358,15.260047266830952,15.240052807442169 
 06/30  02:45:00,13.42063409328971,13.466112877118329,13.419703413642935,13.466543448354653,18.0,12.01093098854456,23.458128407002693,15.120943558005251,15.106110158369233,15.12282944472338,15.104263036990346 
 06/30  02:50:00,13.240928789255788,13.28161281985029,13.240226801500127,13.282014904620898,18.0,11.783035578395879,23.436380128008057,14.984418245036636,14.971506947785429,14.986346811830458,14.969610429089073 
 06/30  02:55:00,13.060269498253284,13.096076800597816,13.059742151041252,13.096451263954298,18.0,11.553875346111743,23.414273938291483,14.848659108388688,14.838082372533108,14.85063114853159,14.836135425197654 
 06/30  03:00:00,12.878752456228483,12.90960954499675,12.878360755276987,12.909957170533264,18.0,11.318884378593353,23.39183707531842,14.713723170872072,14.705900365599177,14.715739577874501,14.703901872981419 
 06/30  03:05:00,12.762271326475837,12.789030852821325,12.761987269818526,12.789351496655813,18.0,11.176343472809192,23.369055939953032,14.697377034546719,14.691432264947366,14.699434847346595,14.689388450720969 
 06/30  03:10:00,12.670950821102238,12.693627764470454,12.670753049633685,12.69392189316866,18.0,11.048119021027132,23.347401824181095,14.685108192183748,14.681466757911949,14.6871782721866,14.679405342644884 
 06/30  03:15:00,12.595233523255349,12.613734448676023,12.59510584369323,12.614002617465008,18.0,10.918369432643217,23.326026428909863,14.675043719973928,14.674020487562757,14.677128584770912,14.671938968248128 
 06/30  03:20:00,12.530322066096394,12.544547567930515,12.530252096421009,12.544790348626314,18.0,10.816142725632607,23.30492218918421,14.666341229322484,14.668212627158255,14.668442442669402,14.666109398816388 
 06/30  03:25:00,12.473222984308595,12.483095938919051,12.473201171433072,12.483313894031546,18.0,10.712870098821847,23.28406695561878,14.65865374251348,14.663679889426248,14.660772077744923,14.661554190488118 
 06/30  03:30:00,12.42194692767586,12.427421549593392,12.421965839250197,12.427615220135753,18.0,10.62593318616043,23.263436567596173,14.651843995355307,14.660276629196574,14.653979924731289,14.658128036902724 
 06/30  03:35:00,12.37512634973926,12.376189932326012,12.375180158616551,12.376359832618638,18.0,10.53821908631174,23.243006901325224,14.645862189986588,14.657946469255705,14.648016069925347,14.655774706281932 
 06/30  03:40:00,12.331797211013443,12.32846901043399,12.331881315952353,12.32861562679711,18.0,10.460764186241247,23.222756796090152,14.640697273241699,14.656670848330464,14.642869413473818,14.654475712522412 
 06/30  03:45:00,12.291265847410822,12.283595061126283,12.291376591228797,12.283718852633568,18.0,10.38269883304589,23.202664808304164,14.636354479888723,14.656445085637358,14.638545150642187,14.65422644525222 
 06/30  03:50:00,12.253024468832873,12.241088171932532,12.253158927100484,12.241189572108953,18.0,10.311235948775465,23.182715895327497,14.632850881713864,14.65727313038758,14.635060333910928,14.65503090688145 
 06/30  03:55:00,12.216695878622685,12.200597280536355,12.216851699995871,12.200676699340267,18.0,10.239269340009349,23.162891787096516,14.630206047823663,14.65915714463938,14.632434483545751,14.656891347540409 
 06/30  04:00:00,12.181996407245647,12.161863560352876,12.182171691986747,12.161921386083547,18.0,10.171601565930898,23.143183687080782,14.6284484991275,14.662103470095985,14.630696103082869,14.659814168607113 
 06/30  04:05:00,12.108506888265746,12.086961322249342,12.108699134844445,12.08699768837583,18.0,10.079302206774903,23.12398671752675,14.525739181639437,14.55920609966222,14.527986287403678,14.556919546885297 
 06/30  04:10:00,12.019396417341792,11.997359158375666,12.019603765461865,11.997374587001186,18.0,9.984081221672353,23.102797479963797,14.41663830432401,14.449442396544612,14.418909977920407,14.447131549454525 
 06/30  04:15:00,11.920334458286984,11.898323492899255,11.920555355974917,11.898318637725632,18.0,9.888580488453371,23.081555095350897,14.306413452546053,14.338427549023777,14.308705924711376,14.336096887654662 
 06/30  04:20:00,11.814246880259606,11.792586918212661,11.81448000326767,11.792562504691844,18.0,9.785423757094291,23.059938558736615,14.195753581391841,14.226912026785953,14.198066212457206,14.22456226985554 
 06/30  04:25:00,12.853038058693446,12.472753262626526,11.881801155476184,11.862236488451263,18.0,9.905392449315226,23.037933063965227,14.67452916839369,14.538430900698586,14.23795155140499,14.281041490528537 
 06/30  04:30:00,13.26819509015629,12.711185112860143,11.86231079607336,11.844965798374362,18.0,9.875864028703512,23.037994403605353,14.589520179162207,14.440522499191047,14.142015186258845,14.183275116741697 
 06/30  04:35:00,14.467364031963319,13.413554726851345,11.876040317634471,11.861360429339193,18.0,9.912976869478172,23.021730140768547,14.981595851629777,14.648266293510005,14.11190116866669,14.159365786841818 
 06/30  04:40:00,15.774141674366739,14.146887374035543,11.894443153044486,11.882624092236345,18.0,9.96659277569461,23.0187461470229,15.27498605360995,14.782480979539685,14.05378846367995,14.10126065019864 
 06/30  04:45:00,17.19565719120863,14.909678393752953,11.919200097476418,11.910347069006285,18.0,10.030265125732015,23.015365135340012,15.573970456092297,14.90765669380437,13.992417854917335,14.031566217324894 
 06/30  04:50:00,18.70351922165145,15.681235389008773,11.949864794062997,11.944010999774324,18.0,10.131673547719322,23.01332962989269,15.877966408252178,15.023580779360827,13.923689119260018,13.94968821766895 
 06/30  04:55:00,20.275283874828553,16.445841277784154,11.985707350821025,11.98279804368443,18.0,10.242817507252996,23.01363055099528,16.187724618372158,15.130671952387729,13.854066200220018,13.875557792782956 
 06/30  05:00:00,22.335691167930626,17.429323349064713,12.057861341148309,12.057942629940255,18.0,10.391086753238154,23.016285015353624,16.732604944829973,15.35111869880916,13.802776743441484,13.820011704911337 
 06/30  05:05:00,24.031679034271068,18.232949737279792,12.202133014391205,12.20476407308904,18.0,10.630713027005267,23.030439981041322,17.12591893276317,15.57492193437156,13.917429011422996,13.936043521328656 
 06/30  05:10:00,25.656808405112844,18.98226038667794,12.382035759004518,12.387484014915326,18.0,10.93054105761932,23.047720407136026,17.542268305872085,15.800381557700177,14.036608911931864,14.056702720036242 
 06/30  05:15:00,27.25310341901177,19.69443163837315,12.587309637942292,12.596090468187635,18.0,11.244530094319781,23.060028615052893,17.966763549278028,16.02184179757893,14.158483388985019,14.180339190156246 
 06/30  05:20:00,28.83501159667453,20.374649144827913,12.8123527313632,12.825135445858336,18.0,11.635763127105587,23.075798750974716,18.38133036779766,16.237452625824176,14.282107853872844,14.306005632199572 
 06/30  05:25:00,30.409009794028265,21.024932554447552,13.053510314261711,13.071067287634007,18.0,12.041646592330817,23.092106135790196,18.801416792135456,16.445284403656842,14.406582624172358,14.432714145410102 
 06/30  05:30:00,31.977764353657314,21.645914529414522,13.308265815540201,13.331434021080852,18.0,12.517971270291412,23.10945373989702,19.22268159237683,16.644673791543653,14.532148333061286,14.560771796483664 
 06/30  05:35:00,33.48878381613788,22.20217763420314,13.551042224556877,13.580374136732747,18.0,12.991265956357315,23.127875144434984,19.61678491923692,16.81603522925036,14.646514290437608,14.67754795653235 
 06/30  05:40:00,34.979476498865466,22.717320635834618,13.79452652631727,13.830617411347871,18.0,13.53447656907691,23.145558942100642,20.01305662346323,16.97808953693925,14.761519390744525,14.795233905442501 
 06/30  05:45:00,36.45685281171287,23.196345183851488,14.04124546860216,14.084686307572449,18.0,14.096274277532814,23.16392009760089,20.410722646620457,17.130000531539565,14.877523923055264,14.914170361995389 
 06/30  05:50:00,37.92348261260231,23.64143208255935,14.29231223866907,14.343674898470486,18.0,14.726801366218227,23.182854182487958,20.809336122040463,17.270926323349954,14.994491192126645,15.034314749290957 
 06/30  05:55:00,39.371907412906985,24.049948878138217,14.546930125202737,14.60673241985939,18.0,15.375628204888967,23.202424497744364,21.20431368714503,17.398198940520615,15.111724840416855,15.154940444155784 
 06/30  06:00:00,40.81669297288753,24.4289401703643,14.807918640676757,14.876666154805415,18.0,16.098233926138885,23.222372906321123,21.604440819511183,17.51554903410056,15.230786438542225,15.277643046585808 
 06/30  06:05:00,42.266395781756344,24.84684918218464,15.211838043123093,15.28097991547303,18.0,16.912623112929822,23.243090580538258,22.215496157710163,17.862560835480963,15.633666755231104,15.671612593749046 
 06/30  06:10:00,44.09160454306062,25.442006676570728,15.777477656060263,15.845517415235548,18.0,17.806516707803443,23.270886420514266,23.02377338341546,18.30123042967614,16.10006352216601,16.129892289602253 
 06/30  06:15:00,45.64250493245779,25.90419219833035,16.325844965671642,16.390605919067696,18.0,18.70254458740736,23.322726155314104,23.62810845498535,18.629745656187083,16.519063050408363,16.539634021428924 
 06/30  06:20:00,47.121274519729916,26.318631923538337,16.890293874828963,16.950407909695684,18.0,19.677505253237022,23.36637000471067,24.23282794934994,18.94977972067096,16.93860922751651,16.95075737941181 
 06/30  06:25:00,48.548951149331096,26.6955087632044,17.47033133136377,17.524728179041954,18.0,20.652367140150705,23.410483255207634,24.83244495327949,19.262146059997917,17.36084979185472,17.365396215162264 
 06/30  06:30:00,49.93313156577408,27.0386853697658,18.0633888444769,18.111152844045954,18.0,21.681536074067246,23.454063521419133,25.42685124868524,19.567641208606176,17.785495339211934,17.783325022334907 
 06/30  06:35:00,50.945107957221964,27.274761488283705,18.662631880499017,18.702906274064233,18.0,22.61855140707721,23.496839226436183,25.855258612284615,19.829108414455163,18.209280870793407,18.201849583984313 
 06/30  06:40:00,51.82500366884405,27.463768735615417,19.267625094145366,19.29961222946671,18.0,23.566439672344103,23.535736803689108,26.28625468136954,20.09347469168881,18.633881182021014,18.621994800244465 
 06/30  06:45:00,52.61890005164158,27.62163922326833,19.877029383634817,19.899968014442344,18.0,24.507335566046784,23.576111624414068,26.715290088963798,20.362534336733574,19.060917233513237,19.045404432563828 
 06/30  06:50:00,53.35019799749225,27.75736510513037,20.489676071895563,20.50283296158852,18.0,25.430543886526916,23.617084428122695,27.142099690268026,20.63714891854454,19.490097180247744,19.47178200991908 
 06/30  06:55:00,54.03305722403448,27.876996662200995,21.104609376879804,21.107276973597255,18.0,26.347555692500272,23.65850692377892,27.566576729989436,20.91852320160376,19.921438576480227,19.90112874003063 
 06/30  07:00:00,54.676484159233546,27.984848810640912,21.721054149999734,21.71255144375691,18.0,27.24811591358853,23.700200765699467,27.98855945413436,21.207833755563,20.354905255648987,20.33338520685959 
 06/30  07:05:00,55.309169575397746,28.046616415179827,22.265219990397846,22.249383000797803,18.0,28.14646247284511,23.74220705286281,28.325740267026504,21.388887622726998,20.66232474881832,20.642613139215086 
 06/30  07:10:00,55.91833000548727,28.083749008498096,22.78185538429937,22.76018445127816,18.0,29.036453081720225,23.8601906088697,28.614234793446144,21.541711127302676,20.93708566020257,20.91982140530348 
 06/30  07:15:00,56.50346820433605,28.10149341343703,23.281417469519376,23.2548703225971,18.0,29.927644930596138,23.858775220806397,28.87962568699254,21.684253377246023,21.19604769796348,21.18112314451082 
 06/30  07:20:00,57.0647932082195,28.102708500714606,23.769103681145573,23.73836114759505,18.0,30.81498938290614,23.83815597211735,29.148144711038697,21.828587464945656,21.451371253365778,21.438827568291742 
 06/30  07:25:00,57.602571481004695,28.08931295258568,24.24811495541803,24.213681105957907,18.0,31.70324100964101,23.814921521065976,29.417888849682868,21.985492746248326,21.707573036806934,21.69707644856453 
 06/30  07:30:00,58.11702747945611,28.062689183175806,24.720540346523016,24.68279968823348,18.0,32.59062326794827,23.79617718901601,29.688190565114496,22.157826269245334,21.96718527001974,21.95845319604848 
 06/30  07:35:00,58.70798534742265,28.03042576512277,25.190226297540512,25.149465536946565,18.0,33.51988523456945,23.7829455041335,30.0047516297966,22.34804781179571,22.230970543574415,22.223716143198487 
 06/30  07:40:00,59.30296081784255,27.986636569976152,25.657036355990144,25.613485489356847,18.0,34.460174822062235,23.776240568654867,30.317327083110627,22.555596770965394,22.497850786049128,22.491806915417783 
 06/30  07:45:00,59.888972322205035,27.930164987110448,26.12142850090997,26.075275504391012,18.0,35.4027138753002,23.774938527489933,30.625944494698615,22.781667021657825,22.766992562324504,22.761893601369593 
 06/30  07:50:00,60.45951497100606,27.914889113079248,26.638678964299196,26.535172803718538,18.0,36.36364006746965,23.777886760054756,30.929798661721065,23.03182330294146,23.042882251561764,23.033422876489738 
 06/30  07:55:00,61.01062552875747,28.103675675033074,27.37366961275166,26.993417088077116,18.0,37.32623512047478,23.784894156429612,31.228559473647238,23.304674124184942,23.349555895284084,23.306223139912277 
 06/30  08:00:00,61.53971830963769,28.36982784217082,28.198136366382556,27.450172699504837,18.0,38.3028370390356,23.796167266876015,31.521904915333323,23.57872572084517,23.676031938067354,23.5801116681252 
 06/30  08:05:00,61.83089563352488,28.483994584528862,28.88240486108928,27.707441975734135,18.0,39.079366564155926,23.81034316521281,31.544148073490305,23.60224903799343,23.7700918362205,23.60332290226495 
 06/30  08:10:00,62.03574457895289,28.55611020716146,29.532910981605173,27.88931085973748,18.0,39.82788930898989,24.072441849064678,31.52850418371088,23.574367143367112,23.83889034007268,23.574829873997146 
 06/30  08:15:00,62.1794160891875,28.60535482880122,30.167647592152807,28.024695052893524,18.0,40.57840995426607,24.19220566218222,31.4898072803353,23.52602044648853,23.88315673712094,23.525975375602684 
 06/30  08:20:00,62.273825157313304,28.639767819057223,30.79380486460631,28.128095243568577,18.0,41.27078254396173,24.300814933635404,31.431612104939404,23.46512858342794,23.934653194689417,23.464493213483138 
 06/30  08:25:00,62.32574243740151,28.663928593249306,31.415235717024547,28.208507984278334,18.0,41.96568328433801,24.39784121455335,31.361201356014192,23.398212074507285,23.99248683433825,23.396974425411145 
 06/30  08:30:00,62.33917911972461,28.680675382596533,32.03410592864229,28.27186608471734,18.0,42.62668820781414,24.4863953269928,31.280930148211382,23.3274733504702,24.056632516098148,23.32564086222783 
 06/30  08:35:00,62.01509783789427,28.638577921369883,32.559651162904366,28.268894049624187,18.0,43.08932282374454,24.568377754856613,31.04849076578307,23.22694159114502,24.08687642717871,23.224598842543287 
 06/30  08:40:00,61.57953212838757,28.57238904619941,33.04410924312758,28.235947575215707,18.0,43.48951875784027,24.640289033208568,30.81262342105458,23.122385855971288,24.11670674716828,23.119584010984852 
 06/30  08:45:00,61.072012088370855,28.490519687666737,33.49850202110251,28.18266397508942,18.0,43.88762623505142,24.7067385119193,30.572746777845964,23.01554907234936,24.14648706353381,23.012356464437744 
 06/30  08:50:00,60.51219684200479,28.39732680475435,33.92818809941331,28.114315877800916,18.0,44.2000021425798,24.76901860092547,30.329648062094634,22.906948263161212,24.17564302523465,22.903440375779837 
 06/30  08:55:00,59.91177628829612,28.2955608836324,34.33642953094521,28.03434931452958,18.0,44.511100223470706,24.82705892520948,30.083532886046555,22.796554047559766,24.203201594215784,22.79281383177363 
 06/30  09:00:00,59.27810745384266,28.187061041920543,34.725335783572824,27.945139071860854,18.0,44.764398185444705,24.882336202403852,29.83499050705808,22.684859615972073,24.228822014041725,22.68097066654616 
 06/30  09:05:00,58.617854131660366,28.35358863034935,35.30175403487396,28.128766091300186,18.0,45.16972435153919,24.934656516833414,29.7661322847178,22.896654528959743,24.536303500583927,22.892749176901475 
 06/30  09:10:00,58.10686103113909,28.493198950564466,35.88227166695586,28.283802118101754,18.0,45.56144150749635,24.965367694842016,29.791405504233353,23.063367451693466,24.831253147808525,23.05960372473305 
 06/30  09:15:00,57.62378665482006,28.645612129995047,36.47180000896248,28.450162397308258,18.0,45.94972512099733,25.005876317841803,29.818240413345336,23.23442897071112,25.127847412471283,23.23082970811322 
 06/30  09:20:00,57.1492004747125,28.809205644851758,37.06358978783709,28.626439163835528,18.0,46.3564876676391,25.04658608085855,29.844176518926986,23.405588108526445,25.421533619950026,23.402236041225137 
 06/30  09:25:00,56.67418205302961,28.98092056448939,37.652729421881865,28.809741799883426,18.0,46.75871647589782,25.08742115879536,29.86724711647355,23.575587193078604,25.71048049629252,23.572557078620207 
 06/30  09:30:00,56.193769924562226,29.158447016823153,38.23592347589982,28.997897370506173,18.0,47.165931230432854,25.125898565701185,29.886596029243606,23.743861806821428,25.993860249513205,23.741222580782505 
 06/30  09:35:00,55.91306842579326,29.35352242173778,38.905100016312325,29.20276263127158,18.0,47.63407748452942,25.161311230257585,29.998116064364694,23.918069676436346,26.318465290233007,23.915948486645675 
 06/30  09:40:00,55.54303054900706,29.66307923568783,39.60455243180649,29.521410352290342,18.0,48.108144281478666,25.200240943328346,30.037495337638006,24.145400382147727,26.641894138993052,24.143866434433733 
 06/30  09:45:00,55.15123898823903,30.012021908928684,40.30699321155035,29.8788336031959,18.0,48.574627776867736,25.239895301302404,30.07085546585438,24.370019213276578,26.956019841374427,24.369124010062137 
 06/30  09:50:00,54.74147979721886,30.381824439237985,41.00153252202124,30.256548331772798,18.0,49.050544254797124,25.278949026150134,30.09661273077154,24.59175546701755,27.260655475863587,24.59150780217408 
 06/30  09:55:00,54.314622911844175,30.76287387618709,41.681745351983565,30.644984096856714,18.0,49.519021269940886,25.317331169175244,30.114520871886555,24.81065454594932,27.555935482234077,24.811053950755024 
 06/30  10:00:00,53.87134456692183,31.149162372404536,42.34356457660774,31.038172991910113,18.0,49.98472625163081,25.354986293977163,30.124270525137717,25.02679382604049,27.842007935091488,25.027829088581996 
 06/30  10:05:00,53.3799247847341,31.506466663519028,42.95287134963476,31.40194736436679,18.0,50.41945568996207,25.39186535610618,30.07189555073967,25.18655298464455,28.065352307274225,25.188201998975046 
 06/30  10:10:00,52.863710390209306,31.851423503518056,43.528963953723114,31.752954595110193,18.0,50.840391280203825,25.42167050870614,30.01014970035942,25.34252674540187,28.279064579956753,25.34474815857567 
 06/30  10:15:00,52.32764902379147,32.18658316623113,44.075073500509404,32.09377653408093,18.0,51.25534505936847,25.45532339342978,29.940074376557106,25.49657230383184,28.48466247914905,25.499322958218272 
 06/30  10:20:00,51.774632656358875,32.512902508490335,44.59266656789466,32.42539988123158,18.0,51.64926722653854,25.488261444033366,29.86109933563398,25.648172284791144,28.681768082215,25.651404392045947 
 06/30  10:25:00,51.22771989707288,32.96139627155181,45.127075388307794,32.87889636300981,18.0,52.037845594533174,25.520473037921683,29.78389706385127,25.861599328923944,28.89237187584365,25.865289075121893 
 06/30  10:30:00,50.685404912315654,33.32762016622515,45.62709529414546,33.249829416674416,18.0,52.40656123981485,25.556148088604505,29.704311565372564,26.01458274163855,29.085005721908033,26.018663607913254 
 06/30  10:35:00,50.08042308651999,33.53538740303545,46.03823698772999,33.46198546111251,18.0,52.738828140339194,25.588499786616424,29.596321894313974,26.09812442732391,29.245068746903826,26.102532692671502 
 06/30  10:40:00,49.396667055019165,33.52818144636946,46.36043615848238,33.45883701996739,18.0,53.050379004855095,25.61338437412747,29.450846983009455,26.10354547046404,29.375880901310552,26.108167195829765 
 06/30  10:45:00,48.7191379183182,33.57888524157462,46.6976181058338,33.513320269550775,18.0,53.36068851234956,25.631167743732423,29.314792764139042,26.180394603570107,29.530730284502113,26.185172087486535 
 06/30  10:50:00,48.0221550826997,33.62651522397947,47.02204941101838,33.564502719174016,18.0,53.648009349047065,25.65266758638858,29.166634502122292,26.25889439407632,29.683047488907278,26.26379086601503 
 06/30  10:55:00,47.30355711134724,33.668431437049634,47.33225451896896,33.60976302042298,18.0,53.93388994604059,25.672630926146518,29.005968012248957,26.337561783377055,29.83156400442965,26.342505487251117 
 06/30  11:00:00,46.56298503280704,33.70578792365355,47.628269020445074,33.650272703877285,18.0,54.202570767580944,25.69173128761494,28.8343818665831,26.416605500741866,29.97647964123348,26.421521957758273 
 06/30  11:05:00,45.722613617372154,33.675766149742145,47.82842930854678,33.6233950866136,18.0,54.28698218591375,25.709539440013526,28.581614478954293,26.42699606015725,30.0399944894898,26.43178752334893 
 06/30  11:10:00,44.83837940088396,33.621089118212005,47.988098853077844,33.57173178270589,18.0,54.32531419167032,25.732062119156566,28.320048147538216,26.43628227677084,30.095400493555587,26.440861459194252 
 06/30  11:15:00,43.92203523728259,33.55198456169611,48.118280598604535,33.50549656069806,18.0,54.36195507504336,25.748446631924647,28.056072484014578,26.445052720583476,30.14566754655806,26.449367021334524 
 06/30  11:20:00,42.9796946958326,33.473788255060896,48.22435756862266,33.43002376229262,18.0,54.32825888668071,25.764391144501325,27.795288864959844,26.454758823008774,30.192362738199677,26.458758832177296 
 06/30  11:25:00,42.015310164956574,33.3898717736548,48.30953872207541,33.348687797979146,18.0,54.29409363553096,25.779558129586082,27.542378168550158,26.465252329073223,30.235359557764355,26.46890532430689 
 06/30  11:30:00,41.03164578692096,33.30246927460485,48.375829712948956,33.26372761493308,18.0,54.21412245728672,25.79418357342161,27.303050357655138,26.476568740597827,30.274718791368286,26.479859529444013 
 06/30  11:35:00,40.03120731031345,33.263219137693746,48.27776859063715,33.22679181318693,18.0,53.85732209593556,25.808281999040776,27.099561642912988,26.516978523366504,30.227522757742463,26.519865068950594 
 06/30  11:40:00,39.03947915943136,33.23954882451391,48.115075772027275,33.20531496468061,18.0,53.423251616087185,25.82338542076675,26.933370716115405,26.554179074455647,30.17664170660953,26.556758364642292 
 06/30  11:45:00,38.066301691570935,33.224837014487896,47.90816312651904,33.19267891110702,18.0,52.99083849001413,25.83830664813317,26.807873570245647,26.5910924661419,30.121940967269666,26.593445214604685 
 06/30  11:50:00,37.118256196185285,33.21617718669256,47.66753209886207,33.18598128889144,18.0,52.45487254332441,25.853164232539477,26.72585670804017,26.628251764338756,30.06388425605303,26.630472940023196 
 06/30  11:55:00,36.211799829931174,33.212025727938936,47.399921498303236,33.19503846910203,18.0,51.922813025402384,25.867941591652308,26.68997557860075,26.665797140343898,30.00281523756621,26.668691486786315 
 06/30  12:00:00,35.72744864382128,33.211559539969855,47.11002064949207,33.590626526232874,18.0,51.33036973404911,25.882736538284124,26.72883583134586,26.70405198053095,29.939310596299038,26.780558680362333 
 06/30  12:05:00,35.64495021794881,33.471039814972734,46.92289789609187,34.340402068807236,18.0,51.00017480226264,25.899640794395257,26.875289077352534,26.847910203293452,29.92022406692945,27.025063263459117 
 06/30  12:10:00,35.53354468192718,33.619526197177635,46.72507621998593,35.0358619408344,18.0,50.670565804203605,25.90892409967196,26.92994109857119,26.904099884841457,29.889542870124274,27.213565854915885 
 06/30  12:15:00,35.46223288870709,33.75237603818464,46.523585420939824,35.73783535831923,18.0,50.33493824292676,25.92549336889526,26.985378928028922,26.960791954869933,29.856905003348857,27.420377663125464 
 06/30  12:20:00,35.42497541999413,33.88070556463253,46.31636774746754,36.43817806680954,18.0,50.04467188170441,25.9425216240858,27.04105758907997,27.017718659498996,29.821563106212977,27.637394199494338 
 06/30  12:25:00,35.41409537342096,34.007831556146506,46.10218500588251,37.12765777105728,18.0,49.748406518229686,25.9599602783658,27.0971696713367,27.075104784745122,29.7838333694923,27.85821775299678 
 06/30  12:30:00,35.42390170712322,34.13537946756792,45.880576438372145,37.79926348006269,18.0,49.47155874834089,25.97765552540519,27.153718832452,27.132973274682286,29.743943483169176,28.077384652627188 
 06/30  12:35:00,35.441469545700926,34.25551330333788,45.74575662349711,38.4923229339693,18.0,49.351567402187804,25.995508818614677,27.206457319379524,27.187144891832645,29.74899042055972,28.307513238247225 
 06/30  12:40:00,35.469494495508265,34.37439108384287,45.63392503674054,39.18700502386209,18.0,49.26758578789665,26.014212396253722,27.259971209147636,27.242115804124865,29.755043687904163,28.53787990726181 
 06/30  12:45:00,35.506945128884816,34.493505346306605,45.532506808407305,39.878533227395586,18.0,49.179680828406596,26.032713017131304,27.31380408529867,27.29745195227531,29.760319460640687,28.765722491254394 
 06/30  12:50:00,35.55269805307031,34.613581442646264,45.43556343810034,40.564096834479336,18.0,49.14399270820765,26.051295899929833,27.368030704781518,27.35323369983564,29.764209996324382,28.989257808557625 
 06/30  12:55:00,35.60578491548042,34.73503055003952,45.33966848692423,41.24164293446713,18.0,49.10461263830057,26.069870274378186,27.42259546749051,27.409409648374435,29.76645313550648,29.207009830506422 
 06/30  13:00:00,35.66539483684313,34.85808831637053,45.24276154141329,41.909573897727086,18.0,49.09445619783199,26.088457624369774,27.47749623695711,27.46597944437292,29.76702175341427,29.417932947093732 
 06/30  13:05:00,35.67872102448676,34.91537277030651,45.0567442035799,42.45550742859802,18.0,48.84032860449054,26.10695457988627,27.51447955049582,27.501044441846716,29.735553886617367,29.574127049476033 
 06/30  13:10:00,35.856902913653705,35.126894300425874,44.66415861448347,42.76250174017774,18.0,48.56195149326556,26.145626140607515,27.63143986010084,27.614390067003,29.606669075279342,29.62469337656546 
 06/30  13:15:00,35.909459127166755,35.20626611153491,44.37553779879102,43.12811271102606,18.0,48.285861780285266,26.16658289100474,27.656036865797944,27.63472298283159,29.559910096506826,29.737590784199256 
 06/30  13:20:00,35.93173581809726,35.2498049117085,44.09983615649573,43.47744414198784,18.0,47.94692012629556,26.186931571059684,27.680532782572755,27.658598112809102,29.51220649518109,29.840112305004254 
 06/30  13:25:00,35.93894696700555,35.27380941380053,43.82781231516788,43.80480958235052,18.0,47.61205640007348,26.206443450043444,27.704649715520077,27.678351868917275,29.464021336918506,29.93284737331811 
 06/30  13:30:00,35.93734018125024,35.28529955037548,43.55696338291375,44.10960414701416,18.0,47.24337641709163,26.225055961676325,27.72847981357063,27.699043803536142,29.41541547697011,30.01635203772048 
 06/30  13:35:00,35.95137536975122,35.3090620910706,43.402520185164015,44.55168573504599,18.0,47.07672609167096,26.24339731845605,27.762484874634254,27.73244772643352,29.42468173960134,30.173200992370198 
 06/30  13:40:00,35.96900041334484,35.33355959080461,43.28141389203123,45.034930300405264,18.0,46.923899057268905,26.264246306416293,27.796902305601066,27.76406608223158,29.431975071874717,30.32765893462306 
 06/30  13:45:00,35.988330186233696,35.35725459258952,43.17569037632413,45.54081173415239,18.0,46.768972073177636,26.284721461494726,27.83068541711833,27.794746353902724,29.435885743796234,30.4789960187058 
 06/30  13:50:00,36.008591833074235,35.37966072251872,43.076357129437405,46.060570151479176,18.0,46.65977794680231,26.30520335936337,27.86396463050403,27.824790830257143,29.436307326064707,30.62746723951949 
 06/30  13:55:00,36.02932150559317,35.40055417406546,42.977897328702866,46.588970618800595,18.0,46.547441820445115,26.325571115560006,27.896683987678387,27.854172339386764,29.433081087610333,30.773254930677695 
 06/30  14:00:00,36.050199481181686,35.41981943165248,42.87670779576106,47.122658894580276,18.0,46.45819884446891,26.345874260819823,27.92886276623352,27.882913544194025,29.426161978548805,30.916648127674137 
 06/30  14:05:00,36.07851785834771,35.44640930809208,42.77937607007541,47.67217781410308,18.0,46.37071704124142,26.36601439523789,27.965163038782862,27.91711749478867,29.419522813555886,31.06628848356604 
 06/30  14:10:00,36.10927713789154,35.474552032116996,42.678148458901006,48.22763434819421,18.0,46.295080499418994,26.375848392391703,28.004060021254872,27.953948672840056,29.412946192874074,31.217399855143867 
 06/30  14:15:00,36.1412706079285,35.502979858910464,42.57051237991304,48.786253785077754,18.0,46.21681927156484,26.39447808381755,28.044270527009076,27.992077891794338,29.40490491600798,31.368882529212613 
 06/30  14:20:00,36.1738441335259,35.53106748905742,42.454900551985794,49.34639089761714,18.0,46.143888689164406,26.412904057967584,28.083997046637023,28.029747504040984,29.39324226142105,31.51935567976261 
 06/30  14:25:00,36.20655610216141,35.55842747668842,42.33019298383647,49.906903716539986,18.0,46.068344578498774,26.431386724991192,28.123361377381514,28.06706597249115,29.37846852281831,31.669175111614095 
 06/30  14:30:00,36.23908321309379,35.58480034318103,42.195543077280696,50.46695029878102,18.0,45.99330837359992,26.44985411568159,28.16235294620975,28.104021399529643,29.359541797917814,31.81854469397973 
 06/30  14:35:00,36.08211184523049,35.425749667777076,41.74927478061802,50.48073013473221,18.0,45.45856611804112,26.468243894767426,28.11155176210076,28.055968304429598,29.198851530979027,31.722760726639876 
 06/30  14:40:00,35.857227631135316,35.20145159136684,41.20136373463891,50.308934585518855,18.0,44.84839461798564,26.472794861833084,28.055446816420158,28.002708343926656,29.036230232621392,31.61566534776682 
 06/30  14:45:00,35.34301258432601,34.937692166936735,40.59600534532581,50.642063063943866,18.0,44.24545005635272,26.475166057125765,27.95164705517726,27.94831212402204,28.875672817916666,31.71669113674443 
 06/30  14:50:00,34.963420613039155,34.646791780398736,39.95474999886917,50.47407491871117,18.0,43.51940454258148,26.475811832370457,27.89305369555501,27.893007456845226,28.717735759750383,31.60806617504943 
 06/30  14:55:00,34.598520440455495,34.33608749730819,39.29063424140078,50.15824232495355,18.0,42.802063289760866,26.473755262024202,27.83594767415451,27.836351459464765,28.562279026105784,31.48311745937349 
 06/30  15:00:00,34.23496994166019,34.01023077282804,38.612093480105656,49.7469508513463,18.0,42.02375036328404,26.470272473094592,27.778368433689366,27.77876036528494,28.41006624307545,31.349895247083452 
 06/30  15:05:00,33.65115171786818,33.45321798892634,37.83351771546043,49.74467146015929,18.0,41.13831659930927,26.46507604217885,27.31839925288233,27.318700378882625,27.92378833912983,31.139230144158716 
 06/30  15:10:00,33.01223674608943,32.834492608446276,36.90844454742876,49.19592923991893,18.0,40.19280727981675,26.46185895065171,26.85679997807722,26.857049368376465,27.38154917408508,30.622251290336976 
 06/30  15:15:00,32.329568643384455,32.16767154584389,35.92070503753958,48.47568131076794,18.0,39.24455680240349,26.449791741052362,26.390401644127337,26.39056291774517,26.838665050561588,30.0949008468765 
 06/30  15:20:00,31.61249646838528,31.4634618469571,34.89202951680638,47.63945648416306,18.0,38.23510454555235,26.435995243033336,25.921284273846595,25.92135033756358,26.297611683679406,29.555909687576445 
 06/30  15:25:00,30.86673291252117,30.72843638712925,33.833885664906184,46.70982908148337,18.0,37.22235285870643,26.42000834165863,25.44915020456648,25.449117550970982,25.758644139108355,29.004580976963723 
 06/30  15:30:00,30.0957236962245,29.966604024499677,32.75351250742529,45.69867191915711,18.0,36.16725019421622,26.402211093321153,24.97395211477516,24.97382554431431,25.222308232596106,28.440411259402254 
 06/30  15:35:00,29.562152422002193,29.44109765183553,31.94635163058582,45.17765161126322,18.0,35.47345186532349,26.38245856096394,24.619767949951836,24.619495478867066,24.830328887530356,28.13020614259517 
 06/30  15:40:00,29.105645519345178,28.99183456432182,31.22669821909013,44.79064601697825,18.0,34.82043630907391,26.378010870100518,24.270853251026438,24.270413109884544,24.446189519431925,27.819966425792018 
 06/30  15:45:00,28.67785148324592,28.57060991773095,30.505990607308075,43.750497929665976,18.0,34.16742063519112,26.374364525507925,23.91544863840295,23.91486549707929,24.04157324858693,27.166582570741014 
 06/30  15:50:00,28.285501686633488,28.184270474605658,29.85630082495873,43.221782204267015,18.0,33.60743551579126,26.36287630277436,23.566213171421282,23.565521087147147,23.66884975599271,26.84686365921766 
 06/30  15:55:00,27.913828969274224,27.818137689257355,29.23739476861554,42.8102819042066,18.0,33.04837016550278,26.35961782272601,23.22030980769,23.21957092758373,23.303538270677222,26.525570270045023 
 06/30  16:00:00,27.556493064097328,27.465936176009563,28.63798429097304,42.459278120189765,18.0,32.54470927948643,26.35671068665282,22.875757427463327,22.875034530072696,22.943888176765142,26.2047617389926 
 06/30  16:05:00,27.567098188673413,27.564707993705397,28.478180397643396,42.535830500160905,18.0,32.45542031767425,26.354361958000254,23.11841380976739,23.131933441559113,23.175256913553085,26.471449338215734 
 06/30  16:10:00,27.708804512173966,27.84204790447842,28.494299776797373,42.762897998001456,18.0,32.47533728969152,26.367736980870827,23.38996653886028,23.42854825132588,23.434859117529527,26.76348383416905 
 06/30  16:15:00,27.928824941090237,28.223646797877826,28.612491173640294,43.0814343420516,18.0,32.489307241836734,26.37599661002301,23.65015049865906,23.720933929222667,23.67510121640845,27.04505885126082 
 06/30  16:20:00,28.201520608380314,28.67653872476139,28.799221181701483,43.46259661789848,18.0,32.65382521284166,26.385337700022532,23.897742879429302,24.017489811970222,23.932168751655013,27.32663558185311 
 06/30  16:25:00,28.507588847487973,29.128127279346963,29.030471110643933,43.184388036663755,18.0,32.815507996513794,26.39552420999975,24.15953866655275,24.290756428765462,24.167159847097082,27.25763406710871 
 06/30  16:30:00,28.833491250561707,29.633253695974766,29.28964595589493,43.34934499886292,18.0,33.07142073616179,26.398552292836513,24.396283143702362,24.582600509772533,24.413310952261043,27.521007287134125 
 06/30  16:35:00,28.995702286326015,29.94858306123611,29.386957998007954,43.17259112043965,18.0,32.99369595685345,26.408387381914842,24.54758802157062,24.759747340899366,24.54852177990665,27.543151057020623 
 06/30  16:40:00,29.08251132127105,30.19167163312891,29.43139171854827,42.882422968790884,18.0,32.9043027134806,26.4068278414217,24.68346642430629,24.934557693392094,24.683307671053058,27.57004499900893 
 06/30  16:45:00,29.12775391164451,30.382795557787926,29.443898382900223,42.511321516050124,18.0,32.808780096539365,26.402862703481635,24.81360386146912,25.10080637355486,24.813602060378116,27.56570910504456 
 06/30  16:50:00,29.143627282425037,30.529439642934747,29.43339905433251,42.07197415918087,18.0,32.62676631138322,26.39765468326265,24.937964709422204,25.256215535229614,24.938304947098572,27.553363820330276 
 06/30  16:55:00,29.136624716644985,30.634763803786946,29.404631521143074,41.570843186928045,18.0,32.43706994573739,26.39088233851444,25.055739800713013,25.39879349879675,25.05642208757388,27.52576032739097 
 06/30  17:00:00,29.11040634140882,30.69965057787423,29.36012059796013,41.011177924614564,18.0,32.1813288069749,26.382866775622592,25.166223642561704,25.526925848917642,25.16721008842012,27.481452744896956 
 06/30  17:05:00,28.944651454956958,30.586383032120132,29.177320591060283,40.20175286266625,18.0,31.784544683039492,26.373476386582528,25.071315650863312,25.43790032077527,25.0725280788198,27.190765706717116 
 06/30  17:10:00,28.71950185106409,30.38390003898892,28.936931701960834,39.28097371515711,18.0,31.3168319757616,26.314524698797584,24.974868852747363,25.340546095763784,24.976252058233115,26.895031921799614 
 06/30  17:15:00,28.45457078996096,30.11260032414928,28.658351269187598,38.2791059095387,18.0,30.85407396098776,26.293230263389265,24.884676528057412,25.241411612801983,24.88617369963231,26.599585650632434 
 06/30  17:20:00,28.159875853713512,29.782394552817802,28.35137360567052,37.21159385461555,18.0,30.31331004411712,26.27103590229228,24.792350684672954,25.131508063464935,24.79384635620147,26.296692904057977 
 06/30  17:25:00,27.84155785543791,29.399040316860603,28.021949343983536,36.08810996081462,18.0,29.7769820319072,26.248632875308015,24.698407132923535,25.011082454927305,24.699792803574155,25.985078026330257 
 06/30  17:30:00,27.470103007822658,28.811974371716094,27.640433443162816,34.408406613487884,18.0,29.191473109153492,26.225737411429517,24.58398408358994,24.79394382406076,24.585153991370248,25.393890692268315 
 06/30  17:35:00,27.226794628064077,28.477221801909543,27.387869235816545,33.45065055535337,18.0,28.822020956827625,26.194471805816193,24.55196700560157,24.763941154278314,24.55319769225696,25.313690513696315 
 06/30  17:40:00,27.025521400891346,28.21233827603397,27.177973550579924,32.69491125520719,18.0,28.467185272898412,26.17844370841003,24.526120799852606,24.736250530416214,24.527359909921472,25.2330268851764 
 06/30  17:45:00,26.848623222879088,27.983520907327378,26.993029415078507,32.050855865984886,18.0,28.11249334570753,26.163423046848635,24.50064181118279,24.706431438674258,24.501841894732706,25.152135771800886 
 06/30  17:50:00,26.687877790147336,27.775722304305138,26.82476116387544,31.478581809305208,18.0,27.818583313491864,26.149266613760425,24.475562839948623,24.674556262049123,24.476667725117977,25.071272917094916 
 06/30  17:55:00,26.538323790088633,27.579990425780284,26.668160950700738,30.954674561771384,18.0,27.52481465595635,26.13588963811507,24.450838073482146,24.640737648422714,24.45180390152956,24.9906280657259 
 06/30  18:00:00,26.397913725984722,27.388152984689206,26.521140025039436,30.454911223585228,18.0,27.272017821143027,26.12299107921589,24.426956478957152,24.60361923187395,24.427740624228363,24.905069235863152 
 06/30  18:05:00,26.105541674165817,27.01751166906794,26.22058772203906,29.752141598940117,18.0,26.78619279837913,26.11081023497148,24.10978581781069,24.257642069753615,24.11033036399698,24.504865291518627 
 06/30  18:10:00,25.75532902534091,26.57529887427872,25.862193499296033,28.987297567696732,18.0,26.282612589243822,25.970869091368677,23.80826146919702,23.940589990562103,23.80855599854158,24.14149515040424 
 06/30  18:15:00,25.370776418424615,26.08937610163028,25.469774062773336,28.195287126145413,18.0,25.78847269485278,25.936107024077348,23.51464464676701,23.62461006164085,23.514768631513846,23.78329956835273 
 06/30  18:20:00,24.945388762392277,25.481543355655887,25.036966873095814,27.187274403081556,18.0,25.244260725481038,25.90247654852315,23.213729637465633,23.261145136065124,23.213652831006925,23.324789075253875 
 06/30  18:25:00,24.51825800580594,24.915414895230963,24.60290971367688,26.321745235763565,18.0,24.71243341089684,25.867688662910666,22.919109148286168,22.941297517830606,22.91883797180509,22.976914144066825 
 06/30  18:30:00,24.08538544834082,24.35406552845313,24.16360934036152,25.502984578242266,18.0,24.165861232557,25.837735684903436,22.621224691718908,22.617119880372286,22.620777664890625,22.628373636405286 
 06/30  18:35:00,23.64939816014153,23.841181748741008,23.721682452387196,24.821550128427905,18.0,23.640350694660146,25.80730113464681,22.32075791506213,22.31270891953818,22.32044464399678,22.327112943395946 
 06/30  18:40:00,23.211386022159164,23.349814947204436,23.278196267446393,24.204731198683856,18.0,23.118403076298634,25.77683477215638,22.016000137831497,22.003453867047654,22.015817044276105,22.02117906162573 
 06/30  18:45:00,22.772445246141444,22.874366436667692,22.834218350717514,23.633618834000313,18.0,22.604725876136378,25.745928581366268,21.710925322521234,21.69341513382426,21.710860214689546,21.714550813737674 
 06/30  18:50:00,22.333381472574466,22.41266320965965,22.390523173618114,23.098722780332757,18.0,22.1032560319478,25.71477795093972,21.404500709667786,21.382004425719856,21.40453450297599,21.40702529248381 
 06/30  18:55:00,21.894764022369824,21.963882821116414,21.947648559025495,22.594513838221648,18.0,21.608593126693144,25.68344796896413,21.096853189723788,21.069680801106927,21.096963660132587,21.09920951587992 
 06/30  19:00:00,21.375411976937226,21.517804522057098,21.50596235152999,22.098456632925352,18.0,21.127100749063203,25.651919893362578,20.71771892246619,20.75218460848231,20.788121130080697,20.78278439850658 
 06/30  19:05:00,21.079374884378414,21.193195736008185,21.155175628819,21.746869705416426,18.0,20.761467986838774,25.61971240299283,20.613752733709475,20.59675307705379,20.618673634753804,20.629579369926887 
 06/30  19:10:00,20.771901678290472,20.906097939125072,20.833608028025974,21.44134166537744,18.0,20.41366854519308,25.581739290216856,20.446519846743058,20.43898844058208,20.446942827026078,20.47373733514752 
 06/30  19:15:00,20.47310425495683,20.63654273659183,20.527150159387787,21.15719282891756,18.0,20.056189698891107,25.547301562683963,20.27577870810228,20.28021169154431,20.27516917925317,20.315976495451196 
 06/30  19:20:00,20.1802384821607,20.37212848171425,20.22911007403696,20.877834084601407,18.0,19.72002361260018,25.51347480763253,20.104235883373008,20.11856933705411,20.10315256256854,20.153519629469088 
 06/30  19:25:00,19.895321055899593,20.138208336831294,19.940419110300436,20.643664872183837,18.0,19.374271490435262,25.480019781619088,19.934886526589196,19.969126278061708,19.933446012569675,20.00950889059061 
 06/30  19:30:00,19.505539160260703,19.63059912408929,19.54776427263517,20.040662640820198,18.0,18.91281959322996,25.447862716369052,19.69983414942476,19.680940332070236,19.70045524599061,19.679973198512243 
 06/30  19:35:00,19.21413848070883,19.306497747853598,19.254095424947522,19.678329778604567,18.0,18.609138971786912,25.405927257488916,19.539788057107558,19.526035923169445,19.5405122200267,19.52447190196642 
 06/30  19:40:00,18.94930720898527,19.024710121690763,18.98741069643492,19.37167288564046,18.0,18.27511826549454,25.373247180910884,19.382915300183925,19.37478524126277,19.383707319633118,19.373085888154833 
 06/30  19:45:00,18.69756698832064,18.762022749169805,18.734129677877306,19.09099528242897,18.0,17.929031777910097,25.341007199825707,19.225929587227085,19.223344468619644,19.22678873097891,19.221573175797573 
 06/30  19:50:00,18.45287148169182,18.5090964544399,18.488141428515988,18.824622646243945,18.0,17.585923062371084,25.309323180812594,19.068878227312723,19.07162542729111,19.069808071112334,19.06978672094033 
 06/30  19:55:00,18.21141450314902,18.260379976123723,18.24558625204645,18.565784010499655,18.0,17.22872848003204,25.27809648220201,18.911777671313416,18.919578620223206,18.91278249773734,18.917667628521087 
 06/30  20:00:00,17.970514920279392,18.012104036211003,18.00372590161862,18.30995976055516,18.0,16.85413577888033,25.24719076570944,18.754629110883343,18.767127822757402,18.75571372498291,18.76513796166057 
 06/30  20:05:00,17.8099042390858,17.84394449491328,17.841671425183392,18.12899957345352,18.0,16.629353628719596,25.21656376352971,18.69934502045504,18.710864577692462,18.70048285329767,18.708864087246525 
 06/30  20:10:00,17.68404363640857,17.711385090440103,17.714303124390433,17.982387723825724,18.0,16.429784833213343,25.124564843503105,18.659731013779265,18.6700385879862,18.66085310998585,18.668094848557757 
 06/30  20:15:00,17.581203317658993,17.602738545456788,17.60995351371565,17.859612127389163,18.0,16.23133489808987,25.070701183711886,18.632255712741085,18.64160572213177,18.633414164906696,18.639665981377732 
 06/30  20:20:00,17.495121775104096,17.511690287770637,17.52239211451414,17.75470944628701,18.0,16.085596802807995,25.019612492562672,18.60638682616883,18.614851474789077,18.607569620015738,18.612926683540536 
 06/30  20:25:00,17.42168222767755,17.434043223242828,17.44751926347031,17.663669209203235,18.0,15.940729582633034,24.97192277326745,18.582103972049026,18.589760829344755,18.583310992308043,18.58784952538565 
 06/30  20:30:00,17.358011759254378,17.366839388158585,17.382471334544938,17.583630635602084,18.0,15.831727514460962,24.926830887417424,18.55900286229553,18.565919026353868,18.56023306929967,18.56402061076699 
 06/30  20:35:00,17.302040295377136,17.30792818382039,17.325182882668148,17.512488337477638,18.0,15.72339394119771,24.883916139626614,18.536875985345773,18.543112344107726,18.538128661338874,18.541225899065694 
 06/30  20:40:00,17.25224033506292,17.255709613995673,17.27412818478657,17.44865671524844,18.0,15.640547321111631,24.842678022687696,18.51546731318058,18.521077752177575,18.516741171637193,18.519202973783877 
 06/30  20:45:00,17.20746262639817,17.2089708216908,17.228157998076263,17.39091888436509,18.0,15.55821531253978,24.802946841126275,18.494717108564657,18.499753348500235,18.496011469737937,18.497889367827042 
 06/30  20:50:00,17.166828146834654,17.166777740939636,17.186392209876335,17.33832579928506,18.0,15.494374739779342,24.76437691445655,18.474453573352207,18.478962879907954,18.475767180808816,18.47710947220719 
 06/30  20:55:00,17.12965488192492,17.1284010584333,17.148147040889796,17.290126822786128,18.0,15.430932363731396,24.72690826351171,18.454673009372982,18.45870200212687,18.456005200793015,18.456858403102103 
 06/30  21:00:00,17.095406920789458,17.093264342157703,17.112884414486466,17.245720738563207,18.0,15.381118934234891,24.690297751447496,18.435255698534263,18.438848014794075,18.436605308805838,18.4370140340626 
 06/30  21:05:00,17.04387410966942,17.04066385855051,17.060410124469442,17.184593768538857,18.0,15.294910855082328,24.654533053164066,18.379535081776794,18.38265142657565,18.380903768776648,18.380821928637033 
 06/30  21:10:00,16.986438945490654,16.982148304121015,17.00209017338235,17.118104599249442,18.0,15.210288047602338,24.615297698393366,18.374213460187775,18.377502239192722,18.375598622043185,18.375688183320335 
 06/30  21:15:00,16.925711882085267,16.920359374252207,16.940529366752592,17.048830759206187,18.0,15.125723009440634,24.687313611666998,18.371413534548992,18.374967670800686,18.37286438918278,18.373103820494407 
 06/30  21:20:00,16.862960416099547,16.856578489833623,16.876991231176042,16.978009751115906,18.0,15.034905902918998,24.752013262217165,18.363109548591524,18.366866842914646,18.364573388272333,18.36500598309499 
 06/30  21:25:00,16.798956394543104,16.791585899919696,16.81224436176126,16.906386715725688,18.0,14.94414564928665,24.805131576542387,18.348211890612447,18.3520701682487,18.349687347096506,18.35021166022159 
 06/30  21:30:00,16.734200465090634,16.725887522799805,16.746786605629868,16.834437995595053,18.0,14.85009482592356,24.848038109211657,18.264696819989013,18.267894503836658,18.266190321675026,18.26602491058759 
 06/30  21:35:00,16.66902907740068,16.65982302095071,16.68095193609779,16.7624775869025,18.0,14.756105860660789,24.773955959687797,18.173744633948672,18.176138306413975,18.175212770824373,18.174313658621315 
 06/30  21:40:00,16.603675267427956,16.59362724448922,16.61497116446655,16.690717630498366,18.0,14.660381316700576,24.701064701850605,18.094218984669055,18.09597769707159,18.09570604878411,18.09415198271597 
 06/30  21:45:00,16.5383043867543,16.52746639089297,16.54900761729127,16.61930392716388,18.0,14.56472112335496,24.63284399083231,18.021008770865876,18.02221892444726,18.022516746534222,18.020389048565903 
 06/30  21:50:00,16.473034736379635,16.461458914604606,16.483177721919102,16.54833633621196,18.0,14.46823908601094,24.57203091584761,17.952947954727847,17.953691701755133,17.954491433579506,17.951851589320086 
 06/30  21:55:00,16.407949375417058,16.395687512111355,16.41756277257604,16.477880349264602,18.0,14.371822639173542,24.516158589693617,17.88831626639916,17.888638150712836,17.88986398025429,17.88680363339006 
 06/30  22:00:00,16.343103489678324,16.330206613324265,16.352216270396386,16.407974292672595,18.0,14.275139020696795,24.464985567202916,17.82626048090549,17.82622271057363,17.82782831291655,17.82438318578727 
 06/30  22:05:00,16.292974404618057,16.279736484449604,16.301612166384974,16.353301500096165,18.0,14.210149095824857,24.41733076399642,17.768776582907435,17.768520783658346,17.77036347264948,17.766677103753636 
 06/30  22:10:00,16.24893382224989,16.23552887624806,16.25712213883692,16.305117384216512,18.0,14.15244095274676,24.318065480029283,17.719736743123576,17.719309441629093,17.72130944850653,17.717493758505043 
 06/30  22:15:00,16.20886466221209,16.195429279607282,16.21662787336884,16.26125719303754,18.0,14.094806263182251,24.249721245402583,17.680979011663112,17.680527935646182,17.6825773411652,17.678699573882113 
 06/30  22:20:00,16.171666224133357,16.158312857361075,16.179027366550397,16.220584801981712,18.0,14.049204499790388,24.186634999366262,17.6446814150961,17.644234672023515,17.646296949812154,17.64240140202594 
 06/30  22:25:00,16.136626464966458,16.12344927379538,16.14360730042193,16.18235868902308,18.0,14.003649647668619,24.12785610598752,17.610288811865303,17.60987235348773,17.611920479556943,17.608034568809273 
 06/30  22:30:00,16.1032532418173,16.090332013350128,16.109874312322425,16.146061559981497,18.0,13.966100684645923,24.072628566531513,17.617782952988478,17.61772034432431,17.61941730788351,17.615892695075672 
 06/30  22:35:00,16.07119337676873,16.058596412007716,16.07747407036091,16.111318503757612,18.0,13.928580298102531,24.123047216218588,17.637518137498205,17.6379378908357,17.639207730662463,17.63606368530793 
 06/30  22:40:00,16.040186354243847,16.027972660089773,16.04614497377965,16.077850037116722,18.0,13.896650676338634,24.16084403017042,17.646175345101142,17.646919833683455,17.647871640324297,17.64504670292115 
 06/30  22:45:00,16.01003639470301,15.998257380442853,16.015690226697014,16.045443687693336,18.0,13.864736405020691,24.19038216556172,17.64890296634519,17.64990416542406,17.65060592743555,17.64803136554042 
 06/30  22:50:00,15.980595392963748,15.969296204943646,15.985960776232197,16.013936562410024,18.0,13.836830798556576,24.211996160461073,17.650630288740103,17.65185927591631,17.65233580057884,17.649990982635757 
 06/30  22:55:00,15.951752092770167,15.940972678241947,15.956844486436905,15.983204236723891,18.0,13.808930861802377,24.228719002462093,17.646250135395576,17.647606905628948,17.647959761049492,17.645740549974903 
 06/30  23:00:00,15.9185862752537,15.913200309548,15.928258397898492,15.953152782581473,18.0,13.783966893460013,24.240985084558634,17.637921903294057,17.639586835170235,17.639836543449178,17.63772335926859 
 06/30  23:05:00,15.893184881885132,15.885295545307883,15.89970890513311,15.92310437066754,18.0,13.75657405573634,24.24978164779379,17.623521740083333,17.625049965483754,17.62525755967198,17.623188012347555 
 06/30  23:10:00,15.865827222223523,15.85758409579367,15.871413116165334,15.893369213588189,18.0,13.7308352132015,24.246551049081948,17.609175202805318,17.610758665779656,17.610901647115895,17.60889998195364 
 06/30  23:15:00,15.8383988742655,15.830124119795562,15.84340394736615,15.86399711626149,18.0,13.705096599010616,24.247655863497,17.594122970325884,17.595758896103575,17.59584706262035,17.593904834103512 
 06/30  23:20:00,15.81112309873876,15.802938281154612,15.815691610511134,15.835003886432466,18.0,13.68015626916617,24.245987772523183,17.578045435074046,17.579724734073466,17.579768469655903,17.577876459753668 
 06/30  23:25:00,15.784061306977303,15.776037476599669,15.788279338776432,15.806394330409534,18.0,13.655214954029606,24.242733824306875,17.561280662032573,17.56299881229279,17.563003940980877,17.561155908330477 
 06/30  23:30:00,15.757240962281317,15.749425768443379,15.76116619503979,15.77816692822932,18.0,13.631025122552222,24.23777009462123,17.543860029676352,17.545611171629503,17.545583951960396,17.54377343099327 
 06/30  23:35:00,15.730674599325178,15.723102388865236,15.734348063845566,15.7503156956476,18.0,13.606833436774803,24.23184432074367,17.525992951616445,17.52777322876352,17.52771807628801,17.525939992153837 
 06/30  23:40:00,15.704366011987075,15.697062918674781,15.70781825036955,15.72283128520322,18.0,13.58331884055916,24.224929649137867,17.50772515120508,17.50953038182837,17.509451753061228,17.507701172256247 
 06/30  23:45:00,15.678313348552807,15.67130013938941,15.681567977192119,15.695701801541958,18.0,13.559801591054157,24.2170784088183,17.48907272514583,17.490898620514656,17.490800747379126,17.489073258802364 
 06/30  23:50:00,15.652510956953073,15.645804716877494,15.655586841142048,15.668913471196399,18.0,13.536890536057696,24.208443278975626,17.470120035181026,17.47196329665178,17.471849689599196,17.47014132529705 
 06/30  23:55:00,15.626950599386369,15.620565772229654,15.629863234870895,15.642451209727295,18.0,13.513976108375475,24.19906062154976,17.45087640691571,17.452733473608532,17.452607616652358,17.450914731747957 
 06/30  24:00:00,15.601622305281692,15.595571361187003,15.60438472552395,15.61629909987178,18.0,13.491605070500137,24.189051974193642,17.431404917284397,17.433272964082562,17.433137838470884,17.43145706458415 
